0.166666666666666666666666666666666666666666666666666666666666666666666666666666666666666666666666666666666666666666666666666666666666666666666666666666666666666666666666666666666666666666666666666666666666666666666666666666666666666666666666666666666666666666666666666666666666666666666666666666666667
-0.0333333333333333333333333333333333333333333333333333333333333333333333333333333333333333333333333333333333333333333333333333333333333333333333333333333333333333333333333333333333333333333333333333333333333333333333333333333333333333333333333333333333333333333333333333333333333333333333333333333333333
0.0238095238095238095238095238095238095238095238095238095238095238095238095238095238095238095238095238095238095238095238095238095238095238095238095238095238095238095238095238095238095238095238095238095238095238095238095238095238095238095238095238095238095238095238095238095238095238095238095238095238095
-0.0333333333333333333333333333333333333333333333333333333333333333333333333333333333333333333333333333333333333333333333333333333333333333333333333333333333333333333333333333333333333333333333333333333333333333333333333333333333333333333333333333333333333333333333333333333333333333333333333333333333333
0.0757575757575757575757575757575757575757575757575757575757575757575757575757575757575757575757575757575757575757575757575757575757575757575757575757575757575757575757575757575757575757575757575757575757575757575757575757575757575757575757575757575757575757575757575757575757575757575757575757575757576
-0.253113553113553113553113553113553113553113553113553113553113553113553113553113553113553113553113553113553113553113553113553113553113553113553113553113553113553113553113553113553113553113553113553113553113553113553113553113553113553113553113553113553113553113553113553113553113553113553113553113553114
1.16666666666666666666666666666666666666666666666666666666666666666666666666666666666666666666666666666666666666666666666666666666666666666666666666666666666666666666666666666666666666666666666666666666666666666666666666666666666666666666666666666666666666666666666666666666666666666666666666666666667
-7.09215686274509803921568627450980392156862745098039215686274509803921568627450980392156862745098039215686274509803921568627450980392156862745098039215686274509803921568627450980392156862745098039215686274509803921568627450980392156862745098039215686274509803921568627450980392156862745098039215686275
54.9711779448621553884711779448621553884711779448621553884711779448621553884711779448621553884711779448621553884711779448621553884711779448621553884711779448621553884711779448621553884711779448621553884711779448621553884711779448621553884711779448621553884711779448621553884711779448621553884711779449
-529.124242424242424242424242424242424242424242424242424242424242424242424242424242424242424242424242424242424242424242424242424242424242424242424242424242424242424242424242424242424242424242424242424242424242424242424242424242424242424242424242424242424242424242424242424242424242424242424242424242424
6192.12318840579710144927536231884057971014492753623188405797101449275362318840579710144927536231884057971014492753623188405797101449275362318840579710144927536231884057971014492753623188405797101449275362318840579710144927536231884057971014492753623188405797101449275362318840579710144927536231884058
-86580.2531135531135531135531135531135531135531135531135531135531135531135531135531135531135531135531135531135531135531135531135531135531135531135531135531135531135531135531135531135531135531135531135531135531135531135531135531135531135531135531135531135531135531135531135531135531135531135531135531136
1425517.16666666666666666666666666666666666666666666666666666666666666666666666666666666666666666666666666666666666666666666666666666666666666666666666666666666666666666666666666666666666666666666666666666666666666666666666666666666666666666666666666666666666666666666666666666666666666666666666666667
-27298231.0678160919540229885057471264367816091954022988505747126436781609195402298850574712643678160919540229885057471264367816091954022988505747126436781609195402298850574712643678160919540229885057471264367816091954022988505747126436781609195402298850574712643678160919540229885057471264367816091954
601580873.900642368384303868174835916771400642368384303868174835916771400642368384303868174835916771400642368384303868174835916771400642368384303868174835916771400642368384303868174835916771400642368384303868174835916771400642368384303868174835916771400642368384303868174835916771400642368384303868175
-15116315767.0921568627450980392156862745098039215686274509803921568627450980392156862745098039215686274509803921568627450980392156862745098039215686274509803921568627450980392156862745098039215686274509803921568627450980392156862745098039215686274509803921568627450980392156862745098039215686274509804
429614643061.166666666666666666666666666666666666666666666666666666666666666666666666666666666666666666666666666666666666666666666666666666666666666666666666666666666666666666666666666666666666666666666666666666666666666666666666666666666666666666666666666666666666666666666666666666666666666666666667
-13711655205088.3327721590879485616327721590879485616327721590879485616327721590879485616327721590879485616327721590879485616327721590879485616327721590879485616327721590879485616327721590879485616327721590879485616327721590879485616327721590879485616327721590879485616327721590879485616327721590879486
488332318973593.166666666666666666666666666666666666666666666666666666666666666666666666666666666666666666666666666666666666666666666666666666666666666666666666666666666666666666666666666666666666666666666666666666666666666666666666666666666666666666666666666666666666666666666666666666666666666666667
-19296579341940068.1486326681448632668144863266814486326681448632668144863266814486326681448632668144863266814486326681448632668144863266814486326681448632668144863266814486326681448632668144863266814486326681448632668144863266814486326681448632668144863266814486326681448632668144863266814486326681449
841693047573682615.000553709856035437430786267995570321151716500553709856035437430786267995570321151716500553709856035437430786267995570321151716500553709856035437430786267995570321151716500553709856035437430786267995570321151716500553709856035437430786267995570321151716500553709856035437430786267996
-40338071854059455413.0768115942028985507246376811594202898550724637681159420289855072463768115942028985507246376811594202898550724637681159420289855072463768115942028985507246376811594202898550724637681159420289855072463768115942028985507246376811594202898550724637681159420289855072463768115942028986
2115074863808199160560.14539007092198581560283687943262411347517730496453900709219858156028368794326241134751773049645390070921985815602836879432624113475177304964539007092198581560283687943262411347517730496453900709219858156028368794326241134751773049645390070921985815602836879432624113475177304965
-120866265222965259346027.311937082525317819435466494290023701788407670760611937082525317819435466494290023701788407670760611937082525317819435466494290023701788407670760611937082525317819435466494290023701788407670760611937082525317819435466494290023701788407670760611937082525317819435466494290023702
7500866746076964366855720.07575757575757575757575757575757575757575757575757575757575757575757575757575757575757575757575757575757575757575757575757575757575757575757575757575757575757575757575757575757575757575757575757575757575757575757575757575757575757575757575757575757575757575757575757575757576
-503877810148106891413789303.052201257861635220125786163522012578616352201257861635220125786163522012578616352201257861635220125786163522012578616352201257861635220125786163522012578616352201257861635220125786163522012578616352201257861635220125786163522012578616352201257861635220125786163522012578616
36528776484818123335110430842.9711779448621553884711779448621553884711779448621553884711779448621553884711779448621553884711779448621553884711779448621553884711779448621553884711779448621553884711779448621553884711779448621553884711779448621553884711779448621553884711779448621553884711779448621553885
-2849876930245088222626914643291.06781609195402298850574712643678160919540229885057471264367816091954022988505747126436781609195402298850574712643678160919540229885057471264367816091954022988505747126436781609195402298850574712643678160919540229885057471264367816091954022988505747126436781609195402299
238654274996836276446459819192192.149717514124293785310734463276836158192090395480225988700564971751412429378531073446327683615819209039548022598870056497175141242937853107344632768361581920903954802259887005649717514124293785310734463276836158192090395480225988700564971751412429378531073446327683616
-21399949257225333665810744765191097.3926741511617238745742183076926598872659158222352299560126106926741511617238745742183076926598872659158222352299560126106926741511617238745742183076926598872659158222352299560126106926741511617238745742183076926598872659158222352299560126106926741511617238745742183
2050097572347809756992173309567231025.16666666666666666666666666666666666666666666666666666666666666666666666666666666666666666666666666666666666666666666666666666666666666666666666666666666666666666666666666666666666666666666666666666666666666666666666666666666666666666666666666666666666666666666667
-209380059113463784090951852900279701847.092156862745098039215686274509803921568627450980392156862745098039215686274509803921568627450980392156862745098039215686274509803921568627450980392156862745098039215686274509803921568627450980392156862745098039215686274509803921568627450980392156862745098039216
22752696488463515559649260352769264581469.9654058898056302339235499521028398380766972590463829918729334692994654058898056302339235499521028398380766972590463829918729334692994654058898056302339235499521028398380766972590463829918729334692994654058898056302339235499521028398380766972590463829918729335
-2625771028623957604730304973615820208144900.03333333333333333333333333333333333333333333333333333333333333333333333333333333333333333333333333333333333333333333333333333333333333333333333333333333333333333333333333333333333333333333333333333333333333333333333333333333333333333333333333333333333333333
321250821027180325182047923042649852435219411.061673068715322236448997012377294067434912505335040546308151941954758856167306871532223644899701237729406743491250533504054630815194195475885616730687153222364489970123772940674349125053350405463081519419547588561673068715322236448997012377294067434912505
-41598278166794710913917074495262358936689603011.3464707892249348630026351727865786986190735289509622602629091453893184246464707892249348630026351727865786986190735289509622602629091453893184246464707892249348630026351727865786986190735289509622602629091453893184246464707892249348630026351727865786986
5692069548203528002388345621912105864448051297181.16666666666666666666666666666666666666666666666666666666666666666666666666666666666666666666666666666666666666666666666666666666666666666666666666666666666666666666666666666666666666666666666666666666666666666666666666666666666666666666666666666666667
-821836294197845756922906534686173330145508927628860.033333333333333333333333333333333333333333333333333333333333333333333333333333333333333333333333333333333333333333333333333333333333333333333333333333333333333333333333333333333333333333333333333333333333333333333333333333333333333333333333333333333
125029043271669930167323398297028955241771963644484775.011151295961422543701024713682941531042796865581675708257986738999397227245328511151295961422543701024713682941531042796865581675708257986738999397227245328511151295961422543701024713682941531042796865581675708257986738999397227245328511151295961
-20015583233248370274925329198813298768724220132825915915.2074561975566279726968392678579192209034389809138733098560932133385504978044432850745619755662797269683926785791922090343898091387330985609321333855049780444328507456197556627972696839267857919220903438980913873309856093213338550497804443285075
3367498291536437423339667690333875301621959894719384367232.15461847389558232931726907630522088353413654618473895582329317269076305220883534136546184738955823293172690763052208835341365461847389558232931726907630522088353413654618473895582329317269076305220883534136546184738955823293172690763052208835
-594709705031354477186604968440515408405790715651069049904704.310852125687731140818550602030954877787275541886608446351830473723015824058326063137610852125687731140818550602030954877787275541886608446351830473723015824058326063137610852125687731140818550602030954877787275541886608446351830473723015824
110119103236279775595641307904376916046305114442231488626999497.166666666666666666666666666666666666666666666666666666666666666666666666666666666666666666666666666666666666666666666666666666666666666666666666666666666666666666666666666666666666666666666666666666666666666666666666666666666666666666667
-21355259545253501188658385019041065678973298739163469211804590304.0880475492590783260055365575639146718775443738804754925907832600553655756391467187754437388047549259078326005536557563914671877544373880475492590783260055365575639146718775443738804754925907832600553655756391467187754437388047549259078
4332889698664119241961661305937920621845136851180910914498655788032.84801078943693544712220433782403222131575272492080641486413982169499996325123659588854835034801078943693544712220433782403222131575272492080641486413982169499996325123659588854835034801078943693544712220433782403222131575272492080641
-918855282416693282262005552155018971389603889162719959591004487113437.054609929078014184397163120567375886524822695035460992907801418439716312056737588652482269503546099290780141843971631205673758865248226950354609929078014184397163120567375886524822695035460992907801418439716312056737588652482269504
203468967763290744934550279902200200659751402533782770239369184214108241.166666666666666666666666666666666666666666666666666666666666666666666666666666666666666666666666666666666666666666666666666666666666666666666666666666666666666666666666666666666666666666666666666666666666666666666666666666666667
-47003833958035731078575255535006060654596737369759057915139763564120483354.3222463608758332833529922674858999904482014851936016278041748023555179407210941474131286138563276222463608758332833529922674858999904482014851936016278041748023555179407210941474131286138563276222463608758332833529922674859000
11318043445484249270675186257733934267890365954750747918178993541665491176373.1666666666666666666666666666666666666666666666666666666666666666666666666666666666666666666666666666666666666666666666666666666666666666666666666666666666666666666666666666666666666666666666666666666666666666666666666666667
-2838224957069370695926415633648176473828468092801288212822853171446486511107028.13414341434143414341434143414341434143414341434143414341434143414341434143414341434143414341434143414341434143414341434143414341434143414341434143414341434143414341434143414341434143414341434143414341434143414341434143414
740642489796788506297508271409209841768797317880887066731161003487485328441210855.014100785945446139620896902450300508552935737401756819232547387887193712436430883032824780397595931576514100785945446139620896902450300508552935737401756819232547387887193712436430883032824780397595931576514100785945446
-200964548027566044834656196727153631868672708225328766243461301989213565009779698883.052201257861635220125786163522012578616352201257861635220125786163522012578616352201257861635220125786163522012578616352201257861635220125786163522012578616352201257861635220125786163522012578616352201257861635220126
56657170050805941445719346030519356961419468287510420621387564452152460861972277798400.1573208722741433021806853582554517133956386292834890965732087227414330218068535825545171339563862928348909657320872274143302180685358255451713395638629283489096573208722741433021806853582554517133956386292834890966
-16584511154136216915823713374319912301494962614725464727402466815589878137712650743149939.3419464710145540662199281223907008552107538104640953506235978471613430570456161957851962680547905077118017726419464710145540662199281223907008552107538104640953506235978471613430570456161957851962680547905077118
5036885995049237741928942191518015481244237426490321414152565132252831097674298932791785387.03227931488801054018445322793148880105401844532279314888010540184453227931488801054018445322793148880105401844532279314888010540184453227931488801054018445322793148880105401844532279314888010540184453227931489
-1586146823765818636936340157296643878274097841277896388047286451429731136509885006831200945121.13548917888791158819340980212652653371388225720559813794300143005020134388818084450747036684676922340495551287344354891788879115881934098021265265337138822572055981379430014300502013438881808445074703668468
517567436175456269840732406825071225612408492359305508590621669403181082957966515497718776632444.023809523809523809523809523809523809523809523809523809523809523809523809523809523809523809523809523809523809523809523809523809523809523809523809523809523809523809523809523809523809523809523809523809523810
-174889218402171173396900258776181591451414761618265448726273472158762122895238400153326666438279521.050282485875706214689265536723163841807909604519774011299435028248587570621468926553672316384180790960451977401129943502824858757062146892655367231638418079096045197740112994350282485875706214689265537
61160519994952185255824525264264167780767726846783200716843240112735747507634410314895296059086182633.1666666666666666666666666666666666666666666666666666666666666666666666666666666666666666666666666666666666666666666666666666666666666666666666666666666666666666666666666666666666666666666666666666667
-22122776912707834942288323456712932445573185054987780150566552693027736635002572659102528031391154956836.4170643950641628989644622101316842775098182612596201999150497170643950641628989644622101316842775098182612596201999150497170643950641628989644622101316842775098182612596201999150497170643950641629
8272277679877096985422106245998459573120465051843356628384885298858447202350071888172185613016339661427405.16666666666666666666666666666666666666666666666666666666666666666666666666666666666666666666666666666666666666666666666666666666666666666666666666666666666666666666666666666666666666666666666667
-3195892511141570958359163436918081487352627667109911227318450424311953111814531480454398120342282422969820300.03333333333333333333333333333333333333333333333333333333333333333333333333333333333333333333333333333333333333333333333333333333333333333333333333333333333333333333333333333333333333333333333
1275008222338779298231002430292667986695719179638977329516058573538220731833362242193847881912832263475958141508.94004811516063552031516256306394993159514791373232568695130978884677359026572106883212425864147642499399937308937973940527935844004811516063552031516256306394993159514791373232568695130979
-525009230867741338994028246245651754469198940377552432607801345222270181833065745383064045281411494212737075399447.092156862745098039215686274509803921568627450980392156862745098039215686274509803921568627450980392156862745098039215686274509803921568627450980392156862745098039215686274509803921568627
223018178942416252098692981988387281437382721508758785424905507810380363451712245962893177387681457638137258286208931.068123987971316215591024751330094841545223224612537589636826278047652093453620171177423085820032384917881101087207957436965070552856812398797131621559102475133009484154522322461253759
-97684521930955204438633513398980239301166902674985678971000170661895983711329844759158434488299944780185742512315481910.3115171871174466891533731248202370850002258178766939312039896076236115171871174466891533731248202370850002258178766939312039896076236115171871174466891533731248202370850002258178767
44098361978452954272272622874813169191875754265528114735319759140111294265281756787997886065208739058110782439891580698361.1666666666666666666666666666666666666666666666666666666666666666666666666666666666666666666666666666666666666666666666666666666666666666666666666666666666666666666666666666666667
-20508570886464088839729337727583015486456596690400835953087398275481859426430222089186918602388746894815454424764273682977287.0406326034063260340632603406326034063260340632603406326034063260340632603406326034063260340632603406326034063260340632603406326034063260340632603406326034063260340632603406326
9821443327979127710757296960209752104149185799072410705583196274811683181939115856580267855114057414721266530821204999429964677.99533868346052641169738980851792729949778778800667672548890978402688183799464987280692163594352481540603383554554532665660784442354930645149533868346052641169738980851792730
-4841260079820888050878919670996341276113054994232462038511585625800263150652152555217830953721687111431235327279572526224667309229.17280968990536741872341678072615420842715646018220083300219288563144804038441726639881083785891945192576567030185291477180743815032304590342472809689905367418723416780726
2455308880148098260978346740408869039967369503998440446032479832901257676930273851094994364868624711701580582425733759434678897524865.16666666666666666666666666666666666666666666666666666666666666666666666666666666666666666666666666666666666666666666666666666666666666666666666666666666666666666666667
-1280692680408474754878251327860178572181183417119632011809521429908427882645327686944705780380037383050883058628440358894326745245777738.40529431863669956888498811396304928685436764659802108379232091009520077758764725981317015712028223161010811038377941130390343673349738068343607170529431863669956888
686761671046685811921018885984644004360924268134756858995636280005798377113920714142635001436984206381706690580233837164506211947331637477.166666666666666666666666666666666666666666666666666666666666666666666666666666666666666666666666666666666666666666666666666666666666666666666666666666666666666667
-378464685819691046949789954163795568144895492650402997945521404008267980129451551070429864341467838025357177777927557448308266296382227717751.040044742729306487695749440715883668903803131991051454138702460850111856823266219239373601789709172259507829977628635346756152125279642058165548098434004474273
214261012506652915508713231351482720966601526029650951415596348934478293248460575061213006604801160955717270014726431021090606783849241293313384.894019851828012477446359095579347662235933972742347021347234976801308781654861552319360480009913891563111815194703466440274814553814767444333776314122394020
-124567271371836950070196429616376072194582984382964431725616904239413657710949069481888454660417671340411845820630576985094164195281029543793193520.033333333333333333333333333333333333333333333333333333333333333333333333333333333333333333333333333333333333333333333333333333333333333333333333333333333
74345787551000152543679668394052061311780714872902675608643307896745516938455534843831051118279910929314897740934831271860073363976821809404713103508.1231884057971014492753623188405797101449275362318840579710144927536231884057971014492753623188405797101449275362318840579710144927536231884057971014493
-45535795304641704894063333223321274876772114534277160901794185563554661092679704253013898315109171870084423423319549792635298912486331125393726615424111.2910091322415486228562492826007891596101387098391779243490408926646964005545845910091322415486228562492826007891596101387098391779243490408926646964
28612112816858868345363847251017232522918987045671594025083355877551358032893091999867644645062335548288043497378270596646795401420399495875113795593003153.1666666666666666666666666666666666666666666666666666666666666666666666666666666666666666666666666666666666666666666666666666666666666666666666667
-18437723552033869727688202653628785487541402926335260270034458408149393245849484726102903484283419354319667413610910191555877583414761557944288440165302368315.2074561975566279726968392678579192209034389809138733098560932133385504978044432850745619755662797269683926785791922090343898091387330985609321
12181154536221046699501316506599521355817430663167015060351971806696491081805740427482538001277493077712826666777525052789561241031300248584464458144840696728273.9650429755370020142380491105063271676122822393406829958331411350462044682257791718560204191460245706290265541153497240032596829497055522241
-8248218718531412154848184572968934473014189165923150629772438708405761023420321522571857987365839684671957157748515793206805258967279060492406431143486480062730953.04538152610441767068273092369477911646586345381526104417670682730923694779116465863453815261044176706827309236947791164658634538152610442
5722587793783294332965164981429786159186848661232743012547992925452097589473176611480245262184824544007231844921421279120593064575317447752808171781191785101612590640.16067864271457085828343313373253493013972055888223552894211576846307385229540918163672654690618762475049900199600798403193612774451098
-4066853052505910472676796938311586556021957212176430833050002477541050243613769386156817839833911603693482276739187485102293576593840334537731011132660184368170811876204.31085212568773114081855060203095487778727554188660844635183047372301582405832606313761085212568773114081855060203095487778727554189
2959609206464205006287526958158518704263792990166491321441515086474954229161923004055881386914434099583868641966942075453817143597387801102773011362040896332087613030846880.07575757575757575757575757575757575757575757575757575757575757575757575757575757575757575757575757575757575757575757575757575758
-2204952256518945750903117522734459848363785453956150622688874402440325208528888444081188046750154470476510302666979153049749712527963390550202209551679703196071229172550624183.03911368015414258188824662813102119460500963391136801541425818882466281310211946050096339113680154142581888246628131021194605
1681259707288959980583115251513606657544638546482066752238975255882731155495395993071507110288067839984837346914908538300971449496714802051322184598748025681954433048122073989963.00686037126715092816787732041969330104923325262308313155770782889426957223567393058918482647296206618240516545601291364003
-1311673621355695764864528063558171530044312360007082912686129596987085878510507636768715702277406389517093353228985838740819447198664421765085970669286107184742387347060222109905111.14687107867084303188788949874038526011283849152753431612019502476124792858032318936367903292240198473136201231836163874
1046789400947803808218328539298230896438287213885351280532629144896489596562752090744556955976129592312307555413487361911412493881391932414093169410477684445371478649587503940825192832.16108007448789571694599627560521415270018621973929236499068901303538175046554934823091247672253258845437616387337058
-854328935788337077185982546299082774593270107898727019060442429685246974620569963551083486627920700456548943337470919889765654546216941240706306072177774046052406456347565081307079104924.477857619014572361327910062838326053577618627104653028401661563841916775549389533783863361734021010011764644635581
712878213224865423522884066771438224721244689304733715276947169770408609998265918452152635072706453523257827259775876730721498128869948015240588271088555947991935424324338392988217775167785.166666666666666666666666666666666666666666666666666666666666666666666666666666666666666666666666666666666666667
-608029314555358993000847118686477458461988160092698836181181311550128675402492206160304311577645148677051336744015398098922709241642545396553613596139685245930722429453649449302505018633342017.054609929078014184397163120567375886524822695035460992907801418439716312056737588652482269503546099290780142
529967764248499239300942910043247266228489712345603289760635011919038386327202085595542281866365036916065505053824670559525875890896211994543032219718035198560643844587616211673623032227002399940.023809523809523809523809523809523809523809523809523809523809523809523809523809523809523809523809523809524
-471942591687458626443646229013379911103760787757249268380884067657066708691597359649123718738834370055520607521810973682453509387323230602043874687828599467302385753064686229185298119362603979610700.033333333333333333333333333333333333333333333333333333333333333333333333333333333333333333333333333333
429284137914029810894168296541074669045520981012117736327870981182293334484492274213345158457669661328438797939290986171071093376704029317883767874493431975824086108199054440194661591727744769921781651.070521973663334919879422497223544343963192130731397747104553387275900364905600507694748532444867523
-398767449682322074434477655542938795106651478560005423182351631812836582370982439948957051587030336291004292500115644971849548638665124615902544702053411423239568058179865950960866526364814222481410299257.327427708026092350710505220853775638116595267577021316923345786811476489943892074874268510229385
378197804193588827138944181161393327898220238216264722872164458734960902370579449477199959996935302943455958971887316742749208993639529320718684812152514922495051767388606080695754399953560994389634889003541.166666666666666666666666666666666666666666666666666666666666666666666666666666666666666666667
-366142336836811912436858082151197348755196068343029904344422889941174074568185882959826276647287333812450176725368256809219992770773823150701229725802154831738821802610112733870153866719571491588870558284840258.072892234086002683937219207655055720870529202403874205029464962949997082676935643853200303
361760902723728623488554609298914089477541475968819572031634249129851964628551371144863312914358761183479722875560266199064202767417431852451403213909430148601062959657738967139333352545438783530712395150222961683.907749185230121109353330433456978954712507891154290952729849629045564321520591136713691
-364707726451913543621383088655499449048682346861910587376827309036218502061077098613909538979906038749680879817942730412840299537621084437107198005516180654930958621012134647126652378010626301508404512970954087034967.158533658243873167804585336582438731678045853365824387316780458533658243873167804585