0.0833333333333333333333333333333333333333333333333333333333333333333333333333333333333333333333333333333333333333333333333333333333333333333333333333333333333333333333333333333333333333333333333333333333333333333333333333333333333333333333333333333333333333333333333333333333333333333333333333333333333
-0.00833333333333333333333333333333333333333333333333333333333333333333333333333333333333333333333333333333333333333333333333333333333333333333333333333333333333333333333333333333333333333333333333333333333333333333333333333333333333333333333333333333333333333333333333333333333333333333333333333333333333
0.00396825396825396825396825396825396825396825396825396825396825396825396825396825396825396825396825396825396825396825396825396825396825396825396825396825396825396825396825396825396825396825396825396825396825396825396825396825396825396825396825396825396825396825396825396825396825396825396825396825396825
-0.00416666666666666666666666666666666666666666666666666666666666666666666666666666666666666666666666666666666666666666666666666666666666666666666666666666666666666666666666666666666666666666666666666666666666666666666666666666666666666666666666666666666666666666666666666666666666666666666666666666666667
0.00757575757575757575757575757575757575757575757575757575757575757575757575757575757575757575757575757575757575757575757575757575757575757575757575757575757575757575757575757575757575757575757575757575757575757575757575757575757575757575757575757575757575757575757575757575757575757575757575757575757576
-0.0210927960927960927960927960927960927960927960927960927960927960927960927960927960927960927960927960927960927960927960927960927960927960927960927960927960927960927960927960927960927960927960927960927960927960927960927960927960927960927960927960927960927960927960927960927960927960927960927960927960928
0.0833333333333333333333333333333333333333333333333333333333333333333333333333333333333333333333333333333333333333333333333333333333333333333333333333333333333333333333333333333333333333333333333333333333333333333333333333333333333333333333333333333333333333333333333333333333333333333333333333333333333
-0.443259803921568627450980392156862745098039215686274509803921568627450980392156862745098039215686274509803921568627450980392156862745098039215686274509803921568627450980392156862745098039215686274509803921568627450980392156862745098039215686274509803921568627450980392156862745098039215686274509803922
3.05395433027011974380395433027011974380395433027011974380395433027011974380395433027011974380395433027011974380395433027011974380395433027011974380395433027011974380395433027011974380395433027011974380395433027011974380395433027011974380395433027011974380395433027011974380395433027011974380395433027
-26.4562121212121212121212121212121212121212121212121212121212121212121212121212121212121212121212121212121212121212121212121212121212121212121212121212121212121212121212121212121212121212121212121212121212121212121212121212121212121212121212121212121212121212121212121212121212121212121212121212121212
281.460144927536231884057971014492753623188405797101449275362318840579710144927536231884057971014492753623188405797101449275362318840579710144927536231884057971014492753623188405797101449275362318840579710144927536231884057971014492753623188405797101449275362318840579710144927536231884057971014492754
-3607.51054639804639804639804639804639804639804639804639804639804639804639804639804639804639804639804639804639804639804639804639804639804639804639804639804639804639804639804639804639804639804639804639804639804639804639804639804639804639804639804639804639804639804639804639804639804639804639804639804640
54827.5833333333333333333333333333333333333333333333333333333333333333333333333333333333333333333333333333333333333333333333333333333333333333333333333333333333333333333333333333333333333333333333333333333333333333333333333333333333333333333333333333333333333333333333333333333333333333333333333333333
-974936.823850574712643678160919540229885057471264367816091954022988505747126436781609195402298850574712643678160919540229885057471264367816091954022988505747126436781609195402298850574712643678160919540229885057471264367816091954022988505747126436781609195402298850574712643678160919540229885057471264
20052695.7966880789461434622724945305590466880789461434622724945305590466880789461434622724945305590466880789461434622724945305590466880789461434622724945305590466880789461434622724945305590466880789461434622724945305590466880789461434622724945305590466880789461434622724945305590466880789461434622725
-472384867.721629901960784313725490196078431372549019607843137254901960784313725490196078431372549019607843137254901960784313725490196078431372549019607843137254901960784313725490196078431372549019607843137254901960784313725490196078431372549019607843137254901960784313725490196078431372549019607843137
12635724795.9166666666666666666666666666666666666666666666666666666666666666666666666666666666666666666666666666666666666666666666666666666666666666666666666666666666666666666666666666666666666666666666666666666666666666666666666666666666666666666666666666666666666666666666666666666666666666666666667
-380879311252.453688115530220793378688115530220793378688115530220793378688115530220793378688115530220793378688115530220793378688115530220793378688115530220793378688115530220793378688115530220793378688115530220793378688115530220793378688115530220793378688115530220793378688115530220793378688115530220793
12850850499305.0833333333333333333333333333333333333333333333333333333333333333333333333333333333333333333333333333333333333333333333333333333333333333333333333333333333333333333333333333333333333333333333333333333333333333333333333333333333333333333333333333333333333333333333333333333333333333333333
-482414483548501.703715816703621581670362158167036215816703621581670362158167036215816703621581670362158167036215816703621581670362158167036215816703621581670362158167036215816703621581670362158167036215816703621581670362158167036215816703621581670362158167036215816703621581670362158167036215816703622
20040310656516252.7381084216632389389864472920951326266940884881084216632389389864472920951326266940884881084216632389389864472920951326266940884881084216632389389864472920951326266940884881084216632389389864472920951326266940884881084216632389389864472920951326266940884881084216632389389864472920951
-916774360319533077.569927536231884057971014492753623188405797101449275362318840579710144927536231884057971014492753623188405797101449275362318840579710144927536231884057971014492753623188405797101449275362318840579710144927536231884057971014492753623188405797101449275362318840579710144927536231884058
45979888343656503490.4379432624113475177304964539007092198581560283687943262411347517730496453900709219858156028368794326241134751773049645390070921985815602836879432624113475177304964539007092198581560283687943262411347517730496453900709219858156028368794326241134751773049645390070921985815602836879
-2518047192145109569708.90233202255261078790490555196437549378725849314084608202255261078790490555196437549378725849314084608202255261078790490555196437549378725849314084608202255261078790490555196437549378725849314084608202255261078790490555196437549378725849314084608202255261078790490555196437549379
150017334921539287337114.401515151515151515151515151515151515151515151515151515151515151515151515151515151515151515151515151515151515151515151515151515151515151515151515151515151515151515151515151515151515151515151515151515151515151515151515151515151515151515151515151515151515151515151515151515151515
-9689957887463594065649794.28946540880503144654088050314465408805031446540880503144654088050314465408805031446540880503144654088050314465408805031446540880503144654088050314465408805031446540880503144654088050314465408805031446540880503144654088050314465408805031446540880503144654088050314465408805031
676458823792928209909452423.017984776756706581267984776756706581267984776756706581267984776756706581267984776756706581267984776756706581267984776756706581267984776756706581267984776756706581267984776756706581267984776756706581267984776756706581267984776756706581267984776756706581267984776756706581268
-50890659468662289689766332915.9119252873563218390804597701149425287356321839080459770114942528735632183908045977011494252873563218390804597701149425287356321839080459770114942528735632183908045977011494252873563218390804597701149425287356321839080459770114942528735632183908045977011494252873563218391
4114728879255797869766548606761.93361581920903954802259887005649717514124293785310734463276836158192090395480225988700564971751412429378531073446327683615819209039548022598870056497175141242937853107344632768361581920903954802259887005649717514124293785310734463276836158192090395480225988700564971751
-356665820953755561096845746086518.289877902519362064576236971794877664787765263703920499266876844877902519362064576236971794877664787765263703920499266876844877902519362064576236971794877664787765263703920499266876844877902519362064576236971794877664787765263703920499266876844877902519362064576236972
33066089876577576725680214670439210.0833333333333333333333333333333333333333333333333333333333333333333333333333333333333333333333333333333333333333333333333333333333333333333333333333333333333333333333333333333333333333333333333333333333333333333333333333333333333333333333333333333333333333333333333
-3271563423647871626421122701566870341.36081495098039215686274509803921568627450980392156862745098039215686274509803921568627450980392156862745098039215686274509803921568627450980392156862745098039215686274509803921568627450980392156862745098039215686274509803921568627450980392156862745098039215686275
344737825582780538782564550799534311840.454021301360691367180659847759133936940556019076460348361711113171204021301360691367180659847759133936940556019076460348361711113171204021301360691367180659847759133936940556019076460348361711113171204021301360691367180659847759133936940556019076460348361711113
-38614279832705258893092720200232650119777.9416666666666666666666666666666666666666666666666666666666666666666666666666666666666666666666666666666666666666666666666666666666666666666666666666666666666666666666666666666666666666666666666666666666666666666666666666666666666666666666666666666666666666667
4589297443245433216886398900609283606217420.15802390098164746052069995731967562953478446436192915066154502774221084080239009816474605206999573196756295347844643619291506615450277422108408023900981647460520699957319675629534784464361929150661545027742210840802390098164746052069995731967562953478446436
-577753863427704318248848256878643874120688930.713145427628124095319481044066480259703042687902096698059207071463740533675645427628124095319481044066480259703042687902096698059207071463740533675645427628124095319481044066480259703042687902096698059207071463740533675645427628124095319481044066480259703
76919858759507135167410075971785214384433125637.5833333333333333333333333333333333333333333333333333333333333333333333333333333333333333333333333333333333333333333333333333333333333333333333333333333333333333333333333333333333333333333333333333333333333333333333333333333333333333333333333333333333333
-10813635449971654696354033351133859607177749047748.1583333333333333333333333333333333333333333333333333333333333333333333333333333333333333333333333333333333333333333333333333333333333333333333333333333333333333333333333333333333333333333333333333333333333333333333333333333333333333333333333333333333
1602936452200896540606710234577294297971435431339548.39757886276873618645770544504721719911593329314848302190074341973076150291340164757886276873618645770544504721719911593329314848302190074341973076150291340164757886276873618645770544504721719911593329314848302190074341973076150291340164757886276874
-250194790415604628436566614985166234609052751660323948.940093202469457849658710490848223990261292987261423416373201165166731881222555541063432024694578496587104908482239902612929872614234163732011651667318812225555410634320246945784965871049084822399026129298726142341637320116516673188122255554106343
41067052335810212479752045004071650019779998716090053258.9287148594377510040160642570281124497991967871485943775100401606425702811244979919678714859437751004016064257028112449799196787148594377510040160642570281124497991967871485943775100401606425702811244979919678714859437751004016064257028112449799
-7079877440849458061745297243339469147687984710131774403627.43227204911533013262879226907179708187841994692722152912323607706813114076259911979925727204911533013262879226907179708187841994692722152912323607706813114076259911979925727204911533013262879226907179708187841994692722152912323607706813114076
1280454688793950879019084975632289721468664121421296379383715.08333333333333333333333333333333333333333333333333333333333333333333333333333333333333333333333333333333333333333333333333333333333333333333333333333333333333333333333333333333333333333333333333333333333333333333333333333333333333333333333
-242673403923335240780208920670921200897423849308675786497779435.273727813059762253704608369972317212180426640612278130597622537046083699723172121804266406122781305976225370460836997231721218042664061227813059762253704608369972317212180426640612278130597622537046083699723172121804266406122781305976225
48143218874045769355129570065976895798279298346454565716651730978.1427556754381881716346911593091559135701750302768978490540459980188333329250137399543172038927556754381881716346911593091559135701750302768978490540459980188333329250137399543172038927556754381881716346911593091559135701750302768978491
-9987557417572753068065277740815423602060911838725216952076135729493.88102836879432624113475177304964539007092198581560283687943262411347517730496453900709219858156028368794326241134751773049645390070921985815602836879432624113475177304964539007092198581560283687943262411347517730496453900709219858156
2164563486843518563133513615980853198507993643976412449354991321426683.41666666666666666666666666666666666666666666666666666666666666666666666666666666666666666666666666666666666666666666666666666666666666666666666666666666666666666666666666666666666666666666666666666666666666666666666666666666666667
-489623270396205532068492245156313131818716014268323519949372537126255034.940856732925789930034927002786311458233835432137433350289626820857869978549178064035553423061003412731732925789930034927002786311458233835432137433350289626820857869978549178064035553423061003412731732925789930034927002786311458
115490239239635196639542716915652390488677203619905591001826464710872358942.583333333333333333333333333333333333333333333333333333333333333333333333333333333333333333333333333333333333333333333333333333333333333333333333333333333333333333333333333333333333333333333333333333333333333333333333333333333
-28382249570693706959264156336481764738284680928012882128228531714464865111070.2813414341434143414341434143414341434143414341434143414341434143414341434143414341434143414341434143414341434143414341434143414341434143414341434143414341434143414341434143414341434143414341434143414341434143414341434143414
7261200880360671630367728151070684723223503116479284967952558857720444396482459.36288334103868084450608722453382647557404838958237016489443673909693327169055324395130220372938819540761288334103868084450608722453382647557404838958237016489443673909693327169055324395130220372938819540761288334103868084
-1932351423341981200333232660838015691044929886782007367725589442203976586632497104.64473270440251572327044025157232704402515723270440251572327044025157232704402515723270440251572327044025157232704402515723270440251572327044025157232704402515723270440251572327044025157232704402515723270440251572327044
534501604252886240053956094627541103409617625353871892654599664642947743980870545267.926012461059190031152647975077881619937694704049844236760124610591900311526479750778816199376947040498442367601246105919003115264797507788161993769470404984423676012461059190031152647975077881619937694704049844236760
-153560288464224230702071420132591780569397801988198747475948766811017390164006025399536.475388393250134759872406741873987970881581053800593475468737017103345769046718668479492558037544356552887053450388393250134759872406741873987970881581053800593475468737017103345769046718668479492558037544356552887
45789872682265797653899474468345595284038522059002921946841501202298464524311808479925321.7002934483171637321834950293448317163732183495029344831716373218349502934483171637321834950293448317163732183495029344831716373218349502934483171637321834950293448317163732183495029344831716373218349502934483172
-14162025212194809258360179975862891770304445011409789178993629030622599433123973275278579867.1529954390972134963231554446618439869081596630107642690887767984825910834275730432545309854182747252089728170792271745439097213496323155444661843986908159663010764269088776798482591083427573043254530985418275
4540065229609265524918705323026940575547442915432504461321242714062991955771636100857182251161.78968253968253968253968253968253968253968253968253968253968253968253968253968253968253968253968253968253968253968253968253968253968253968253968253968253968253968253968253968253968253968253968253968253968254
-1507665675880785977559484989449841305615644496709184902812702346196225197372744828907988503778271.73319209039548022598870056497175141242937853107344632768361581920903954802259887005649717514124293785310734463276836158192090395480225988700564971751412429378531073446327683615819209039548022598870056497
518309491482645637761224790375120065938709549549010175566468136548608029725715341651655051348187988.416666666666666666666666666666666666666666666666666666666666666666666666666666666666666666666666666666666666666666666666666666666666666666666666666666666666666666666666666666666666666666666666666666667
-184356474272565291185736028805941103713109875458231501254721272441897805291688105492521066928259624640.303475536625534690824703851751097368979248485510496834999292080975536625534690824703851751097368979248485510496834999292080975536625534690824703851751097368979248485510496834999292080975536625534691
67805554753090958896902510213102127648528402064289808429384305728347927888115343345673652565707702142847.5833333333333333333333333333333333333333333333333333333333333333333333333333333333333333333333333333333333333333333333333333333333333333333333333333333333333333333333333333333333333333333333333333
-25773326702754604502896479329984528123811513444434767962245567937999621869472028068180630002760342120724357.2583333333333333333333333333333333333333333333333333333333333333333333333333333333333333333333333333333333333333333333333333333333333333333333333333333333333333333333333333333333333333333333333
10119112875704597605007955795973555449966025235229978805683004551890640728836208271379745094546287805364747154.8328575247234971073040885917703488089809138723312089340234230935622759808751247703875565417352498128967777728022966645984545980828575247234971073040885917703488089809138723312089340234230936
-4101634616154229210890845673794154331790616721699628379748448009548985795570826135805187853761027298537008401558.18040747549019607843137254901960784313725490196078431372549019607843137254901960784313725490196078431372549019607843137254901960784313725490196078431372549019607843137254901960784313725490
1715524453403201939220715246064517549518328626990452195576196213926002795782401892022255210674472751062594294509299.46975479990747166319685403654869303724265556326625028915105250983113578533425861670136479296784640296090677770067083044182280823502197547999074716631968540365486930372426555632662502892
-740034257052690942716920556052880600766415929355952113416667959559818058419165490599685109759848066516558655396329408.411450887781192777948131614581971493068183528923308287357605981875936450887781192777948131614581971493068183528923308287357605981875936450887781192777948131614581971493068183528923308
329092253570544434867706140856814695461759360190508318920296710000830554218520573044760343770214470582916286864862542525.083333333333333333333333333333333333333333333333333333333333333333333333333333333333333333333333333333333333333333333333333333333333333333333333333333333333333333333333333333333333
-150798315341647712056833365643992760929827916841182617302113222613837201664928103596962636782270197755995988417384365316009.463534063260340632603406326034063260340632603406326034063260340632603406326034063260340632603406326034063260340632603406326034063260340632603406326034063260340632603406326034063
71169879188254548628676064929056174667747723181684135547704320831968718709703738091161361268942445034212076310298586952391048.3912705701700038145775173174530284586920129549855556284455718100291803031738742744406298669271269914159857524314894588888159988726344152641412705701700038145775173174530284587
-34580429141577771791992283364259580543664678530231871703654183041430451076086803965841649669440622224508823766282660901604766494.4940914977850383387051672627194725300601939747155871488071585206116532002884601233314200774132779960851840405021560922483700531296451646135958909149778503833870516726271947
17290907606676748316748920707104711549065982422524228493186477696487730119227280641514044823018483885222398467786857460807597869893.4166666666666666666666666666666666666666666666666666666666666666666666666666666666666666666666666666666666666666666666666666666666666666666666666666666666666666666666667
-8893699169503296908876745332362351195702662618886333415343898818808526962814775603782679030416926271186687907141946936766157953095678.73892565499053263589503463968029895338093310865693070197078000632010556095546977263759145942444640438618130632210957924516599608842706514363497272017565499053263589503
4703847061963601451513827986196191810691262110512033280792029315108208062424114480429006859157426071107580072467355049071960355803641352.58333333333333333333333333333333333333333333333333333333333333333333333333333333333333333333333333333333333333333333333333333333333333333333333333333333333333333333
-2557193823106020587498580771376997082060104680070290526658928405461270136009807777502904488793701608279440390391402415191272069570150187282.10162192393736017897091722595078299776286353467561521252796420581655480984340044742729306487695749440715883668903803131991051454138702460850111856823266219239374
1428406750044352770058088209009884806444010173531006342770642326229855288323070500408086710698674406371448466764842873473937378558994941955422.56596013234552008318297572730386231774823955981828231347564823317867539187769907701546240320006609261042074543463135644293516543035876511629555850876081596013
-819521522183137829409187036949842580227519634098450208721163843680353011256243878170318780660642574607972669872569585428251080232112036472323641.579166666666666666666666666666666666666666666666666666666666666666666666666666666666666666666666666666666666666666666666666666666666666666666666666666666667
482764854227273717816101742818519878647926719953913477978203298030815045054906070414487344923895525515031803512563839427662814051797544216913721451.351449275362318840579710144927536231884057971014492753623188405797101449275362318840579710144927536231884057971014492753623188405797101449275362318840580
-291896123747703236500405982200777403056231503424853595524321702330478596747946822134704476378904947885156560405894549952790377644143148239703375739898.149301340591291978351642623606415315125706017370763961053519492901696771798426824301340591291978351642623606415315125706017370763961053519492901696772
181089321625689040160530678803906534955183462314377177373945290364249101474006911391567371171280604736000275299862472130675920262154427189082998706284830.083333333333333333333333333333333333333333333333333333333333333333333333333333333333333333333333333333333333333333333333333333333333333333333333333
-115235772200211685798051266585179909297133768289595376687715365050933707786559279538143146776771370964497921335068188697224234896342259737151802751033139801.970046601234728924829355245424111995130646493630711708186600582583365940611277770531716012347289248293552454241119951306464936307117081866005826
75192311951981769750008126583947662690231053476339599137975134609237599270405805107916901242453660973535967078873611436972600253279631164101632457684201831656.0121298949107222346557904266080637479482239644403745863940317354015197806680603652583704964144816331520310281118231464444645659441339848902723
-50294016576411049724684052274200819957403592475141162376661211636620494045245862942511329191255120028487543644808023129309788164434628417636624580143210244284944.8356425702811244979919678714859437751004016064257028112449799196787148594377510040160642570281124497991967871485943775100401606425702811245
34473420444477676704609427598974615416788244947185198870771041719590949334175762719760513627619424963898987017598923368196343762501912335860290191452962560853087895.4226546906187624750499001996007984031936127744510978043912175648702594810379241516966067864271457085828343313373253493013972055888223553
-24207458645868514718314267489949919976321173882002564482440490937744346688177198727123915713297092879127870694876115982751747479725240086534113161503929668858159594501.2161360245576650663143961345358985409392099734636107645616180385340655703812995598996286360245576650663143961345358985409392099734636
17409465920377676507573687989167757083904664648038184243773618155735024877423076494446361099496671174022756717452600443845983197631692947663370655070828801953456547240275.7651515151515151515151515151515151515151515151515151515151515151515151515151515151515151515151515151515151515151515151515151515152
-12819489863482242737808822806595696792812706127652038504005083735118169817028421186518535155524153898119245945738250889824126235627694131105826799719068041837623425421805954.5525529865125240847784200385356454720616570327552986512524084778420038535645472061657032755298651252408477842003853564547206166
9662412110856091842431696847779348606578382451046360645051581930360523882157448236043144312000389884970329579970738725867652008601809207191506808038781756792841569242080884999.78739574926015603981705676620930858218993812214151197202044659671778315846112456281947807371536185095507129405434490180252892
-7452691030430089573093909452035065511615411136403880185716645437426624309718793390731339217485263576801666779710146811027383222719684214574352106075489245367854473562842171079006.31333449476517524449936300851557037079609567324731553588704656264068890868511547266683908541433182945870092052453614567468
5880839331167437124822070445495679193473523673513209441194545757845447171700854442385151438068143777035435704570153718603440976861752429292658255115043171041412801402176988431602206.92225325884543761638733705772811918063314711359404096834264432029795158286778398510242085661080074487895716945996275605
-4746271865490761539922125257217126525518167266104038994780235720473594303447610908617130481266226113647494129652616221609809191923427451337257255956543189144735591424153139340594883916.24709920899452540200737727812687958918654232570613696126889811979912175986416327518768812978741122783339869247019767
3916913259477282546829033333909001234732113677498536897126083350386860494495966584901937555344540953424493556372394927091876363345439274809014221269717340373582062771012848313122075687735.08333333333333333333333333333333333333333333333333333333333333333333333333333333333333333333333333333333333333333
-3304507144322603222830690862426507926423848696155971935767289736685481931535283729132088649878506242810061612739214120102840811095883398894313117370324376336580013203552442659252744666485554.44051418439716312056737588652482269503546099290780141843971631205673758865248226950354609929078014184397163121
2849289055099458275811521021737888528110159743793566073981908666231389173802161750513668182077231381269169382009810056771644494037076408572812001181279759132046472282729119417600123829177432257.74206349206349206349206349206349206349206349206349206349206349206349206349206349206349206349206349206349206
-2510332934507758651295990579858403782466812700836432278621723764133333556870198721537892120951246649231492593201122200438582496741081013840658907913981912060119073154599394836092011273205340317078.19166666666666666666666666666666666666666666666666666666666666666666666666666666666666666666666666666667
2259390199547525320495622613374077205502742005326935454357215690433122813076275127438658728724577164886519989154163085110900491456336996409914567760491747241179400569468707579971903114356551420640956.05826590512454386799936538156433444391559574805648104077423449151197842297318737109313025543392035539
-2076913800428760804346237789286139557847143117500028245741414749025190533182200208067484643682449668182314023438102317561716399159714190707825753656528184496039416969686801827921179824816740742090678641.96524701931263589765995054802528008144852393368529698602564242597297644005179110455663681515744471
1949473217492725913087341140007182102568145557815797540578167313066808775106079636480412164932656200739463706040656271869841283472368707838756107279136674858221916326745392168534816494605984507163066438162.58333333333333333333333333333333333333333333333333333333333333333333333333333333333333333333333
-1868073147126591389983969806893864024261204430321581144614402499699867727388703484488909574731057825573725391455960493924591799850886852809700151662255891998667458176582207825868131973059038222392196725943062.54118822568411225859151642452885232510648229184899935818892584164770406674835171246863877706
1827075266281457694386639440903606512512835737216260464806233581463898811255309955277087438961407884765049105432122556560930317007158746729552541484391061356571025048776459429996633093663832240054103005809206877.19145327871328343994622894158311605532683084793512268157944368499517961778545753099350349
-1823538632259567718106915443277497245243411734309552936884136545181092510305385493069547694899530193748404399089713652064201497688105422185535990027580903274654793105060673235633261890053131507542022564854770435174.83579266829121936583902292668291219365839022926682912193658390229266829121936583902293
