0.03400606621864186031406859457233067434480459364017674525393161750091275761276573582505226514156497499889860981295758272239361852654385120061502863607588596937807927031816895763394468877163872751787019470242350829115451872168285217884231173796486091701
0.02391558762429447896400306374650395769903641634878128226829636253079682522468101100539729050688263414049156666743832304036240427732615917372061518599064627093308416231201805300915446240409164293685973731467827707518670551085927802944719384043978680779
0.03336470426389607104630841680659946295634386205365575861935310632892491765052666960810180206101376805420917028362419342290154683650627341470919783079617376571681715694983057108787022456494886804630340716661308478008133487708268491166848028993829745277
0.07577263663151655736423301216957390774739919001118073365284556978606889734774996639229313617373649727533356988092369453826550670330180012367407913601466678724589176884107833296673067560086579331882610395822440103608017234690520965352867647368239903655
0.2531242934389576832684851650373185230199167953195163904284126066971971232776025834046922384662370604972448408669999217689773590938894990682207410150153065724340772904056465985501336123844630234082619211619333047253745465844234811505057573788706485184
1.166677372563718487606218065624837813015101519739628670254785166319577524349037109324802946210508605105330649847836473170876027951845799682718087581177663034019964699344395749621907754243947163107159343520940355198631760779081429404616851539014753263
7.092171125101836043662082043658176794990736947276539595634124084566197520813936143092936286381937706347278279626420905245954920613577320302089752687313522698954484338317716106992601994631582141944984016338241768611123500310152339833046949600675940505
54.97120247246364093214364263399046527633004214926350274265091396889820686212530690157021370791673383602977426746212763402379624749458626065122899210001544153273694276779594450628329419705514552933688932265434994203242694319495992462537148463299142447
529.1242953890273153210503464166282361850091580248839529500581801545505260350616065482108229343189310136322203053223934039471458295366279215194411517563561059010485639523738141686227827799498260096263323870768934341591441008663857216786252648436744265
6192.123328809727853483297245194575041915666460342034995683537997270983830023780733740855043427158050238139550037198325080413650858136295607251301988632157026997130137507875638766027358756515331932640363635431228887098314922001434571811016985088588692
86580.25356199276438119459364276279388380679728992080076561372116902604214720275860791931696842283527617096450889994300674984651738575125354798398911418674003026775163384517859472018865333488345475210716069738920296008544214073617339290316662726868053
1425517.168365454395397922944015778296086204754521861337167186804899574237839663643376904636372119865068253221259273043095526187089704259620837578099610192029983043080134945783655455663812084057013846680274868986591884138632164628047494176727609886680
27298231.07534777496808863643749542117040451098686617273714701301591657280404665646129909594348328279911636964631414689204959667707777644851464423121241416361675122520250710704519308071798478682924820037630640109458783600490312821737801004879173590968
601580873.9392784700083400227005191376574235833603044737558986930223780993057509444395584867873849617520075035235800179950062092093845862026547442591973970875121130459824414354428778269386480352260466982752325942324992819846051241179222465489159711512
15116315767.31921589967456665669998192505589033643491509453071608383119281563576633853128056346420384556048851212175896982699711077215232735530350644598238737247723265308773001944357210970537286919210189808302918602576818006966886158977292208466659787
429614643062.6822083873301918189741372036576660718414017676887826734501132138713130947471521586495525451588058951878209430325213318658725880503678410724794318086353440229177409876098007428952152032485440550365020455315378085073666050655894394790818184
13711655205099.73444332747733113163887913432523115013940217883444549763758712124045270552640112306234904820513335664498632515391424523284864301864637129755817267842085184797940135732124432712446185391395418803658884529644159277334577160569077283534857
488332318973689.1956363626520772436033127410409636246765924521445549258538346305006815686981388100242149452429623330337408567044678484728866164585277863864380496853466081252056577858509573550493676200723713962562037228996973804037320735155867874868140
19296579341940968.15405437153339427247892844671538481238395385718839011097194770760387400864582146787078411774014094475257262953039440841699026785106596273240925432212522297829680899613957699749017078303134868553494942890047981137154573909426722271932
841693047573691950.5461208808121815677984188109781170577233068367833722051718185033305594928652412475088033486782393328345234316916379797004278735786474957402599073651802143423684640934241802231524082086522186103145807414210552335857112603433678871238
40338071854059562062.05512574419480498714699655010551056720949303290131756409721636183143263168413290613952283281812614397055338343617133547105081917963830553133580758138530605882993781029703575527378335526485619485013441763166408659823280918132262944
2115074863808200496427.533473838312182800990726234503476454319845717203292599506621568371738488877625091150196353937561248277944061181303725139760877778103471850373229278503530419955832084167290829748164718347473122461232162221267063811587260734212930
120866265222965277618503.8291582632646792762659906864266756147088560707478894180721571324178929219447457736140708849776483326781421335973088918736737991542386568109908971204216551741162145632547776139581745553465790339869839863827666326674073194118521
7500866746076964638778484.031942972737959457018695086006361051346677831876131279225470040207391293994578498980059027100882399854605982851361326536737867733305489021095906481685052001925741314879288064032336646048834765918545988640879618502342242514602
503877810148106895801371549.9607252761984576036703388654226620360512444450240603671449826234228307712917471203387310680193182063326515535704388310511922972523487710663588657739787928227873402588265724026371435069152709443177804508963274337967096388168
36528776484818123411629465525.78835705589221209470079230759697044987374649571388370462708808403296608496791144321873961636683569038154455375643323265769103098885399425072804594096911261269343174846171865765223381610618906481569608505092556785605964804
2849876930245088224065095994802.935928830747259133015384696258990076126870667389924111023688245465300049368670785049009899228528701500030746796012581886262578247626328194339836534147503055830631939005312710743235393468526848829160481224284835512598422
238654274996836276475512392719014.1234795333631068813698297751763606299759812353188936714138418890647782685055302326039200338123021020145937426400234570243750858386297988345890378139247669248534242535307134597027267523678358060992622256507760397423927
21399949257225333666439948058944263.13305826575495256759913469983722083421221017598586931676844006477645492818054375789224017809110782238913133569508536960405505502067239593612442720886113439943594787043523534694888312085647169263129508683539363486079
2050097572347809757006748524261836245.789993236809531832279293288925926201821032703377153058765143165133580505470670735067434597376479709796400981320001030163828443408320464211551477575151796766890097519180757786218541540444115574612635094332185179534
209380059113463784091312186733498026407.5391219482406491929677171934654439987420276570409150378178800214969356791209442117148826793399190598742070100354338019084990247587896113807505047417959134615847458544257679522507495860289992914681606670376689905
22752696488463515559658748246215718881691.71076114493017009043023790442009436460054143404111058980816423640156559371798791807545939170231628845286864990209172498412587468419144796841528798138156954907217494291052817482668643342586651091645627017616062
2625771028623957604730570539534997669569334.007907518077793325775150748224670225668959128912078088795731009020345852657220388370350053320756660232190385309322725393683823148271791644078247821811032006582075918106711090812272416383943214675085936679936
321250821027180325182055810289888637613130470.2348317702072096843909231388840366463710362511639798380554210525109935749693069649734265573369535630698280739675634772765488692552768484030735261335139368592237990570786313538404224319488636672410794835194
41598278166794710913917322629855007261600630929.45206200215194182244829737383365167060086615493181054444968346709328625852180549915752620750717844559758561801034179512170687576031374052508050139103751619314795704804152644528539437389328942389698807374
5692069548203528002388353877683416437895212282247.252568570344105640523668778318151451471813054546969641783891415468492894873114803230887514929537517124514952668508005876621499106345607885750589892408800621633713979003756888424777163847235081222171830
821836294197845756922906824737181010925780408919781.8774946212177083091636053421396769484889487503967023131810856002009513967985012223669007251072707560711582467387416506080622062692739729464896719640217303871133461319540810362287401257508044177171086
125029043271669930167323409042130316312490045249529325.1818119955733795598130894398593719554586630629084053122898656559811817772138332693956385626114745215754980563653004059601993423321520655895298641407572985378063237060578338179582527543968175612859
20015583233248370274925329617965258249208985263752410099.96862893763125959103001869429738603179740952844686241825196028091246774216874148569367522105133612462107413230010039568483091979035194774118344718789714252153116078988161258188540574912719801265
3367498291536437423339667707528500607572419080680805078287.243701716952814150379247304610659656293497337208142111449529324831528306979282036898774922661718446874444641037768315010849718868776686611764651086647431641302122658735805125697401441022383296
594709705031354477186604969181377363374214237052989852855606.4329750930262698781852151324836919717672034442805716572197257176982606396562219931905733110004216379615329833303809009638647457104233617937217638975879335736509970240772825169393935835511677
110119103236279775595641307937865293718648209025095148423425179.8635465573940653524462828841026915337083347874744043134088801846187064313577245555417260011192142948640531276683290101341120365242527420605229309536494248009974847407950252736732141610611
21355259545253501188658385020627331543904282675637537947216870237.95024339266329504580534956318944231043590520859073693970755056890310500290050910580757719789567271966365314805104971047711865550510834020612337022681505606617370304580173387097368155816
4332889698664119241961661306016574114538818097469152914624901790122.233576365446435555456806136087570061731374631033068479842140510518355859942368999389169516024790735960816341573238164418056658652452426340228176394074069990222322100052130838938234750
918855282416693282262005552159097242741751379121206370315931951495134.7410765438308204952928303351795922171067911506974505135842574663299478870261524183262012288359342727736709687221665759368274434516878334874159188806172230022763815869868194959831612
203468967763290744934550279902421115879149780784282324399671205607930508.3240121937822510222323567444848286877908495193317144389067245339387665741993700405289949101670383952419700858001555000229791387630422493287082235712826373119023002517472660973509
47003833958035731078575255535018550587061577514302692432736615428036589445.30921393723813756923687048832029250767277457533856621321735505485467680759242357835618609557987396391343447351884548861440776594394298783856852516438131636393632958576707910547
11318043445484249270675186257734670627642756506656897650929504829109670211724.93758548934381870697577599664496951280619926890464612574034705170527325407519356119030199664863896548294676990807932967228699707643101515748212101459310460676830424875954123
2838224957069370695926415633648221705438747983929859830728739098947479330826044.482440035689689120099502448233898348032502102602946740800687496732294182540245993755797737205379806759712817429251163526448424323103284212140795774624902824619532729181545
740642489796788506297508271409212734164366358665781875891983709908282446097654758.3059542644442967300969022411675225061115699386247843861417851382357400734580543372398903246668255372479648978169606409767864005421561962118838681901391580086951230590207
200964548027566044834656196727153824263181536328785916849795652350842676487543383179.7850656870672766235602658911671838756519918194874477058480826939721301247025541889633231544879845148504887795048201940206380399356305840069509190093086369605129622849
56657170050805941445719346030519370263391627079050267051888735343665394339093997356190.57758539539330940102302379700705501471814500637400236664235006506781511407727058997089434901126408057773823103926471397797097418930196735450703283712152878973507285
16584511154136216915823713374319913256728058533231835519286584716117496029558058083200103.63180539271889718369238693497742116387539437858012521851077382904935337399298891336579577475655500376568296877032469601983100434605547562493727012190436534949622
5036885995049237741928942191518015552441958999554729076859086629588925110622756134354202368.228199133456618047144315254091106129958102335837244909672618001780557761243363482861354815179974677205299366461339289034857818499015772791532396434216029146395
1586146823765818636936340157296643883778255794584732192926340234719142440419096217643313153220.994388550046033364629088122141621606657586795383687542422805877459149384606605044387803346761865627297501055744352383567391282166287136758554034443224156894
517567436175456269840732406825071226053469830222155391394024880896993037548333357341420078287186.0951890562924386303223130200194408517559360004889276020108826884005822185731961378820795600077971583546692662653709551906652432212417856917279065900201316
174889218402171173396900258776181591488026107560789434928929972095811992662018328142013406770431232.3377338993216710179384417008234856996504372387002101521494102264593632573662166432234012101192979118794138428326652357117298440504310590885692134359571
61160519994952185255824525264264167783913850694875419962424221984953291216923891500701845593322945981.08663395720574224840074633235980984070909834575594603899871351151893444550829885387178891803003871914629685254151156998918714525074988869876202698564
22122776912707834942288323456712932445852904845620544238188972030150569211532369209340701646269685137739.09083542072753455759512759562264809164694579972010091122037303071210605519467853144083324679207486010740634111965501682457956268431294832346456464
8272277679877096985422106245998459573146181456950474186862065736972186866723150051065435685952172213360209.286565135873831476224171939927430567151970403141584215526518346986513117489362089865010480095192747509499107770262454085346975083586567871738317
3195892511141570958359163436918081487355071084080761419969093724625382749052583525777557254101900742457162795.178667020693857653235275620965825496076666676079350811187864012305040423995361852301468462811593869827960892085443643409244189181258705515957
1275008222338779298231002430292667986695958982032995121865618258175210300712185871210343293421041045052924776357.911065073749696526561038900713933035018578761588378623514784884309481667301260679605241925163096096659385603278742207880047336465574636015
525009230867741338994028246245651754469223237439954581587067431912760271720177385339586571405192631058388955514937.7738664318031577581618328239441046764084354937589941440712672786204916129293962699928025301186056421404660749347677668343678967354812036
223018178942416252098692981988387281437385261785982404459229967670447832194398637024060874330473282719359763493865057.2805182138955628788870738487133924527817698004187960706220554727316335519677694853539831671766854472658831893517393665762397379438810
97684521930955204438633513398980239301167176595796014404432962618682108158703341287532802186381596931445434714079344675.12975488998609143610957496487532391194712919118190600631638572773130207766220002959650921924916808779792006655693869392340979937863
44098361978452954272272622874813169191875784715114220343755887324707956055138963700926889474404340862796146494387875020310.89632430226900394626998512600566852187460588087703848641910476423746576114506652981935511881564156289600736999393229532746642519
20508570886464088839729337727583015486456600178205989378574891798166626497507298174509944388927013175767188268376642458562436.88185228417145074495833931554481069664285789607307565897792894946521485574463606176083678810366456993518828939808023806186392
9821443327979127710757296960209752104149186210549199488683379495877357223438908514274541155666281503852523662521118874783291723.553365572781074736463382406047239311067783263878805231626604894024821032296426875331064360032669132522559767820203276960537
4841260079820888050878919670996341276113055044209926231432830095356798338906265988542871608924263078879706172612837434530136275079.326430702658219420432083286262718242243131904575250813446630384004074748385671180161722027884637870094687958600767904002
2455308880148098260978346740408869039967369510245240901194336603248346172616111077925085910624769749480251966399576952422533059987482.838458648493759323289944725679600905519781999299532874162957422144672315244059404921689274943690760195792800575956706
1280692680408474754878251327860178572181183417922824263033433893929644260193085617667559021717739814020762929588377100619857049428604465.999184190537466191243498243055080054338048567947598702857255088150591488981904736803615867422734026918445224251367
686761671046685811921018885984644004360924268240948094857138736827600935188888203634673006161523445187498107139444785533846573678729729455.5609550797714357396475013091607911425765871877523746570481473123075329693805459291476476718070863362577194845791
378464685819691046949789954163795568144895492664834072313965143756330941497144626647393596470720869639922103361710755856269432048215729869413.8934269566997224302286960190048883408128551529370054890912177248395485760029253957349845810313469468081791777
214261012506652915508713231351482720966601526031666009320228920443062488783653051576452900323267897814729428531258219202757277898993129642697409.3392426087562933971454144195865366749948264643015978295638148583411738536593266262504166574148470320024810
124567271371836950070196429616376072194582984383253431603230294748042419894260710705940680919282798433310770880659036501512876247251977273735663109.0175146765601866303636191592681502553844091726808075650965341888825866588116432164619858829691970521246
74345787551000152543679668394052061311780714872945233058775757086439576478744903157579634793267336462087948487156577092397977671203290043717251115161.98836225298260534534437189705841757495242339662270919486610614967639348611769843065192788345209952502
45535795304641704894063333223321274876772114534283593284861948026940893801056200273325860681024079226907142199910138336326494723283835447128027378273284.72800927737006820986792378561066555193959623659849657833951069577743447749501621182744045548318867
28612112816858868345363847251017232522918987045672591589517854104765610819006474478077138079238703942711940807676989192700208176884351486948327486571813523.49178743994315830662200883590353421323547185522039774070172415220254488954378344003470182446921
18437723552033869727688202653628785487541402926335418956857001097891703944314692627632230780526977271145895908376930005528793882601386380832582397338525292843.02450878031185060915753474146984733002974120948979872464128391315223370907828772556081387508
12181154536221046699501316506599521355817430663167040944464248152399678873085842239913280519294189179281908547910874284975467962485808673996969106829722552213315.36169112313425245554813935764600047085643982740638524318323982363038806940204597018611868
8248218718531412154848184572968934473014189165923154957732764993094112082415039433675621983232416855452330142035394513592673727719358555493276586133859132199156644.981325002661843240070267295365298465216108798492863652909179094421542653392609777118229
5722587793783294332965164981429786159186848661232743754130087743796056859101321620984053623926142063046319818325687490432189926886620521504793663221012606280453317863.128416463849661392398449529424417540832849638922751322881596421252484894069029705297
4066853052505910472676796938311586556021957212176430963226545230457466084624039870662317460206354178026428659540315602928758632888471204431266578197011332134852928655932.694831346698016009126201319685156707074208175360637307331056714037143234881102743
2959609206464205006287526958158518704263792990166491344844885035295942696984638816543771066179674699286191336934542843723505085319328376274456046268248871552070542920258296.368117082403885967503423232658143985767208947621099897585796768766270229277561
2204952256518945750903117522734459848363785453956150626996855819590904629155424451829595530051554209013183600055045806989398355359542279644333929679883250400534274601004943822.844179492034789160000804461565517263580039026656517314058244294159090288959
1681259707288959980583115251513606657544638546482066753050682556125120395695611047212367742729830071438417370629555821497371766376397346688151298337778160008137446117818888037606.509953543906880823877501522623246421384617375769379470063285917254340651
1311673621355695764864528063558171530044312360007082912842638300840583047924469881530945416735073612616452041469589261121749013502392295038941598827871021724937872978882021015742142.749636287136745982979963991838427022147768659127871924765096331621003
1046789400947803808218328539298230896438287213885351280563502001642515373352598095816631917003083683986298597186724638383209666138106240245864060781793513524561269348148172082202404995.469776631176221501671934924642365807463120435016159106177772601100
854328935788337077185982546299082774593270107898727019066671207810207936064733510172226091605888780948999801372568864801340315005179837158621003166381954520614524692275648966953353868700.0133408380615817559175928817746734324240571935261014700483616173
712878213224865423522884066771438224721244689304733715278232182861539830772865410482962292556961385819139206739049668840797518812651831203638452059421504134714050695140516574480617258868910.1862010020581834231712749853477010942564554545809307268174690
608029314555358993000847118686477458461988160092698836181452320867269533622393806147871079608472162800661944657092621192223671113094435115077455890102102351558555777445481505262128338446558295.1512219182580685339596581285711652918624637789265022608340
529967764248499239300942910043247266228489712345603289760693427476807743097391688469839452845018542077739400560829409142761433669751529554742687206756180509454807550852417355216339613577664056932.1747204434146974087639298454476287815154141832249858914
471942591687458626443646229013379911103760787757249268380896933503917381222914244501521135223560927784959942528363173342891076110808127978796311364596186357291089113021848621595994910434921847226420.9786788791899891140844209606881661865647771606257889
429284137914029810894168296541074669045520981012117736327873875950918470183822252847697113383461766385169804936074003938923949050166626333108826264588676126249803708709950323170517490821911563325206346.8103115265267576313525426125655286675629521718868
398767449682322074434477655542938795106651478560005423182352297020374291087708297257125141160033296861534262252063585383672922961332744516644128947479730407369001587887426865715387014127645002611548821567.7958457792904878136890846681867501154571765376
378197804193588827138944181161393327898220238216264722872164614824044495339853777920915002750528821501526106835351365202338364478348724355522351640908358991175998456262051751012178023471071361183104164979639.1134747010871322971398574244060061654739638
366142336836811912436858082151197348755196068343029904344422927332096839815542995928413486934297070588987506608291905635108948068529372581653237801046234170778124646817878952123441856405156307296445363088589227.4656679901506973590178229135897411371014
361760902723728623488554609298914089477541475968819572031634258271958054304090602498957634527099331093231353700513521194013839347665682357423656319619533940780760436490296139718498983916740866959285075757625925778.8474303579581113699368672498068386456
364707726451913543621383088655499449048682346861910587376827311317205189160835914698838202759553478736893824380552171362656893305598764827284338246348941848727478022551837993907911149751558899390746858930365773839563.5124611497948098077160987108900574
375087554364544090983452410104814189306841740758541186037105235860898988632185546763917732019794753882600771480773910352950538972916281255710400539518337977376192352018577406957717887630485552183047459465131423958139259.7185586523667659547789749839600
