0.00283383885155348835950571621436088952873371613668139543782763479174272980106381131875435542846374791657488415107979856019946821054532093338458571967299049744817327252651407980282872406430322729315584955853529235759620989347357101490352597816373840975038690414492585444730023691714906491653881924528913
0.000797186254143149298800102124883465256634547211626042742276545417693227507489367033513243016896087804683052222247944101345413475910871972457353839533021542364436138743733935100305148746803054764561991243822609235839556850361975934314906461347992893592902626593758163833569553821895836304245908435740453
0.000595798290426715554398364585832133267077568965243852832488448327302230672330833385858960751089531572396592326493289168266099050651897739548378532692788817244943163516961260197997682581516944072255417985118090799644309551376476516279794290891755311656570694948831879215418952019013440399616894985971340
0.000841918184794628415158144579661932308304435444568674818364950775400765526086110737692145957485961080837039665343596605980727852258908890263045323733496297636065464098234203699630340840009619925764734488424715567067557470521168996150318627485359989294906039200174047512602397380156072551460508819191280
0.00191760828362846729748852397755544335621149087363269992748797429316058426725456502579312301868361409467609727929545395279528302343855681112288440162890383766995513098792156514053131524533684108642622667546919170246495868624563243295837694983992915544228424587286207968820440402495038043336169313612221
0.00641031523386658509673746189903757040118187648208587181458673168307460178213756653475166453961817914893038818597712347896085729643871318506987960209438276392318661922716700961330718546287883056652285353582934261098149319109385400771767500845612501792716087138683975986155444343447831424869662432473277
0.0295507130212576501819253418485757366457947372803189149818088503523591563367247339295539011932580737764469928317767537718581455025565721679253739695304730112456436847429904837791358416442982589247707667347426740358796812512923014159710289566694830854347524482123444745279676518509414999624963109045169
0.179644452524390983438377917104544004171013209638116022034806908395092179287991199024739260483388019071992726364255319065437242638871196930232774483986978567100447525384954067013997693454428580161231664453118790660236689356846274263481606158931344524359665840860857751783606422416611442547683214156363
1.39243235628691398768697459583323220048686620532864198144752152672250138430279370144266006035347087108850584290874314053670301534088586295136695039935883185763433832619045740570690205994723638423585876943967603535305037921280627821494375069695703796389224665765959021519657427346756894683725240094886
13.4028643480730040118686087558324135106399706933810281291851471802402247403112137093957901372882208879613410173965331711697265170089530207949162380706323745173098054924412892613983276163560937920619921290810199759461002487489208540515389978032220534425746213443512055608758363534826821618939132151577
156.848285438392689096367017468773177325736951612175363705821958639539931426091953999853835087722527674222761791485403997735229198162592850630405777380773079764977810930878946729565559154592180171652368044741647106811748989385391618465404287368240363244083529566494590299324952267629169455159225929335
2193.10333594685291599680452925504353244031500695670974948797969984549882744563637442600713288018440779731264809118929707004028783031424557051935092247721850766622012328453197485454717509551393386745643119210613321828329020333019699614488727324597950668530102597364093501736820853041350313154243625515
36108.7712636875330265722704199674883206408875487647787528399643067679534445061593403427195019620142845454624951245329259915299961346249318976775545137753486994063825429988188428479903677047444831325401802994723473384074138930267425635053555446242191345767273228990824061379098214469204608962021064349
691472.268895722379319931060575309353629222509609545372133216888531469079661782694758113203203890760634491383360436802293110585298143202531787062366893559870703578213772921190164227387285802339340283561235899533600573887338626579445887639711397667989674368100132002545793309636479208605973857012867475
15238221.5396363063504783938071572398438063410649545515065833831490233798544715386477129844389760119410892021291549989615191503132783793622533301476269983743674165651744835988099229557557513839407178446553256342601066211492637790943445291553272848768752050782162922253614706960559795522801068048665730
382900751.392764891610811222655057163283117349440143851842859877605570510885803309353607087485427408685524782437778806544592265001662988046390702175643921062218035065974079983054910695849282722997547721974185830700117235123446850806653823029838753848567614565317764166066389117052016672315467666059963
10882266035.7934400343868867707393959358208930405953487318879638456330457040644765497662907945421129754350834391719404653374237414644705147960465447391250461687923975014666503185375565431167654459158047255460607847978543187244232902949251514070121813932992336232247382685947359916400488172685103261411
347320283765.070551661708856384952776182603869817656242242142350323560351233734353258583711336280244818595478636083238791505479706862356249371592125025879401173318169707059178988467888305373434827610293294022941823416002629715792128075046647786263736661272452524260379879477396349441609087254739515254
12369602142269.8513808040843162783797941849017406312899897140110181987890845818638486371850293727358146052036795775286875465573912784669339681204173499761105187527705930916527543647411151134599295966557893260804711214287823588534432985507014533478969917790156960023340627518538818752326141514996196132
488788064793084.756414704344257945161323123583610985515518761229258636588369232580331335361710360770911035626410127370984043804698976759407913980010828975458919806832276547237147772411976875855489203373201056103550859896295618602546870650605904696355097018226920888441687370009844723865077438938108447
21320333960919430.2653568317886864719805216683668633776782291189391656012495228416288749643930677235233295575226311448963903559109070673020460099467122824025007060293770535444285570495826094269319628876084909387922040879585791036398510744234573586836275070671749646898825825566443179090702055643029709
1021775296525700722.91185191972865322840627571315676496447068591580541221864710464810066267559849160632422714799707128562718741258994265880441534341921647510717409334747753793740094484641747212117379138392190699184659962906387500824338724022257691445830298690492375710188001257662068561103010558402474
53575472173300211710.3297115063223690954238767689212884200419808759178847027562376583033767255859684156797934711369581774524282544918427787641284015067173043691538080217732365492793068326964781815664708220546749020540722446748150561315015103366187287311419201549477513855673641722389243076097391341624
3061578263704883526032.03429875223377059569674232452490055553116190931913311480784713062865607807918146061182859552126566628565494121749035156185172974193196142409024322713538165387833703727137930125062544352899952439425246775046566515040911928265901859806543824121987731409196063721981625824558620680
189999174263992042157379.920799670164479056411640399270521365775283274677610882491381969315016150366248773423958797536960527227123925925177390207787025753111745388788219783474350977685817247458079401358460461352532153448083627621001631762366783423384775401114097882640505984820220823805931125612010638
12763374033828834175971161.9586961415289630370701260630005579910726323363017868216997299399315279406306666357243950872174587126800774089985172722685736167124349594668940349566530290400463638825116917255966639531153410863259314102323727902054004401285813476668927834424497543189766624443982065126698967
925284717612041631189966232.078875301568424434783446553472811360414326906060840884451631067612164058457587230774366561655593678149837672320388315773339695642288190366296863583290307630862282672707469257373617933569307963262606870286111780790750843642424102304076686861591033883726029552590277804483825
72188225951856102987148334155.7816465455333826699580670991455463885753103391516391087935311076494448815089248427805819479836092867822185704000726023765953947628066030849469416327325846239942085372817697257893837648978729085922865281989264295341023570707556491484807398176897914093523313614356802340436
6045183405995856967920889282187.64495284131800987360666642223159243526390175428700165799908712996180125845428828919714470061527997396112687325867092807050962007203973796495370746531323760858741128470916249586072002348046792985667550708667666486860473705974469128266552972287125672644993875294041052729
542067047157009454523201619318306.781012689909256883086271626993370154997837396272706809375665029922034262428733651701498528449861575809041882861269170023840250778267668023324048513372594340763323664071703003116398345198425202425862674535783232464180971361171637102524990579221279219616132922329386676
51929578153140819467091316154141375.5971079171498612721212717552563158343250848282879565761502524504021569780950200754493340482835664481795322934052667246532511158295532712329813369307395327166323374865710381368929193327346302081576061906416264059995764069574518546666216166347296426542122356548034881
5303658855119700596657050873243757315.07965285807574129838937767783319815719454558075385573673422101730452250946240512538882877841298422291106127474356692114801494775633664136316280076642922647308836181234100478512233722294485451433820896416554222857691172047732882013421669421799874605281624696359830
576332534816496401389501874349209321678.958298487163757197832698672245001025071481334312755065427742697763173912610328626072952227843134494438154563297916883829103091269347733053477629114974058611063780086900374607350924554964087783848699535982589976426708374288821569830492116601482053135111359507670
66511557148484539375166834428548372176631.5673364040932106024191285555152969019971782683749821904426615778576627315890205604482346638835066156445279147151071559994361384822474693267915266099655308357886591716474282880649773131329086674259298301208113858771200951591386175518620594848724497324046536242
8137378358136680538716221171724375442410139.07070658489869951913584669353948232622664336192389119924578436687540948479235559575492126881993489406212785321166086498339626503829427107600255878352719826216610875529108793553311529623902450888573884743225494197725398221082510167843169059991506119424995288
1053696695335714180375482021044690195833989685.71774390384493596920409545886307259375258641485645075335834577775184533374581138741266769483800991068439920676650657312215413208054541755051568874303820970022614470825231465325590980695369256480585378967486629834371036864203395723067685781271300614719843
144181805999622062618053828901259826478207089284.172259209582669773387572562340726259113769991008841526721610716771965079192420789688134543986860924694047571622234866956247028457240223504025699942449828373752125148444202470357233112302763299020652124131887633895966978338622486083392878624846574757886
20817356522089565462424810030324727990757583291629.9242726959699589376556465350382716237022075696075438570283532909850118517777578809972353710560458665537088741352589577765501497406480439669646236870031230933296380825351411644718545209381280082519623311902114437813410672678219464012757695259040566716
3167022663488666182741349623095768710317877415150697.80062794761671380689731487637567996614427174201399475671174872789254944109844442112115406253497647723490839780574368677146911881642252404236411130493479385166479923430219645768700718445397582247035152627777666345783598125103015692908016293789251808
507000646121113734317926484120521018905814375290696338.194405856928177177679972786405391547674840936064018088243217333532796074722520217108837515044062288233495098560830738981483114983268409618580512594261765647642472466524952695743104095369018726783056565364455824809553096886652934395667009571102117
85299728203005518816208400628424750914259070145294012170.9131429970012946457082881834670802771043842804710672076387291631838350918875008924258735762063970771138785905024857115463229869113181903846519968106565674029795827591830288701257801769339574250225361692721776952931867957082528158969299541994785
15064172809340598576695117364961052492291136665539691986788.6702959708012850978594317760443368935066632468929513548992351409281284140124976367381042032833268419008021960502966250355860618381018129606101946553972160635842677817702865971646611784078058818160188607394014941945054725869997406024088803748
2789349470383163687128838168838470682328145595041475698434805.41248043931461119318780111671410520406353656024145647034217705728433948602441229220295292283149107532910967256374752477932041779721853557212723659485721199791877921931110262981595789989003893586239896585465055285338569783980847068475868104
540935043528604150057635618728660938144671422905012848267778001.263699572579955859619907216746078348322313529916483529148544586830276948297121394381946213422724692975775382814178931106668920931167597056971314379075414990011263710624226233562913637296746054644920618864971192552607296186491975106582805
109753378215085198550167887262195083939530742847731291246527944516.857948050232182372252185001234493501220390204389715414538172988230569750105951523222446990113334440309695851764061415023403825542696092670029552785341688631510066457427972625357857520351616934154406319202418366475022401015433326595269
23274876202618479173478641032077455488349322899140050835011576939822.7531827970937751373852931087559465601335839452664529529214031942958063105209562308442609236913940789745186421969572358156054654700026358098065326268098012625614164150368047661973633794711123309309284930564742477018252194883698894482
5153929162065321390194655212173086687177804552006874170256207832021555.86023127345803049754048649895705266365215710247536607085671242928233055666749916925201273970346270547849928009578057516322526400942367795919282549618030496889955442210370253060366484438657598057562867654546139120068844193011423224
1190621023089022645768481617687215508904140175326835435612192807606739975.98621266415835722898242959983133231322457460543539918431787716674223703695077584615623714517111809793451324918681970117080499547623358205503445004428935336677958850244569319810711569294699809883484840602819969442067636991589062
286689389602966736962264205419012293478661412518167659669569605954290841497.580250751518756534254555505297801403873538636576020499670787948231993161028539418787248060377495492909773708365396894056921863477204353867092135433916628778063092882093856721254104816847287903479984048196644943991703679794379
71893078023372986439284437139313990891512944929701211016500068909753683371933.0963216806702042609910791013629554962634548213879464943104389230380737468524032279496447185327768225138078009025254281344376612697090037076501537437575363189680348595475654640793837397010063323446449758947886954359231398735
18760693430504671847895462726582694572739127737937445561033948128346030291966335.2482995767071571393412584266141866303095268849719461769702994849415582645747481846703662549621441359703930628061524290696434501530933187625099842157402267211501599105941520145338209825149706301812407918459393996937666177
5090491469075107048132915186928964084761152477902090480852536868253853938822461577.37561343983786103408814223035013540476322714690084222842467586253953888725193865863342056553000999677273834126065042809649397762571332452536877870914978630087958086906904037805242368633390243146404439955980263409618429
1435142882843217109365153459183100835646249440397355098588316434416536520384047947663.56036966124893725313116064269080801498475903378146245458796389527769551344530918907176927966205923805847747343101162380547073650089529728934102953185547805169171825740404318268478220415581187872065202646281739572052
420090575066658694072472242828858678268720517060444460121691962434439125156193172172994.359318448634983871396759325709265313271889749986308360709730827189472940597268003626593941185586319822952902365843314369394066540325188971875857581020368309353326504380387016889620608297625772020421953160989889917
127585812722475759084325945728494520895934346411255807024319516949737969789180841187525189.287403023532017859826627178903003669691655211293064968431662066109834230162854456647714591646296803863199605940777377122230324266583517305080321270466797309917175222236761245567418290682813538251959827559287082
40177568403621818804590312593158766189525681588430010199815624972596882281348653729344828309.8265871129526698058244311685312854712662440565130017798169547339456917079815691038765628069833882779970776796511617272904200174851126565584297258117210076176726703500432830292318926806065171071581867029107022
13110136312006834587473782516955141790706604764676869185077209302534632133584582319491259877843.4207149725561710398064421620465384921813830912472788763232495809764962041422313505729552774520329308779519800481883557148209692536769438575028912453850042604606484881176562691066340827579074032340364894751
4429995653697825963771152054488205692011723214173215990324802403661689933139496704382286367762056.06121154816436373621964368726150657756342960295130783326372582308500064714222137468157842886556787184696119780186451626611539817074103649780521237338733511119643264619901072486460136973608201412081217401
1549214069517355388115428813495303392566730031205920464859171710794857787922434818581281627890033973.23102876998744590578134419661033772045459712505600280818706025021223474132039178421088521241224034137675822173257140441294289772847929362383217538967848656851257918872524781190907330690249536516192214
560376485562735197495062067876877088006109027025502925542749338637866607961194286076780631753974543649.926113437551542733469463769945801885284321363663673051362655908301516495943468998922223615396294214384738483884823889883083955221181654692309425437241960704293722257244413292025801514040645862249452
209539241485809792706475441707191285559603401788667808809932712078768866316062386951059353140696350803642.984210507934742581802598693654665999573569149401788575322002875951501772910044280215860311333779936655509307690275730634894390518566827872116178317095175028505725857588714453762986956030128838677
80952903005636780840063646367788443599743427430666356943848778296838749251567356902244018629907367939868239.7687562580999206156524800659619500909863503859531167224522866530085275861376064292494987455190579743553434530541764280766907966562835285483182910042178377897913862758768429509590558474420006823
32296335560269521345597210029875230958982728681099568257078459148176689943416423802878110937819428583808375708.3500106955236099383463436166845438056518459913566534814311067462646789180372126843177899115729649732801513574111057312848692401511279208417063227307149254884592848955816709112831864901011873
13298639173668232086982288729182306585413551686701395614742395209925332867883043352657177956498108689288000208340.1942325890407808922408400163296787950180549654025294452039726926340328940698847805298362542139043938847504998920305151679532641465679117791329081212966228404838404343587134842561910352798
5649116466051075898602446992770080921881053469569512746034753794742199176422816405709738733887439100823816488207225.57686385350971467102915276283627546402451695172283032072671272182094212942850232477617375140060427759008778163697414635056230683549493524374401119471594585874204041939821869884023437905
2474377846395070938854933389900862371892929228768612969574452212137131413709963174779872599843134376770067696913246269.79636944923702553046494613315710950895084023150493081800507345442510590650662916993209624930528647971961036962013208014225830245904432567453903101001405069816158653197794203715747782
1117024558086279348569136041807353784665392166568953669857020250444805364787979203404681066935022504126753173658858521708.19372994838149081975735067207601006594208294432985147470909465843951335592896212614715472967255466582624919326194978650534106012374938381775556517074358083126764481663632180873542
519488169257332471742161057876322442830275373455474425509540859826370317541463477958031373937706627729425772903899231713915.779305689493958588529380269882896817904954394544794182017963958790543997727298023213547607339470679632525259693632719944830239768160864186362484607376420110732230197824919068798
248780065766746559654620743627766766501184740195782437380926520830256851947906782556159897683672306211701242169210556758999808.585782447620897133577617270466919975243691836171869231799252139279753549575970486699905535561556250661361494756351529697018997714890117067327464525191378369394103284272066490
122630550401962754019495891539749727298340301180962985775363929839593755499755822491513630537647075690752770272678900830213418239.310899933006117958212131152968019158970408539706288059777952400230853294991271803985861636663417425370102676695663567910305779107562657824010460726354930407950801068978972
62193700486037041320816400925610847522396242129119282392843526317484666870293590601571436563604303322686622454758017706869514832391.4367715221537751294770417394251677874929262844098653651273726328228511359503196340684150940106557271769094039056066124763287848249291388371601938150050733946926258901871
32440324565266216906991917146180633177181118008547382846345712651280157543169022372917950220194777760391974829449446647796248166213024.5373434556013118297467948748847029188069237877745749822700542346392209510141417357548014949301751103607112763100886837365365406371051990933363383095508615813297256918
17395876347660003996588984839299299877959895783454406706837890409833192751293648954191652715146206547155823835342469013433969114185315768.9563289863466032231306411424903017507051302102938470769208076492795017258952014582366121982249049157449351065994109904294678696114156938176969896123345161494803759
9586622483519146107772404087314663130496712574123758806274224628324943569738391569416237150929212430189236175895222335693837937315128843073.70959012271180117643835102525367277569015636807446539587604312370730832992633822490497764727773668219382561433714585899266218795051117514650990999786749046828503
5427294848894952512643622761257235630645825391393056448380546128792367545061899211656530189930411224874118633698982071345106145314219992755997.86985959893153364354436927584346759107072954030902234260914502153140826885059304824052204539399482385204445171830501623740613510346231779013043818303965676923
3155325844622704038013736881166796592470109280746338725862649906053797490821870094116782734626404229780491829520268953925726919242988288078993766.02843512275074198308061049027659190296133403036230467316844351524275003792063991589978150954432782019882874858842795066772016150457010338222882677776321742
1883200798372278945163909562585660664878912925321902120962032590030640769274449969947306066212741076381602241518202578011848417009257049095451918042.73303258930013937420222778841131557756625060364915626536717698555400237528856472358196143260775364716866887745900153615626040790660678924148276216700208
1153435169590376051977902412763735891434289568881423510018457393564686399218192150208705074548040955523338740936748737914222695190048838464416975190349.65425670351688878329059993585567618859200336498650408762963402903137154498466273415464140537871761377970757233259188418123972392000086668539901366581
724753284278060916968875890472829618220967096160983449561989036866812261962055527815732342001846590846929870612300707764496614882129967800022892977143289.813011969684760685951617827623485449973664691085278687056786213990296864532589555335124245828420743900980678997663028087631882799607003114872060988
467032993490569998447255444620792935964168034014532664077304200306712632201742283563886224955685498783908770336280740931503257514217033739627678354026629561.127036335063382188960031751374804309503521832674925480608971062028357886207706542671964807862232959891757601869552729528628285923056400630586146
308552248935037114875362283890802576425788910890436740899774240352166395421780616253015935329657970052832939624247886936730275614221104125889442845049346558400.293467803568856121623524998776573593388643427682122282794138455001287653099408671621170066426001356896194293556855585444598555306339270954911
208929820875622283058238955145300699495686333013243656594745810288282470211804367323258620807818257139332596506961938314428255819153724771989545937240328816372884.916507061572247158137729041603849011228215876219018720384186987821148320003434429708115662475416444525969856109304588891847372842748514376
144954842190829429450983637664370778301324394503009372798208769263525309546052176741599567301338543556687648258494282967235480214159937426264135236562993018778618785.854458755038020317080450748550031549640257848879931588156092495605718461050573178740248584755217843438079302708869609452710397187969856
103014591244838322530021822421110988662157778982474463795505918388302913226057738132397182950911058102547557846660036328698401855876379264686949052149281989281954156639.690092868676728293977288667707367147371589530419339404799776741968978986085251568244860780082576562102756283315064017427147157579636
74967776979428320104145162611670741478436877939485605433049633469023005207242773420018887870649877907424983002007541377308525614019525351704539972796248143633016272303989.6580594376272281650061199783918660926582204555632618154941540270737848187912741307301276765624493801416297700826606746756766895903
55852093126335790996715010680805483275019551740152373697783620893134024174327654216077594270474721660966625826508398827233132894040174961402939948766798219657745203568496712.4312839662993790074022947811282513868321501766452650780502977638003207209038370423046906524568326492510945900499453689855186538
42586805888171940417679482583057517209230920779450743923462282494824124932612658491264461582307584825209481865895755231225617321506243345420181780125682523536943927885779903108.5111282349443875566877590897399947541240957067746470088287261394912863961215394268310809782024801159133984256120444079081064
33225080967047667371876104211839995443353241093294968595299371600409933769840604831353771250018526121573623982312087804964440618869619762771029669961071336398186673908086462331060.9088894107989327817400391015973034458772126934690222865202240136037928627587773023892009523078440599590248077630759082597
26515485282071293519118018196743723606246744503374519524105251639050525638259885480205651508562656143668522699334849931761027777938542431986995753146553523296540182876339198229464738.3209190981017399621898174299466720879401745517440572967557432762760972114562701821443505875827130420906953591460907800
21640404748493273739386924496734813451558639102201861310127866640202168379966772220355846413604559098389266187209327570906366304797882071630090828104593046406230668907185859221681053332.1871831158096672388872312329240892386951082646911110719059807378942802875081758743604584350485714772268026722752950
18057416089194553130222354439489114352042889050032633528791052532290019411451467276902799940855077298665417695922208992403886645078832119122043712583217579934620924728126678108283687884490.3271308868471803893007234395975460669188602537354159688245673836876414543444990357028751186025017985442931306681
15401562459997071761143356874258856908703566182667924724228230964161805960400804663465255822290570824694548112782022933529829516703037766775434094936244711114641312143342556094633525532626098.7193308549969024904797664611986471266719417440913462652104176010055617384062948262173770514414703687943390605
13424240291485340381261981710472747499822527811959530901720813901010279361216129380518862647160112862241436526577630371569321768995566275423720314159636658245849616367671197565024317625296445762.4991744987734437930684402213266778975476892927853176068955768604440185499325742541526956142895853189297183
11954445500251456722199061446423688918003925954110769599773708603478654140457316982670484917389634263023386380843052184319798079926667399975183131845967032198546469192702598807310428594316668430108.7815875887364669105438973139129090929731986341456944036645683610020737841999964953944248883021062786309
10873894243082517300242082666419578836896037264398053642625226249464831236030440043006248395507016166599429053557580316963157803264963583023672800705708180829215793736022765753582761074597649504023473.5375162479760932179268567049702276055332530861839222263480464448039920071524666924778996950769212218
10100897499962310430504358238379181878591427760703614199886881438599553852354408896985070315435308517213987149066592735493252616803288402209346499677056754211206625080445802868761765489852875412186960231.2814249632685510157656412546718766627361111575909983491861556886678348317655497192793225602238359
9579862292956878922994716958430071919288227847802980228791808669076317106633778020105010123869625080821232511990892350473808165058329999519969591864108691019835809702194635063407688550632033157939439117964.13467989712166799312817943021751935481782051652529411578921886447700771652991318237430167091601
9274493737469328397901723050272114276714902219371880532011338211351024311749233515329888594757199689617785820143401558581085970047317908973584995119200480458923253768402198116148771571469539736432473869600213.44867065144741727199328146611418260879465514257575107232480057230118149474813672425249468006
9163510714872199588476962026520086659514631830701271039618776666261436913588842077860256350742549717007382522124426416147158123256250372544832619254998538912750704084217035022811837933456253753536353239456426478.38099277540577373893989236428921834311783326675366224923355458140281909708657516215465046
9238154631903455272731698194788783540388201092521087287254451402908698798881472507854729619718111272415170964010982472610968399904346614839426642518061622022959271760469371138311361204632420870475529763684828923652.51119941280361476690692032350583613492472839621314423171240374979289887267127341223022
