      130.41796901372478600933
      128.17627062035447238486
      127.98567128803438208706
      127.86644195546952573750
      127.75061304266810680019
      127.63582832587229631827
      127.52198879646117291031
      127.40907382416514792567
      127.29706603343336723810
      127.18594867950011462199
      127.07570553231374788083
      126.96632084991267674923
      126.85777935678450489831
      126.75006622387117261042
      126.64316704986353556706
      126.53706784361621373591
      126.43175500756323970108
      126.32721532204342906880
      126.22343593046130649782
      126.12040432522009325567
      126.01810833437296821558
      125.91653610894312009805
      125.81567611087001523629
      125.71551710154147940557
      125.61604813087605236888
      125.51725852692165119606
      125.41913788594109746555
      125.32167606295487871648
      125.22486316271606199280
      125.12868953109175151894
      125.03314574682956106244
      124.93822261368711679097
      124.84391115290513596392
      124.75020259600563576896
      124.65708837789792085005
      124.56456013027627705014
      124.47260967529378206109
      124.38122901949901688567
      124.29041034802122567271
      124.20014601899202943969
      124.11042855819165708908
      124.02125065390885083616
      123.93260515200381632894
      123.84448505116431249462
      123.75688349834587143050
      123.66979378438719550104
      123.58320933979265987546
      123.49712373067399084903
      123.41153065484360240589
      123.32642393805322456046
      123.24179753037051909814
      123.15764550268806942768
      123.07396204335843492572
      122.99074145494968490766
      122.90797815111662316667
      122.82566665358210400427
      122.74380158922384964626
      122.66237768726254842022
      122.58138977654654411253
      122.50083278292922273067
      122.42070172673530237262
      122.34099172031210400746
      122.26169796566267677917
      122.18281575215698353531
      122.10434045431853178343
      122.02626752968282630718
      121.94859251672528444033
      121.87131103285551603221
      121.79441877247562331377
      121.71791150509992007755
      121.64178507353342695296
      121.56603539210762221501
      121.49065844497030752791
      121.41565028442826701394
      121.34100702934061644100
      121.26672486356036984034
      121.19280003442348458975
      121.11922885128251436981
      121.04600768408415945032
      120.97313296198854004615
      120.90060117202887113308
      120.82840885781038764435
      120.75655261824624631117
      120.68502910633046099065
      120.61383502794529931634
      120.54296714070254381568
      120.47242225281732430631
      120.40219722201366892023
      120.33228895446021056159
      120.26269440373530983379
      120.19341056982062809766
      120.12443449812198537074
      120.05576327851699147686
      119.98739404442800093875
      119.91932397192013581844
      119.85155027882315437182
      119.78407022387642655303
      119.71688110589676057316
      119.64998026296730415652
      119.58336507164825945893
      119.51703294620732265230
      119.45098133787027450126
      119.38520773409047137648
      119.31970965783688143347
      119.25448466690021120939
      119.18953035321621314324
      119.12484434220620244105
      119.06042429213317745962
      118.99626789347487942905
      118.93237286831134724707
      118.86873696972763525537
      118.80535798123123925052
      118.74223371618330702404
      118.67936201724354816633
      118.61674075582851628496
      118.55436783158235414248
      118.49224117186051330464
      118.43035873122522616541
      118.36871849095301456600
      118.30731845855331130224
      118.24615666729853558081
      118.18523117576462766465
      118.12454006738245482211
      118.06408144999915066364
      118.00385345544934523332
      117.94385423913627164438
      117.88408197962206713783
      117.82453487822728277479
      117.76521115863916122635
      117.70610906652868266065
      117.64722686917605187773
      117.58856285510407246875
      117.53011533371993380115
      117.47188263496427396149
      117.41386310896811551174
      117.35605512571704878155
      117.29845707472259164206
      117.24106736470038470088
      117.18388442325547771361
      117.12690669657386877134
      117.07013264912075101165
      117.01356076334486999713
      116.95718953938917650248
      116.90101749480724890873
      116.84504316428571257802
      116.78926509937220146185
      116.73368186820896141853
      116.67829205527158364930
      116.62309426111359300648
      116.56808710211517166044
      116.51326921023810712086
      116.45863923278444929110
      116.40419583216089449706
      116.34993768564720539871
