0.0833333333333333333333333333333333333333333333333333333333333333333333333333333333333333333333333333333333333333333333333333333333333333333333333333333333333333333333333333333333333333333333333333333333333333333333333333333333333333333333333333333333333333333333333333333333333333333333333333333333333
-0.00277777777777777777777777777777777777777777777777777777777777777777777777777777777777777777777777777777777777777777777777777777777777777777777777777777777777777777777777777777777777777777777777777777777777777777777777777777777777777777777777777777777777777777777777777777777777777777777777777777777778
0.000793650793650793650793650793650793650793650793650793650793650793650793650793650793650793650793650793650793650793650793650793650793650793650793650793650793650793650793650793650793650793650793650793650793650793650793650793650793650793650793650793650793650793650793650793650793650793650793650793650793651
-0.000595238095238095238095238095238095238095238095238095238095238095238095238095238095238095238095238095238095238095238095238095238095238095238095238095238095238095238095238095238095238095238095238095238095238095238095238095238095238095238095238095238095238095238095238095238095238095238095238095238095238
0.000841750841750841750841750841750841750841750841750841750841750841750841750841750841750841750841750841750841750841750841750841750841750841750841750841750841750841750841750841750841750841750841750841750841750841750841750841750841750841750841750841750841750841750841750841750841750841750841750841750841751
-0.00191752691752691752691752691752691752691752691752691752691752691752691752691752691752691752691752691752691752691752691752691752691752691752691752691752691752691752691752691752691752691752691752691752691752691752691752691752691752691752691752691752691752691752691752691752691752691752691752691752691753
0.00641025641025641025641025641025641025641025641025641025641025641025641025641025641025641025641025641025641025641025641025641025641025641025641025641025641025641025641025641025641025641025641025641025641025641025641025641025641025641025641025641025641025641025641025641025641025641025641025641025641026
-0.0295506535947712418300653594771241830065359477124183006535947712418300653594771241830065359477124183006535947712418300653594771241830065359477124183006535947712418300653594771241830065359477124183006535947712418300653594771241830065359477124183006535947712418300653594771241830065359477124183006535948
0.179644372368830573164938490015889396694350254721771749635526725310007043753173784133536455517879666486477631988467901780595279047291431192359984929644372368830573164938490015889396694350254721771749635526725310007043753173784133536455517879666486477631988467901780595279047291431192359984929644372369
-1.39243221690590111642743221690590111642743221690590111642743221690590111642743221690590111642743221690590111642743221690590111642743221690590111642743221690590111642743221690590111642743221690590111642743221690590111642743221690590111642743221690590111642743221690590111642743221690590111642743221691
13.4028640441683919944789510006901311249137336093857832988267770876466528640441683919944789510006901311249137336093857832988267770876466528640441683919944789510006901311249137336093857832988267770876466528640441683919944789510006901311249137336093857832988267770876466528640441683919944789510006901311
-156.848284626002017306365132452088973828104262886871582523756436799915060784626002017306365132452088973828104262886871582523756436799915060784626002017306365132452088973828104262886871582523756436799915060784626002017306365132452088973828104262886871582523756436799915060784626002017306365132452088974
2193.10333333333333333333333333333333333333333333333333333333333333333333333333333333333333333333333333333333333333333333333333333333333333333333333333333333333333333333333333333333333333333333333333333333333333333333333333333333333333333333333333333333333333333333333333333333333333333333333333333333
-36108.7712537249893571732652192422307364836100468284376330353341847594721157939548744146445295870583226905065985525755640698169433801617709663686675180928054491272882077479778629203916560238399318859088974031502767134951042997020008514261387824606215410813111962537249893571732652192422307364836100468
691472.268851313067108395250775673467553334071687798050423189466571001609933756763567664568776915829196140653315291802499811398587816830308487705595603259674449885795825729084905948087260656782347549867015940430845881346437519963660119388706707950311954761342970464216292914846863678899274004946974914
-15238221.5394074161922833649588867805186590765338393421884882985452245414294750158127767235926628716002530044275774826059456040480708412397216951296647691334598355471220746363061353573687539531941808981657179000632511068943706514864010120177103099304237824161922833649588867805186590765338393421884883
382900751.391414141414141414141414141414141414141414141414141414141414141414141414141414141414141414141414141414141414141414141414141414141414141414141414141414141414141414141414141414141414141414141414141414141414141414141414141414141414141414141414141414141414141414141414141414141414141414141414141
-10882266035.7843910890151491655251053747294348798108196604437205940965339461580063083822482318722920226679625175865777369536768033008634512393910890151491655251053747294348798108196604437205940965339461580063083822482318722920226679625175865777369536768033008634512393910890151491655251053747294348798
347320283765.002252252252252252252252252252252252252252252252252252252252252252252252252252252252252252252252252252252252252252252252252252252252252252252252252252252252252252252252252252252252252252252252252252252252252252252252252252252252252252252252252252252252252252252252252252252252252252252252
-12369602142269.2744542517103492713248810809786419542517103492713248810809786419542517103492713248810809786419542517103492713248810809786419542517103492713248810809786419542517103492713248810809786419542517103492713248810809786419542517103492713248810809786419542517103492713248810809786419542517103493
488788064793079.335075815162518022902108470538905673821807036295327357639974121620665660856893334002158246546869835096072840177855978844553514353368498089347291194791397368173966504733865563620040566803389913348587686161626685085075815162518022902108470538905673821807036295327357639974121620665660857
-21320333960919373.8969750589821368385574654533198517020559487698011459386585776879002359285473542298618132794068082237950792045837546343107516009437141894169194472531176272328951803168183350185372430064037748567576676777890124705089315807212672733400741489720256150994270306707111560498820357263228851
1021775296525700077.56528762805358550039401103230890464933018124507486209613869188337273443656422379826635145784081954294720252167060677698975571315996847911741528762805358550039401103230890464933018124507486209613869188337273443656422379826635145784081954294720252167060677698975571315996847911741529
-53575472173300203610.8277091919692044848490405436588164998678140104923584272770755874635724447989779654360380267764498052357877138853359128703308928590530593033721944860868515436725699554235223822207551869629466625711932345223959742107426713183909679529203934710818315323947363997426575649354122445487
3061578263704883415043.15105132962275819418676561533704390847247990105132962275819418676561533704390847247990105132962275819418676561533704390847247990105132962275819418676561533704390847247990105132962275819418676561533704390847247990105132962275819418676561533704390847247990105132962275819418676562
-189999174263992040502937.142930694290294734245899617708718707608829695400172647675422370205944012825255888518929584412381304723147120483413491182636576643235910716487853002836354667653224811937353557775311382414601060550006165988407941793069429029473424589961770871870760882969540017264767542237020594
12763374033828834149234951.3776978259765416336088299014482397468163770712595605015333582033350321996465657505048435204012827316369189920993959391840888034201506561652208788918487693727680487031695240897491807786412222029567279484525429576737090805280146557869166276978259765416336088299014482397468164
-925284717612041630723024234.834762277951933124346917450365726227795193312434691745036572622779519331243469174503657262277951933124346917450365726227795193312434691745036572622779519331243469174503657262277951933124346917450365726227795193312434691745036572622779519331243469174503657262277951933124347
72188225951856102978360501873.0163792248984042025968876994746753890375656655763703042918029537119635246307860045594211517494300723560313212409554960848448805629893943899296263257012587967092873426504113390821686985826147289126771731588859153533551392605808306075924273961740509465754782436316780652195
-6045183405995856967743148238754.54728606614439596719620740630160809601335195362210034744520130245555766981969600976672833550640109809771633396475422486231940471021219257736569893172533690957267398752040543219096401431996444948071295891927070838775703030110616447322880113350584538817829427228095316901
542067047157009454519347781482610.001366120218579234972677595628415300546448087431693989071038251366120218579234972677595628415300546448087431693989071038251366120218579234972677595628415300546448087431693989071038251366120218579234972677595628415300546448087431693989071038251366120218579234972677596
-51929578153140819467001947643918576.8469970627139744786803610333022097727980080921257391845627139744786803610333022097727980080921257391845627139744786803610333022097727980080921257391845627139744786803610333022097727980080921257391845627139744786803610333022097727980080921257391845627139744786803610
5303658855119700596654839243069758643.69929263540554909795662553611937129133754701567809938997479555558724929263540554909795662553611937129133754701567809938997479555558724929263540554909795662553611937129133754701567809938997479555558724929263540554909795662553611937129133754701567809938997479555559
-576332534816496401389443585078099255519.073756218905472636815920398009950248756218905472636815920398009950248756218905472636815920398009950248756218905472636815920398009950248756218905472636815920398009950248756218905472636815920398009950248756218905472636815920398009950248756218905472636815920398010
66511557148484539375165201458105559510397.3935945492895890936307347819901402265149968762951004224733557250397421860985853637415180587256521120575009123692528469013465951616594604959577402933189828474580464782546840109608021426759944824856031224677887262088119405939369197176913037292706612976055719473
-8137378358136680538716172632093575691840689.16497387926236794500449973301502084872821186884369150278956629678117944413627669616377639570872508512769690506624003785777600983181981790794000751655838630462146613126029639530253886905693926622671405717193058399634554472740038912850838478142315586591915075
1053696695335714180375480492764181018964837337.50114155251141552511415525114155251141552511415525114155251141552511415525114155251141552511415525114155251141552511415525114155251141552511415525114155251141552511415525114155251141552511415525114155251141552511415525114155251141552511415525114155251142
-144181805999622062618053778015118128095703320636.642111111111111111111111111111111111111111111111111111111111111111111111111111111111111111111111111111111111111111111111111111111111111111111111111111111111111111111111111111111111111111111111111111111111111111111111111111111111111111111111111111111111
20817356522089565462424808241263562311317343264149.9791893358801134569669831875980158077807264064045257535311784859705293701677065149036215943991712526974733123015220664406921188114678168927716848150844534208006179073086848855384117590265872363521549778330971821026070573991007987391350863321930229706
-3167022663488666182741349556774256134291806983042075.30303915446163870695770519608668637962356067072482814451105317930590799849648804482358774714803263919730512542382582155206240345081309068015204622363694699019690393208000312589601222621581120028353197632023703977647642177362679333149521842473552333
507000646121113734317926481531748765676296280445556213.073194010610342604987852645148495215429619713421587584907531360007932966433635777678615697357330556795081560811145817839258267638455054787049432297089592939659874064157866032029351975804452377410878080222123060141801775001239526005255590262283703
-85299728203005518816208400522162278887807044700382824140.0895454463748834955738408707117083985768484330955086931219666997237124233826819171060151478560134377124413107502297806877334749391196050786641353744225076041055734833710753888198688593991882987020370096033961255415292436328810028443020256763947
15064172809340598576695117360379879076101930840250545639808.4127450980392156862745098039215686274509803921568627450980392156862745098039215686274509803921568627450980392156862745098039215686274509803921568627450980392156862745098039215686274509803921568627450980392156862745098039215686274509803921569
-2789349470383163687128838168631278171234756888605468810319303.85372100934551450866327136057439445071471754759324457621376577628788601953704795542303754489796300351696810770644640226703127836830648346238865585933624947825712611858864575203035186526586893819008098946781291002438855478627727334834455431
540935043528604150057635618718841525823362902769152423782603718.855536580622900990692524619767518605770451404834571885944427483123807116100281053257913676448233209836384136759940350104597257455844663261538178079258943797964419471067570111846260717896131184698743501513383812462425995170505958167391562
-109753378215085198550167887261707951670999031194782603868968524499.932758553503234354298184085418127971319460681162808822383290468396851375574779830098979035149247915205362013872652170524510950042864936481957758553503234354298184085418127971319460681162808822383290468396851375574779830098979035149248
23274876202618479173478641032052184930193480042757123111343992703512.7249103942652329749103942652329749103942652329749103942652329749103942652329749103942652329749103942652329749103942652329749103942652329749103942652329749103942652329749103942652329749103942652329749103942652329749103942652329749104
-5153929162065321390194655212171717177039115939666563367888131969750052.99937743929395568347405186318722433113930353086460456158199607179850389451104397962142687813748424644980771500831505299923160827696271825089928565719316094344021955652608999134804247950971643161487086034658726242142028423985591009
1190621023089022645768481617687138046275022717730985474245633656813117102.50085910652920962199312714776632302405498281786941580756013745704467353951890034364261168384879725085910652920962199312714776632302405498281786941580756013745704467353951890034364261168384879725085910652920962199312714776632302
-286689389602966736962264205419007724629138191192049314426550825398635001121.922033751860034488297314579942842769125397388223670851933678216306479132761761024587307215570041852670115496398124660950943579206405489033751860034488297314579942842769125397388223670851933678216306479132761761024587307215570
71893078023372986439284437139313710130925773430487969979728305521984597984974.8451770627825611964802582893518200641145945385107165362860835320702666660563421113262505168686078039149268602310993928796485751210349883809462777068275482194544003637534349828880252796430822000369246355980951770627825611965
-18760693430504671847895462726582676612086697929922401628403780992271617345946573.8315022592660438419734994199181779324662636624534408011235268974781706051169322830799291689564633327227208890517188740306527447029370458569945655492458936313122061427611894730414605849667216217866520119680039079196434023
5090491469075107048132915186928962889615405955751160882424758710885216609341624240.64691440439103990505859664738169411066607328289571280225485832962468476487168075953122682094644711467141373683429758196113336300252188102655392375018543242842308262869010532561934431093309597982495178756860999851654057
-1435142882843217109365153459183100752985026186805595770803259502906704580972018928967.63061110647897322205488230599882231748487458928785601378942744875797519410324036138765880895362190987432604722850830274065546504553651160629895299889328087664106051839941137479762400978241746242516409380882576217651
420090575066658694072472242828858672330628642743146072906802763323839124076255123669039.648626545397405171854894449810503043269479067426632426451115938732430736637140524437909940321370136070792414847243146187919005846989311470582094652878276912798434356254278653379353237931038271902035183030215122176
-127585812722475759084325945728494520453193198300989091702645306582185580478594353831338557.361738697649524445912821220222178774656830267234331209631430421607951271021870027416707486355119592118999755108821866437332520012158849689589785445033250594291000688530710609728362694669754570309238316203079527
40177568403621818804590312593158766155287105446305349215232236407637096953731292927939665939.4848644472538277848012361286697569883410591375193145104649529428290490237392892260148897317038909959263941564826520578732968113499086950414384042702626773423233600224750667228543334738025003511729175445989605
-13110136312006834587473782516955141787962126058340738285327846488662827803241259381808595685028.4498538442643085237042495701301891427167772046180299680668140506018177352001965119135347580447064603291574551707197248833210513387374109555391795627609923851633505281257676246622451486121346106607713092606
4429995653697825963771152054488205691783842303837693808260411423492376322442011467108162832035794.77279202279202279202279202279202279202279202279202279202279202279202279202279202279202279202279202279202279202279202279202279202279202279202279202279202279202279202279202279202279202279202279202279202279
-1549214069517355388115428813495303392547141810573373960123708171780653825980572315063202243094618694.45633172719853390496491347774580754091579200407992014147058228639475240861793857835885589706804511747267634882770449579237042836585399608983886305757774031402503570155891173810923774857962635819777051
560376485562735197495062067876877088004366959209006681234581039077255602381118540046889690625683488783.864325068870523415977961432506887052341597796143250688705234159779614325068870523415977961432506887052341597796143250688705234159779614325068870523415977961432506887052341597796143250688705234159780
-209539241485809792706475441707191285559443198735242015953215999495931885117658764781956341485856440005889.083401084010840108401084010840108401084010840108401084010840108401084010840108401084010840108401084010840108401084010840108401084010840108401084010840108401084010840108401084010840108401084010840
80952903005636780840063646367788443599728201881839830445464036415125125830689666171037960756370302442917977.2386628601977879768584327087341627904718473109786496714721873847484982078470009981631004523338819985031742221824183733167876367846628601977879768584327087341627904718473109786496714721873847485
-32296335560269521345597210029875230958981234029130932124003527634243982642289969573269195698905726760133924421.7179559643739385517986722247954299830168287787555967268797282692604600895476300756523081673614327620812104369306777829241932993669908908445267870927898718542535124285934846379496680561988575
13298639173668232086982288729182306585413400209228311593613924138961261982809316992420583028484284891958095306273.6393004248054842764588903413685945196685477175446996146445818024017917502739089815248167813408360186276039285093075258173784713816668370192247344741575169411136036380133663996614467056505
-5649116466051075898602446992770080921881037628671390178753190530990977545184469393890726028701130278752356148063583.27031641899069612807593993598917535490891743151849853654471454947996898054112810070822861169171436619460357392006811685715540157238073233931975405490670189413446245779765700903457193365
2474377846395070938854933389900862371892927520229385856543584285720530482846019346201205592257251658518167570412500319.73746867167919799498746867167919799498746867167919799498746867167919799498746867167919799498746867167919799498746867167919799498746867167919799498746867167919799498746867167919799499
-1117024558086279348569136041807353784665391976601352720756394241583979271592060026644167679868668131525896210499143446785.25528543750563215283409930611877083896548616743263945210417229881950076597278543750563215283409930611877083896548616743263945210417229881950076597278543750563215283409930611877084
519488169257332471742161057876322442830275351691125076990542487824589187662071080957382199043375511198628294235756109141540.499206354526788349011514724944912616486803014269967559331719502262986717541415140689347663262241802857050990893660506999188437947975433688059425332628978130033412535163890718677
-248780065766746559654620743627766766501184737627567422328447360010291014935876287524040645103889368521646214145918423752552276.938806413653129772220900483904456636906907870321694871574152219572745706476895396570729640844699841698454561442461554620491870885824785356932344538956675182614295335774296365
122630550401962754019495891539749727298340300868966159526145231889983901554803408805064147680982155214343251544587641566011332410.591607565011820330969267139479905437352245862884160756501182033096926713947990543735224586288416075650118203309692671394799054373522458628841607565011820330969267139479905
-62193700486037041320816400925610847522396242090114219687719572159500188551152276949529223988929554343962852497496132424938167504165.5855868926922414869643009415362258668068596720885100049088865734707699689577305578506125276882828419887145545896651019527633985740449445114939508581830465383953331181471
32440324565266216906991917146180633177181118003531264005462271138677296982235272278820736959706386697293655672188655510841105902094078.2936781609195402298850574712643678160919540229885057471264367816091954022988505747126436781609195402298850574712643678160919540229885057471264367816091954022988505747
-17395876347660003996588984839299299877959895782791092018087948336471225415032705969407513529208854478091431227152397382253551493674491069.9462695368975330624419790287479645101888630172426912599491698245293643184343088465811380480603874659483480192972043403491150375138869865619625926433213106271591411
9586622483519146107772404087314663130496712574033599615910351182750706633040741613477092018111908767593613870904985728013002540664395583593.44004000088822496700122802501546216320636402389139786787567549149784345900589059783231853961879238988329141439889014333183177963376079708131741985576349540912841
-5427294848894952512643622761257235630645825391380464958418303600532139147392343564041846229540679302039554105116354870385768743259020109088236.03694812362030905077262693156732891832229580573951434878587196467991169977924944812362030905077262693156732891832229580573951434878587196467991169977924944812
3155325844622704038013736881166796592470109280744532535805250313926895719313111571336518594273826964150534663480809408023939961122859766123619094.45327744624419816235673013166619304726721606517002936440276593729279151274036184522118025954343089892962015724164061759969688358435161504215212655110353320
-1883200798372278945163909562585660664878912925321636100156914208583732882244818207320674041154225470226816518747706773888970178349310633804537907999.34289871832639543211839769434584784074274649043465009007131302898646255981805436660839574575027082807511370068655042016584527335976749066786769613997917
1153435169590376051977902412763735891434289568881383295375447709326427397923610900583231663511341431439492199362181351150802039886333931140656042715190.00053078556263269639065817409766454352441613588110403397027600849256900212314225053078556263269639065817409766454352441613588110403397027600849256900
-724753284278060916968875890472829618220967096160977211872423679565620803689052072566938030042587238770427178207976029542290785511586539227369828622849935.861446833970029741665593429216503849025978908764973029611236481651467710318309923085105132153127605335179575183906414788090974442183126301044061798
467032993490569998447255444620792935964168034014531671664441829871040989257178913713769572934494788655502901111016220105419877349562926485103307190585104544.447280309906277777855004909482037663030734310338138972586298333760257886836447579908437083828661376603428764149762876685990463142510148974473741
-308552248935037114875362283890802576425788910890436578997921543782947816228502226641173798719356564591948120520294620425213424321684836918016101718670001498680.643163451351417941705472195530588612117180377953531919087392514844654692389188656466356222435755291103062556976371744647300859881242762460886
208929820875622283058238955145300699495686333013243629519824495270248177782883410422790991682541969478175678894538929504220265227284317187032061766381591277897502.396500937518901590757878183027883626686021895602733926087219500393153087763866206979979435069255428536865662614165608177584225488417105184
-144954842190829429450983637664370778301324394503009368158326293040385309510043106150442609061659238797172878412431832232046392094163114290623432104813950112923111344.318659497153039910576732910985244901442749760320141381823722263703796799822642512334728315185775794401594696982841532326592450359122537
103014591244838322530021822421110988662157778982474462980908983170029733002503411209741781653826456651022229097352665348201084009654987855996276065507862733452405604972.045947642101488255334409180563026716872870719024565178411332257486103639949793795947642101488255334409180563026716872870719024565178
-74967776979428320104145162611670741478436877939485605286579437047474677292563866587827690967977508176135941203147666022363311319460199597110098243971158139401306581414069.9096640525527048192092305265411441255676120294313175359722363068879649348161669427261152238335079831885429694982478675816065533133
55852093126335790996715010680805483275019551740152373670818392661043490648308949341289851514453120722371847283067853906749433575733001197638767676524750039264980169029369277.4554184725390760464729309639665277952727742087985058495492511363972126194130700841781472721024009355546535912951118202416331152
-42586805888171940417679482583057517209230920779450743918380831071009281769821676518464795528487220438866667312629410348727904129826766940424869177574224259244882706073383834737.1789333399700867156828535029058032592616919752756989459193545517865182223353435169866676519166533247397640052601402065467125
33225080967047667371876104211839995443353241093294968594319467558448854077405957301611025073831320774211501155763580331092886874925154967755131384830752378765044075718514058935605.6888262895979968226914538816820797693821081757830171806121053351429262801291965196898441856305694957337794190364969647235
-26515485282071293519118018196743723606246744503374519523911931399293822924288329098419723359029196165628458824874950958714017831974455035403671820986274799691260287285771728159747954.8393692693239917620223875825593680423976901805905370779959156319541850377646042641071937884345665431722536239802804339
21640404748493273739386924496734813451558639102201861310088858289430168477878268424872583178699121289638085946808811751888819686991377208889581332981863758970066645143717393995149589435.0004604051565377532228360957642725598526703499079189686924493554327808471454880294659300184162062615101289134438306
-18057416089194553130222354439489114352042889050032633528783004025603726401832151525311959835401673457978478758137782077064703885769854638766738346285925553751803350839084386116135216756751.6636093671278533503856140758826493043444560709994961826144246793008564895554780451885439677556873231794752548153
15401562459997071761143356874258856908703566182667924724226533330980482020552225678452260443660710169022537200053027333900781048849061667961145952331241941254305255582319564419460128806364498.6904976404976404976404976404976404976404976404976404976404976404976404976404976404976404976404976404976404976
-13424240291485340381261981710472747499822527811959530901720447936541890678450260542983380325942495450435789268455198932826644367599363710377855122534662631337535150559355052599422520177568664797.2095811051693404634581105169340463458110516934046345811051693404634581105169340463458110516934046345811052
11954445500251456722199061446423688918003925954110769599773627991709644513631085330363273696955434734849312111926788810110584610880089928094786072806834641487721696134755066560697900075960589527200.8257051106091245707301553723892292827720401891431559843427208174154072932432443776248313770128778854782
-10873894243082517300242082666419578836896037264398053642625208110079531587341362345903060961688218158022586510147132552679143451097980056061914940610095206785546685705166501716864815836736862524034966.7118599320382860518202091651729072255573221148360486753195059812878166305761873879819719204982065168
10100897499962310430504358238379181878591427760703614199886877269776211269979687235649803963381638345800330083112208662538037738198801595019461695746822149524465887703344000873237391163761577757321587762.5004317789291882556131260794473229706390328151986183074265975820379965457685664939550949913644214
-9579862292956878922994716958430071919288227847802980228791807690768552448147197356353382434518245259352437904902361507305598973594291552870257188011568676916243375264524142696759651143892503704575367825349.03867276013171339619790521243348129397490503739409743260609705559819335418845308570496737834389
9274493737469328397901723050272114276714902219371880532011337976974105640889898250137499690159430887132228961584378459700153893437354044312449449159345489119649873344042941269018442099816407309919304598016278.56442362070412834233475243117554881246358797384738640955116468875632070871972313467509392634
-9163510714872199588476962026520086659514631830701271039618776608950213619625052728992701984419749717328665322058862573186942199437715689374552713706436699872637151281711925807202321055543374409758907361079248417.96399895813211668023034684887780357886260497602646647799968132614217421251869028059810516