0.008501516554660465078517148643082668586201148410044186313482904375228189403191433956263066285391243749724652453239395680598404631635962800153757159018971492344519817579542239408486172192909681879467548675605877072788629680420713044710577934491215229252
0.003985931270715746494000510624417326283172736058130213711382727088466137537446835167566215084480439023415261111239720506727067379554359862286769197665107711822180693718669675501525743734015273822809956219113046179197784251809879671574532306739964467965
0.004170588032987008880788552100824932869542982756706969827419138291115614706315833701012725257626721006776146285453024177862693354563284176838649728849521720714602144618728821385983778070618608505787925895826635597510166859635335613958560036242287181596
0.007577263663151655736423301216957390774739919001118073365284556978606889734774996639229313617373649727533356988092369453826550670330180012367407913601466678724589176884107833296673067560086579331882610395822440103608017234690520965352867647368239903656
0.02109369111991314027237376375310987691832639960995969920236771722476642693980021528372435320551975504143707007224999348074811325782412492235172841791794221436950644086713721654584446769870525195068849343016110872711454554870195676254214644823922070987
0.08333409804026560625758700468748841521536439426711633358962751187996982316778836495177163901503632893609504641770260522649114485370327140590843482722697593100142604995317112497299341101742479736479709596578145394275941148422010210032977510992962523307
0.4432606953188647527288801277286360496869210592047837247271327552853873450508710089433085178988711066467048924766513065778721825383485825188806095429570951686846552711448572566870376246644738838715615010211401105381952187693845212395654343500422462816
3.053955692914646718452424590777248070907224563847972374591717442716567047895850383420567428217596324223876348192340424112433124860810347813957166227778635640707607931544219139237960788725285862740938295703019441224023719066386662479187304701832856915
26.45621476945136576605251732083141180925045790124419764750290900772752630175308032741054114671594655068161101526611967019735729147683139607597205758781780529505242819761869070843113913899749130048131661935384467170795720504331928608393126324218372132
281.4601513095330842492407838724806837234393845610015907128880907850447195465354878973115928830526386471881613653271965945642568571880134366932409994832798648635059153412670744893648799434779696333018347107014194948681052237273379350823189538676631224
3607.510565083031849216441401781783078491949887080033365233905048709418422800114941996638207017618136507123521204164291947910271557739635564499332879757780834594489651410215774780007860555620143948004465029057883456670226755864007224704298609469528356
54827.58339867132289992011323137608831100787517391774373719949249613747068614090936065017832200461019493281620227973242675100719575785613926298377306193046269165550308211329937136367937738784834668641077980265333045708225508325492490362218183114948769
974936.8241195633917174513013391221846573039638166490263266790362827347430016663021892534265529743856827274873683623890017713098956348731612372939718719344148839723286609681087568957399280281010445785848680857533781370001751117220492146445997048539172
20052695.79797594900027800075668397125524745277867681579186328976741260331019169814798528289291283205840025011745266726650020697364615287342182480863991323625040376819941471451476259423128826784086822327584108647441664273282017080393074155163053237171
472384867.7287254968648302080218744351579965730135910967040848776197247754886176980791025176082563701737652660038049678070936597116297602298532345764369496053899135204089915631076116284282929021622531843150946620633052556271771519246804038151458311833
12635724795.96124142315677034761688638834287253152474711081437596098382685923150920866903388701910448662231782044670061597154474505487860553089317179624939505319515717714463944081205296302632985891907482514813241310386875907374607661957615998467887701
380879311252.7704012035410369758788577537312564208372056160787345971565996422566792418201778089739541402279203710179162868098309512564680178616290658693766159077339125513327611488144790090867906070531653941121274679249011553548151603223802992454263490
12850850499307.61041148322768624325271875634318325328096295926696197173299564817107056759731944236905828803270953507983528570274915390718122674890862595753784341277227916118962257331186729881708862158085187884884746639209729948430873877672596809175827
482414483548524.2038513592883348568119732111678846203095988464297097527742986926900968502161455366967696029435035236188143157382598602104247566962766490683102313580531305744574202249034894249372542695757837171383737357225119952842886434773566805679830
20040310656516475.01300287811457575161424806692805040613626921039960410012313853579358474983012479160735246068281522221034579599265804713572447318044398799381571208012333843672305866889105191007505733830124330024558525574812036270442169667484209255057
916774360319535501.4103437669135182951624317397751252401638521143841208537294821900416234689019121115031709734731392305447853041690038939879784277086281433075303592632133024104279531320522053580744041671651103680647757822189014565135962002086664233964
45979888343656532531.03333638778939527828240709205442340118086621124354983911970916452982040193212228459022165986820785322343356654741964619869045386474137982283420063648920718304251808878624545282061227648581463309698330787437537095242581001596115065
2518047192145109950385.496440797151347484922208139300555741973101168140581029543169940258706102540515536950293143437034340264127961116610601914034870815713305350228977023342117816127421136734474533624128636569720396541395499716307638180570985821080252
150017334921539292775569.6806388594547591891403739017201272210269335566375226255845094008041478258798915699796011805420176479970921196570272265307347573546661097804219181296337010400385148262975857612806467329209766953183709197728175923700468448502920
9689957887463594150026375.960783178388431876993660362796589654539447008558155007060480435065823668678687444621898674384986888583320222184046900597138313408699014828199208957191899861976679620362049469281483528979139825852265008671083219880705954592632
676458823792928211326471583.8108955010350409647166813390295735268495138239947015500856868163709808534253316933929396225253117720441026769214154302344016857590528517453838527026105391224572857731196614566231895151130775752743647423157578808862233268155
50890659468662289715448142764.33814158626334391308956044100462482278797983334624864483970871866902321516729769259016089105765229824107197762135736753368326032585047014632749708096691969742554699891080915554898634631193797944337786573614794349129640039
4114728879255797870267455046879.553853095402812187609824651296144148792689331643429201231273136018358246008716038493171035065729346586458512804138335465937501479976375841975673065757323567669886625060874369994874599178755789760332107338806483443834356
356665820953755561107332467649071.0522176377625825427933189116639536805702035029330978219461406677462742488030090626315373363015184637064855222615847561600675842503445399322687404534810189066572657978405872557824813853476078615438549181139232272476798
33066089876577576725915298778416713.64177408446466986826256924659557945486808117263511537191556682524409000815275275379141023544155612435155485453741937145425529747432774942276695931572825478656274350837388319010029905710393734797762314668277718031507
3271563423647871626426752917710906662.617798780441260143640120581147897562480344182141264297465904375335889619986264753308045041864686235310534484531803653154820297261856087677824226636590561147837261653975402624253917962281703113929190010422463577976
344737825582780538782708306760844225480.1774357749231843953095490591578802176454627490006228877243661247939631150563331502738705968439744892189828583318498746209716041618816886055820498178997207507435178021653110329519194914155434319835826707602448579
38614279832705258893096625581397024552490.20599863997173225479081104041506867978924939895458938365876075013265214489201794688779926549001112735635574096043121654990711504629811458300115070326192694127326582232509869251194518259388151786286891083352847
4589297443245433216886511575569837680187578.146211882431531566919870330555486237805300517873771140543648872178728479642418670928191807961956479472426115342393763961093555275075383548615336087621627669417482843672551876483434606170698052389158278335991
577753863427704318248851703192430656411119874.0201675278076658586451152413032451620916786965962751464506900481540734202572472985994100862153774784110775780279214138211348177188932463961816736304310766137937216256672434228511860329707401308874581676908
76919858759507135167410187536262384295881247057.39530498068032575189896849700429934393880828452090499515924177588470936344423128112474172317472347996114209395497983791725164187981548118764527824178930811650856370241896968768141590761955723082732664636
10813635449971654696354037167594486985865531696312.91944071870023300406794217555446943353274932566311450412080375789738093943155922661009079901456935205356787166761502171852713429301676280192749568373712803140938613331518527679248342270724742654890932
1602936452200896540606710372335004055288333913455504.168997589686838199484783197946915025069982859780876991183203405845912586887356836787123571315531724635583308414939748794361530029899385456276023899240478186382132355205869664332798112235856635401102
250194790415604628436566620224565728115112315796905126.2496078617203907448878752336787173253974676191055857802281495035114058467771092685711709402631417015577634266537512549460603864973793993467647930898487142815191395098735201572735675718640899751581
41067052335810212479752045213762202531370964398546403393.74687441118235139207779569883671536166211582118546514770060401615648205252413758581583871856904534691310298342728985750013231364474117910502152013520301745904026978852116835519143172489051686946
7079877440849458061745297252159254325883502822059403010185.790868751107455593787919227767662999663895279098578234014520544258312626662574071347506825130957400451923011706314058344807913639409801926115735284495094447305369012191396220439754685518466282
1280454688793950879019084976021689461844746616570873818877036.975157518109233318051700963768635948066375985900865166434986978890915191062299122738857279082781561568186664275213128024815256238654101651866545708763365404662761450474360758996200164663501
242673403923335240780208920688946949362548666768608385763828070.8857982203711738073386971541271527535276807410067129197694039837375352841238694216569042863397235536325415130460346558008763483580125947750695837525774438189337920800659287939883372904336
48143218874045769355129570066850823494875756638546143495832242112.46926195961607150617174229040097300068590416256703409422046822789464839844380409999321299462249767484400907046192486849353396287391613807044697973771193411100247024555613478709931371945
9987557417572753068065277740859752638497297599143547503434042951034.073272571128595874948835112338908611055508599464102722973741928981847259641588613242676100313434068182322510529588767129748124385344432972689303466093665467416047625945508907565034360
2164563486843518563133513615983203360416487029620024727656076655403516.046000129721087776832259114303030092423306909780124621690497069509986878448929468516265903299649344630233724317022930851308288710245130312007534293311517418211726598422843256354796
489623270396205532068492245156443235281891432440653046174339744042047806.7219709785128972663462174009200030469549247351597767313876807818214028834124210789412102718289570204574316090991546405064000808952494061233184221371289720454576700998517404073486
115490239239635196639542716915659904363701597006703037254382702337853777670.6626284233606512112956711836392343827837367272337208788340851739969925842252570771550030815984554996477851711215110135680845611946574593383416542960672765776200847372322402166
28382249570693706959264156336482217054387479839298598307287390989474793308260.44482440035689689120099502448233898348032502102602946740800687496732294182540245993755797737205379806759712817429251163526448424323103284212140795774624902824619532729181545
7261200880360671630367728151070713080042807437899822312666506959885122020565242.728489747690630360098989237658505122608936960182595925354331226845448432092726022914116571810459073894587891155068241578203788240609374472665528119511168215771520814304124
1932351423341981200333232660838017540992130157007556892786496657219641120072532530.574856400837185352149617941261222921881269152110456227940846948980501251199063021047724261100846004950485469033700194173275365768611832538528374221243352278466470791201
534501604252886240053956094627541228899921010179719500489516371166654663576358465624.4394111829754085792549341867642175001388504245884339845909655666515831614535591565091593806510496611375258323682949501318676506998990751637217644607275615923559912533
153560288464224230702071420132591789414148690122516995548949858482569407681093130400000.9595537536362860850341887679164576033692166146164826409121367947134199386480832306793129238403384722570896571182437471853688055957968099594901599085361515310138538
45789872682265797653899474468345595931290536359588446153264423905353864642025055766856385.16571090121324198224676650230991914663598274850761131736066016365255052510221239529873958922890886070186635787692126626395325289544559793446847633122014571951268
14162025212194809258360179975862891819448712451649394579699466381420914646599073371815296010.90173561205398244075561685823340733577372845353021149591448933819159954807684468789631967273894522881515625942628886056756599359077042086391566102181450140084
4540065229609265524918705323026940579416402019492591152579165621903447697792397871415965599010.404343763651688058160722044035258253085578385969201119315884935863163001917308738051597189122875413669777800581275183817461975817730191102559016724473860804
1507665675880785977559484989449841305931259547937839956283879069791482695362226966741494885951993.382221843959669577740848635351926600859055493437070777173701812297063476356605315889856906983787050964477705541660907204411464172848543612832493219275492
518309491482645637761224790375120065965371616058266270868001881228417722177321114412727505028160559.1617511352305571376983114095962695749212635453030164918559213009450757156399008377446761772714410060944601428181484031355015859767012702432098476863190
184356474272565291185736028805941103715440873713504535318241433584588076762769743411172513718914042814.4924236285060627879799593966301887340970578816643341742601697752559342171266223210953402770566006238342283861759971251402048296890359412360288713720
67805554753090958896902510213102127648739192270085853990672669975181859563304508615290456442230919781641.05972594373667074980511616344202811940288500330443921488136490448349600915974886958905746295159994055335655006369067585315858176298021776944047801
25773326702754604502896479329984528123831218420006140483621723585688570556875673594980300436305651148848087.05789247597333756171963931952391794754900537641999476460635374203471806793544646655081829405493220862764484590391486809201003378371982827028997
10119112875704597605007955795973555449967928428833294617981097287104843656445919612780502328738420992483529971.09453226249007695656000824524376137329379824413959030653583162606594826720080365618734318988224679441793163177205350958634958203544106853980
4101634616154229210890845673794154331790806542499645168648964311818439622813885822965520089103067430143663714960.451358331498462169985639318937063317784440902294992141750556775614222590726010908359318769766551606579222391210427873178393499193245946903
1715524453403201939220715246064517549518348167584480034301768982080367939956912592492775956388256020918152026875885.056003986260735099068362106528564557329090536926298431312477349790243335015136688348876793593666811132814486071936456665971074907260623
740034257052690942716920556052880600766418004513606169730552747111228092111388949147975774139254522207919959955146550.5691648097726219048190119315520857872117206756907720151993665585434189551338045456787614334791603643014993944436131719236621954498382
329092253570544434867706140856814695461759587426225524953402144214238478023425102245723055779136872110419003689461753882.9171367485243955518378357098955646904617507901557987946747694385390855653816796009688011576031018027081791594775666589203542270537
150798315341647712056833365643992760929827942486808745430697733810048724246377192459631944036228038057111678443945900430606.1535430315012606672423407302613589021811974845299490857277788893343030504098870298658885057948798865436410903632211782210431171
71169879188254548628676064929056174667747726163399996294807097796212733503180496480250298229465807998931330887834194744806461.76487946067232662852509697395686405297875205263680293646106235430452768863982918025602220550748310965596057802768263244174302
34580429141577771791992283364259580543664678887213758795948786395405702420759042775306225778030450563426472661520267389500973393.42376021930470156728880059490187655887316522788982322009604735988574339105989765128686944305631884192924777113286262788573
17290907606676748316748920707104711549065982466515780994326314107382719525465570971303421905808237672396140608447725017060091971742.83689055386263210791049256849070141482760409858661642869128843255031459376932436200649076954185697718447741408856307540
8893699169503296908876745332362351195702662624464057382176624263400307362451983456024715428595415375144187011030396532082340621031975.458327667989843515216968737798993611488458670610747213214286493667712440895707671783358443523768986298044758501745606
4703847061963601451513827986196191810691262111239370512720128334435622843759508244073102781928242775256836350270169763930455984100888557.914801062190215313285256858281923227003949227313372429157864022687037897050551684446216764875391002303135064962871
2557193823106020587498580771376997082060104680167797785905169890245479334440166396266172949126492362431906103795342944974793459785241418036.580360992950673800204247946074357353654140913195520307358724444086753706594614360781993139061022614505460670120
1428406750044352770058088209009884806444010173544440062134859469620416591891020343843019335488452652098196190208388128018381852659954197617982.728928284058375289314302762797243577833298843095343985530425432388941159024395510841669444382765646880016540
819521522183137829409187036949842580227519634100351523705462465447647499304346780960136058679492094955991913688546292773111027942447218906155678.3487994386615801751997606523636062516801605866623737339808982512426485964395502843188288544932184016587143
482764854227273717816101742818519878647926719954189825056985435626231016095746124399867758397839847156415249916601149950636218644177208076086046202.3505737808635234113334050123185611530841066454326149947718578321407558018579071326665709602821564904222
291896123747703236500405982200777403056231503424894828749115051454749319237539745341832440262974866839148347435321399591836504636434842609795047296623.6200513415216030013453072037539145227688435656192211319124327608703681697275321552040220542018153120
181089321625689040160530678803906534955183462314383491072897810789655764677256167582766696704042430017164182327069551852532963144837667638913465104884895.7183024521515389766241899293411616089445283028811417578525425579253325625920492622787006444586659
115235772200211685798051266585179909297133768289596368480356256861823149651966828922701442378293607944661849427355812534554961766258664880203639983365783080.2689031798769490663072345921341865458126858825593112420290080244572014606817392982847550867192
75192311951981769750008126583947662690231053476339758916445976249380733784480507653785682217865365304209312024141199289972024459788942432080056214998287359341.45284994520453242256511197134349383006701506066300237804434098656561967944075337018633406593
50294016576411049724684052274200819957403592475141188766663201177403122453750240449241597458734249118611769158752405570687034925118039972519979183743043489019247.83525198172354782463457480058149572234887871218593209544456816520988745520361347425072091
34473420444477676704609427598974615416788244947185203338133058697566607584947720608337672433290012427989878423648719821880662210160364587378275079644654254701526011.22366515942078109272529186463508685265561957613808886339085299048947280056668090183914
24207458645868514718314267489949919976321173882002565257300864467008726694190713515847127739323536773966837259168545255528325195764709550186110584506019834136029337237.69461209134939295243527500785526878992306076294857522206744676615498299544572084966
17409465920377676507573687989167757083904664648038184381440500207623192335203757744375123918703968819330537276085546139550029913643108095732094389813228656188650252472107.62569480636708168216178484254504790579863064086835941116226939275744864840751507
12819489863482242737808822806595696792812706127652038529051487323202933890438514254823229825881129122169672093343289575519757879997338835141476335348158432561245782563982231.52816383425601621604651630500910184455569790131777044950033862961720401330790
9662412110856091842431696847779348606578382451046360649716566414512186182158684179381423808792126847347226267985952997111331990668950268322708611136656092000789920217349931250.612126169792568280596997135187489921961980559630858502701513137455484716383
7452691030430089573093909452035065511615411136403880186605899436594221863207215235971280776903827344411659326531757165464483031263592585448531811521994441618965187380011483043989.447441115267822420357840704499081971716748685563226545027074410975119335
5880839331167437124822070445495679193473523673513209441367988773272558277261787055149617511253279123518531444869239541478705989539922698010472251583109626542479041281731303832597780.873425711411102367986920982722709920266646744016944714079650407871346
4746271865490761539922125257217126525518167266104038994814840043390044089248519500956811620032715449716665563180938137785223972250999095325672239813233080670080692734864716483074188159.444518560211453231977319960454303741291244762186256119278046453429
3916913259477282546829033333909001234732113677498536897133143861876592476773985771884408200862425196808457179884888290334052301168416654965046439886931341399527751072200640519124270653125.880143961549770238588853159260152203814595909091104014982513566
3304507144322603222830690862426507926423848696155971935768762613409073552295618511673212389176479145655771438353764245609911256049426277799333999402728817128035629225247182093815914882861729.864952293034011242032389446350930246151426433581122294895837
2849289055099458275811521021737888528110159743793566073982222728369934102674148862741072327123755602568491400864674242703018460590061986853455307563205271556208642746518372877507202223535828263.076208174426960738756795321749718434309222656899059063933
2510332934507758651295990579858403782466812700836432278621792199488922240547416194157027315018941105239148630470016879483463170802170893504235698747852055091973878260754513944659547395930435357587.345631270633989303798321388088766841417897750854392494
2259390199547525320495622613374077205502742005326935454357230926057465632546432909724721649386640875711420025979336862836441837106140138595309611918887769085525282677420791174581671004325850333290559.720054271192246092796592329539818571934541853536247
2076913800428760804346237789286139557847143117500028245741418213647782766081814048214193443541840087820490949229497840539963140423608044357521504934790262538380216603580348258934307365248151055268483445.665603363433804624029630649313472656851339461133
1949473217492725913087341140007182102568145557815797540578168117649713893504400917118118570879014543822299519769852397950197755043034661626403874437671953562762878640526039953671020739541604954552083324637.315017910830346042768762151672195908069453422
1868073147126591389983969806893864024261204430321581144614402690469881835793586713920476974154576890760140339838224008342392592186374349906394070413501194748867982891927953837364499267373246465798190628003006.262579938725258659994988892416274189475007
1827075266281457694386639440903606512512835737216260464806233627636151789414599002519988053167168338854703806568250107040473936099321628067796244038482494650407880992375233028881307999579499328077197352311242049.388118335141202582676448824493973932553
1823538632259567718106915443277497245243411734309552936884136556586025945804179573494191013797767393684469121902760856813284466527993824136421691231744709243637390112759189969539555748757794496953734294651828869197.817562305748974049038580493554450287
1856869081012594509819071337152545491618028419596738544738144731984648458575175974078800653563340365755449363766207476994804648380773669582724755146130386026614813623854343598800583602131116594965581482500650613654154.751081973526568148290985024673069