@MEASUREMENT_RADIUS 0.0 cm
#lambda:
#tr:
#end
3803.5  0.00743  
3807.6  0.00633  
3811.6000000000004  0.00526  
3815.7  0.00638  
3819.7000000000003  0.00763  
3823.8  0.00673  
3827.7999999999997  0.00526  
3831.8  0.00532  
3835.8999999999996  0.00656  
3839.9  0.00667  
3844.0  0.0055  
3848.0  0.00476  
3852.1  0.00448  
3856.1000000000004  0.0044  
3860.2  0.00515  
3864.2000000000003  0.00586  
3868.2999999999997  0.00552  
3872.3  0.00516  
3876.3999999999996  0.006  
3880.4  0.00693  
3884.5  0.0065  
3888.5  0.00551  
3892.6  0.00518  
3896.6000000000004  0.00581  
3900.7  0.00641  
3904.8  0.00635  
3908.8  0.00629  
3912.9  0.00655  
3916.9  0.00665  
3921.0  0.0067  
3925.0  0.00726  
3929.1000000000004  0.00806  
3933.1  0.00953  
3937.2000000000003  0.01232  
3941.3  0.01679  
3945.2999999999997  0.02314  
3949.4  0.0313  
3953.3999999999996  0.04161  
3957.5  0.05408  
3961.6000000000004  0.06937  
3965.6  0.08793  
3969.7000000000003  0.11124  
3973.8  0.14304  
3977.7999999999997  0.18684  
3981.9  0.24485  
3985.8999999999996  0.31972  
3990.0  0.41045  
3994.1000000000004  0.51313  
3998.1  0.6236  
4002.2000000000003  0.73229  
4006.3  0.82318  
4010.2999999999997  0.88742  
4014.4  0.92995  
4018.5  0.9536  
4022.5  0.95899  
4026.6000000000004  0.95669  
4030.7  0.95937  
4034.7000000000003  0.96585  
4038.8  0.96745  
4042.9  0.9656  
4047.0  0.96587  
4051.0  0.96529  
4055.1  0.96456  
4059.2000000000003  0.96473  
4063.2999999999997  0.96337  
4067.3  0.96243  
4071.3999999999996  0.96411  
4075.5  0.96578  
4079.5  0.96612  
4083.6000000000004  0.96825  
4087.7  0.97105  
4091.8  0.97376  
4095.8999999999996  0.97564  
4099.9  0.97539  
4104.0  0.97423  
4108.1  0.97226  
4112.200000000001  0.97024  
4116.2  0.96953  
4120.299999999999  0.9716  
4124.4  0.97441  
4128.5  0.97065  
4132.6  0.96441  
4136.7  0.96555  
4140.7  0.97007  
4144.8  0.97057  
4148.9  0.96881  
4153.0  0.96879  
4157.099999999999  0.96777  
4161.2  0.96565  
4165.2  0.96604  
4169.3  0.966  
4173.4  0.9651  
4177.5  0.96669  
4181.6  0.97074  
4185.7  0.97107  
4189.8  0.96559  
4193.8  0.96502  
4197.900000000001  0.97017  
4202.0  0.96878  
4206.1  0.96323  
4210.2  0.96514  
4214.3  0.97005  
4218.4  0.96963  
4222.5  0.96811  
4226.6  0.97021  
4230.7  0.97362  
4234.8  0.975  
4238.8  0.9743  
4242.900000000001  0.97087  
4247.0  0.96853  
4251.1  0.97001  
4255.2  0.97119  
4259.3  0.97013  
4263.4  0.96839  
4267.5  0.96865  
4271.6  0.96641  
4275.7  0.96109  
4279.8  0.96102  
4283.9  0.96434  
4288.0  0.96316  
4292.099999999999  0.95974  
4296.2  0.96065  
4300.299999999999  0.96507  
4304.4  0.96924  
4308.5  0.97063  
4312.6  0.97139  
4316.7  0.97361  
4320.8  0.97667  
4324.9  0.97687  
4329.0  0.97526  
4333.1  0.97733  
4337.200000000001  0.97796  
4341.3  0.9768  
4345.400000000001  0.97722  
4349.5  0.97759  
4353.7  0.97696  
4357.799999999999  0.97502  
4361.9  0.97148  
4366.0  0.97  
4370.1  0.9714  
4374.2  0.97252  
4378.3  0.97257  
4382.4  0.97066  
4386.5  0.96986  
4390.6  0.97461  
4394.700000000001  0.97895  
4398.9  0.97736  
4403.0  0.97631  
4407.099999999999  0.97677  
4411.2  0.97302  
4415.299999999999  0.97185  
4419.4  0.97494  
4423.5  0.97548  
4427.7  0.97299  
4431.8  0.97257  
4435.9  0.975  
4440.0  0.97691  
4444.1  0.97764  
4448.2  0.97678  
4452.4  0.97601  
4456.5  0.97813  
4460.6  0.97986  
4464.700000000001  0.97794  
4468.8  0.9757  
4472.900000000001  0.9762  
4477.099999999999  0.97919  
4481.2  0.97922  
4485.299999999999  0.97631  
4489.4  0.97433  
4493.6  0.97459  
4497.7  0.97845  
4501.8  0.98096  
4505.9  0.97762  
4510.1  0.97478  
4514.2  0.9757  
4518.3  0.97466  
4522.4  0.97463  
4526.6  0.97787  
4530.7  0.97753  
4534.8  0.97347  
4538.9  0.97193  
4543.1  0.97502  
4547.200000000001  0.97669  
4551.3  0.97609  
4555.400000000001  0.97679  
4559.599999999999  0.97687  
4563.7  0.97614  
4567.799999999999  0.97451  
4572.0  0.97636  
4576.1  0.97878  
4580.2  0.97752  
4584.4  0.97902  
4588.5  0.97992  
4592.6  0.97709  
4596.8  0.97511  
4600.9  0.97713  
4605.0  0.98039  
4609.2  0.97937  
4613.3  0.97605  
4617.4  0.97835  
4621.6  0.98175  
4625.7  0.97741  
4629.9  0.97358  
4634.0  0.97377  
4638.1  0.97366  
4642.3  0.97318  
4646.4  0.97188  
4650.5  0.97266  
4654.700000000001  0.97514  
4658.8  0.97485  
4663.0  0.97273  
4667.099999999999  0.97107  
4671.3  0.97173  
4675.400000000001  0.97761  
4679.5  0.98136  
4683.7  0.97988  
4687.799999999999  0.98004  
4692.0  0.97875  
4696.1  0.97301  
4700.299999999999  0.97055  
4704.4  0.9738  
4708.5  0.97554  
4712.7  0.9753  
4716.8  0.97362  
4721.0  0.96914  
4725.1  0.96717  
4729.3  0.97161  
4733.4  0.97553  
4737.6  0.97296  
4741.7  0.96597  
4745.9  0.95996  
4750.0  0.96492  
4754.2  0.97321  
4758.3  0.97227  
4762.5  0.96771  
4766.6  0.96506  
4770.8  0.96616  
4774.9  0.9665  
4779.1  0.96726  
4783.3  0.96993  
4787.4  0.96974  
4791.6  0.96867  
4795.7  0.96999  
4799.9  0.97348  
4804.0  0.97521  
4808.2  0.97264  
4812.3  0.96918  
4816.5  0.96735  
4820.7  0.96757  
4824.8  0.96963  
4829.0  0.97126  
4833.1  0.96987  
4837.3  0.96703  
4841.5  0.96639  
4845.6  0.96982  
4849.8  0.97378  
4853.9  0.96923  
4858.1  0.97116  
4862.3  0.97562  
4866.4  0.9784  
4870.6  0.98097  
4874.8  0.98187  
4878.9  0.97138  
4883.1  0.96694  
4887.3  0.96936  
4891.4  0.97105  
4895.6  0.97402  
4899.8  0.97455  
4903.9  0.97201  
4908.1  0.971  
4912.3  0.96733  
4916.4  0.96176  
4920.6  0.96421  
4924.8  0.97107  
4928.9  0.9715  
4933.1  0.96305  
4937.3  0.95997  
4941.5  0.96386  
4945.6  0.96489  
4949.8  0.96648  
4954.0  0.96729  
4958.1  0.96413  
4962.3  0.96059  
4966.5  0.96087  
4970.7  0.96616  
4974.8  0.9695  
4979.0  0.9647  
4983.2  0.95901  
4987.4  0.96175  
4991.5  0.9683  
4995.7  0.97111  
4999.9  0.96923  
5004.1  0.9671  
5008.3  0.96955  
5012.4  0.9742  
5016.6  0.97556  
5020.8  0.96917  
5025.0  0.96388  
5029.1  0.96927  
5033.3  0.9741  
5037.5  0.96934  
5041.7  0.96422  
5045.9  0.96562  
5050.1  0.96443  
5054.2  0.95721  
5058.4  0.95669  
5062.6  0.96314  
5066.8  0.96478  
5071.0  0.96012  
5075.2  0.96334  
5079.4  0.9728  
5083.5  0.97251  
5087.7  0.97134  
5091.9  0.97076  
5096.1  0.9665  
5100.299999999999  0.96364  
5104.5  0.96689  
5108.7  0.97212  
5112.900000000001  0.97067  
5117.0  0.96853  
5121.2  0.96773  
5125.4  0.9649  
5129.6  0.96231  
5133.8  0.96427  
5138.0  0.96557  
5142.200000000001  0.95991  
5146.4  0.95883  
5150.599999999999  0.96028  
5154.8  0.95531  
5159.0  0.96038  
5163.200000000001  0.96715  
5167.4  0.95954  
5171.599999999999  0.9519  
5175.700000000001  0.95772  
5179.9  0.96989  
5184.099999999999  0.96595  
5188.3  0.95621  
5192.5  0.95796  
5196.7  0.96029  
5200.900000000001  0.95751  
5205.1  0.95627  
5209.299999999999  0.9617  
5213.5  0.9602  
5217.7  0.95051  
5221.900000000001  0.95078  
5226.1  0.9628  
5230.299999999999  0.97253  
5234.5  0.96966  
5238.7  0.95764  
5242.9  0.95249  
5247.1  0.95877  
5251.3  0.96144  
5255.599999999999  0.96335  
5259.8  0.96174  
5264.0  0.95052  
5268.200000000001  0.94607  
5272.4  0.95728  
5276.599999999999  0.96878  
5280.8  0.96716  
5285.0  0.96316  
5289.2  0.96814  
5293.400000000001  0.97229  
5297.6  0.96662  
5301.799999999999  0.96142  
5306.0  0.95927  
5310.2  0.95692  
5314.5  0.95679  
5318.7  0.95593  
5322.9  0.95677  
5327.1  0.96001  
5331.3  0.96463  
5335.5  0.96941  
5339.700000000001  0.96957  
5343.9  0.96743  
5348.200000000001  0.9651  
5352.4  0.9605  
5356.599999999999  0.96114  
5360.8  0.96984  
5365.0  0.97324  
5369.2  0.97134  
5373.400000000001  0.96677  
5377.7  0.96084  
5381.900000000001  0.96598  
5386.1  0.97004  
5390.299999999999  0.96537  
5394.5  0.9637  
5398.8  0.96709  
5403.0  0.96637  
5407.200000000001  0.95581  
5411.4  0.94955  
5415.599999999999  0.94751  
5419.9  0.93809  
5424.099999999999  0.92569  
5428.3  0.90787  
5432.5  0.88053  
5436.7  0.84407  
5441.0  0.79982  
5445.2  0.75187  
5449.400000000001  0.70123  
5453.6  0.64848  
5457.9  0.59332  
5462.1  0.53793  
5466.3  0.483  
5470.5  0.42267  
5474.8  0.36209  
5479.0  0.31014  
5483.200000000001  0.26903  
5487.4  0.23391  
5491.7  0.19777  
5495.900000000001  0.1611  
5500.1  0.12974  
5504.400000000001  0.10499  
5508.6  0.08505  
5512.799999999999  0.06754  
5517.1  0.05129  
5521.3  0.04018  
5525.5  0.03404  
5529.700000000001  0.02919  
5534.0  0.02379  
5538.200000000001  0.01892  
5542.4  0.01639  
5546.7  0.01639  
5550.900000000001  0.01679  
5555.1  0.0146  
5559.400000000001  0.01153  
5563.6  0.01073  
5567.9  0.01181  
5572.1  0.01215  
5576.3  0.011  
5580.599999999999  0.00983  
5584.8  0.00926  
5589.0  0.00942  
5593.3  0.01013  
5597.5  0.01035  
5601.799999999999  0.00957  
5606.0  0.00824  
5610.2  0.00676  
5614.5  0.00612  
5618.7  0.00665  
5623.0  0.00707  
5627.200000000001  0.00654  
5631.4  0.00556  
5635.700000000001  0.00598  
5639.9  0.00706  
5644.2  0.0071  
5648.400000000001  0.00618  
5652.7  0.00522  
5656.900000000001  0.00541  
5661.1  0.00607  
5665.4  0.00589  
5669.6  0.00494  
5673.9  0.00431  
5678.099999999999  0.0045  
5682.4  0.00441  
5686.599999999999  0.00371  
5690.900000000001  0.00312  
5695.1  0.00261  
5699.400000000001  0.00214  
5703.6  0.00199  
5707.9  0.00189  
5712.1  0.00154  
5716.4  0.00139  
5720.599999999999  0.00173  
5724.9  0.00205  
5729.099999999999  0.00213  
5733.400000000001  0.00206  
5737.6  0.00168  
5741.900000000001  0.00139  
5746.1  0.00123  

