@MEASUREMENT_RADIUS 1.0 cm
#lambda:
#tr:
#end
3803.5  0.00733  
3807.6  0.00649  
3811.6000000000004  0.00548  
3815.7  0.00585  
3819.7000000000003  0.00683  
3823.8  0.00637  
3827.7999999999997  0.00527  
3831.8  0.00527  
3835.8999999999996  0.006  
3839.9  0.006  
3844.0  0.00578  
3848.0  0.0061  
3852.1  0.00606  
3856.1000000000004  0.0057  
3860.2  0.00546  
3864.2000000000003  0.00497  
3868.2999999999997  0.00503  
3872.3  0.00577  
3876.3999999999996  0.00623  
3880.4  0.00632  
3884.5  0.00625  
3888.5  0.00587  
3892.6  0.00564  
3896.6000000000004  0.00626  
3900.7  0.00691  
3904.8  0.00658  
3908.8  0.00617  
3912.9  0.00629  
3916.9  0.00604  
3921.0  0.006  
3925.0  0.00696  
3929.1000000000004  0.00813  
3933.1  0.00969  
3937.2000000000003  0.01225  
3941.3  0.01629  
3945.2999999999997  0.02248  
3949.4  0.03138  
3953.3999999999996  0.04267  
3957.5  0.05514  
3961.6000000000004  0.06985  
3965.6  0.08849  
3969.7000000000003  0.11161  
3973.8  0.14237  
3977.7999999999997  0.18587  
3981.9  0.24505  
3985.8999999999996  0.32027  
3990.0  0.41059  
3994.1000000000004  0.51355  
3998.1  0.62369  
4002.2000000000003  0.73079  
4006.3  0.82119  
4010.2999999999997  0.88685  
4014.4  0.93099  
4018.5  0.95474  
4022.5  0.95857  
4026.6000000000004  0.95593  
4030.7  0.96003  
4034.7000000000003  0.96686  
4038.8  0.96727  
4042.9  0.96523  
4047.0  0.96709  
4051.0  0.9675  
4055.1  0.96616  
4059.2000000000003  0.96547  
4063.2999999999997  0.96346  
4067.3  0.96237  
4071.3999999999996  0.96483  
4075.5  0.96746  
4079.5  0.96804  
4083.6000000000004  0.96976  
4087.7  0.9719  
4091.8  0.97395  
4095.8999999999996  0.97572  
4099.9  0.97581  
4104.0  0.97435  
4108.1  0.97207  
4112.200000000001  0.97046  
4116.2  0.96977  
4120.299999999999  0.97137  
4124.4  0.97489  
4128.5  0.97168  
4132.6  0.96461  
4136.7  0.96547  
4140.7  0.97064  
4144.8  0.9713  
4148.9  0.96902  
4153.0  0.96957  
4157.099999999999  0.96979  
4161.2  0.96745  
4165.2  0.9668  
4169.3  0.96627  
4173.4  0.96568  
4177.5  0.96721  
4181.6  0.97089  
4185.7  0.97169  
4189.8  0.96714  
4193.8  0.96624  
4197.900000000001  0.96927  
4202.0  0.96641  
4206.1  0.96224  
4210.2  0.96623  
4214.3  0.97093  
4218.4  0.96894  
4222.5  0.96657  
4226.6  0.96914  
4230.7  0.97357  
4234.8  0.97516  
4238.8  0.97463  
4242.900000000001  0.97196  
4247.0  0.96974  
4251.1  0.97096  
4255.2  0.97137  
4259.3  0.96887  
4263.4  0.96684  
4267.5  0.9679  
4271.6  0.96635  
4275.7  0.96178  
4279.8  0.96237  
4283.9  0.96527  
4288.0  0.96374  
4292.099999999999  0.96108  
4296.2  0.96146  
4300.299999999999  0.96417  
4304.4  0.9682  
4308.5  0.97112  
4312.6  0.97293  
4316.7  0.97447  
4320.8  0.97593  
4324.9  0.97564  
4329.0  0.97511  
4333.1  0.97809  
4337.200000000001  0.97842  
4341.3  0.97713  
4345.400000000001  0.97813  
4349.5  0.97861  
4353.7  0.97748  
4357.799999999999  0.97569  
4361.9  0.97232  
4366.0  0.97037  
4370.1  0.97116  
4374.2  0.97241  
4378.3  0.97361  
4382.4  0.97171  
4386.5  0.9695  
4390.6  0.97396  
4394.700000000001  0.97899  
4398.9  0.97691  
4403.0  0.97469  
4407.099999999999  0.97557  
4411.2  0.97354  
4415.299999999999  0.97293  
4419.4  0.97497  
4423.5  0.97542  
4427.7  0.97459  
4431.8  0.97487  
4435.9  0.97572  
4440.0  0.97569  
4444.1  0.9764  
4448.2  0.9766  
4452.4  0.97643  
4456.5  0.97853  
4460.6  0.97961  
4464.700000000001  0.97762  
4468.8  0.9761  
4472.900000000001  0.97668  
4477.099999999999  0.97873  
4481.2  0.97833  
4485.299999999999  0.97604  
4489.4  0.97456  
4493.6  0.97399  
4497.7  0.97724  
4501.8  0.98005  
4505.9  0.97676  
4510.1  0.97363  
4514.2  0.97439  
4518.3  0.97333  
4522.4  0.97426  
4526.6  0.97853  
4530.7  0.9775  
4534.8  0.97281  
4538.9  0.97203  
4543.1  0.97525  
4547.200000000001  0.97675  
4551.3  0.97634  
4555.400000000001  0.97782  
4559.599999999999  0.97792  
4563.7  0.9758  
4567.799999999999  0.97377  
4572.0  0.97643  
4576.1  0.97844  
4580.2  0.97595  
4584.4  0.97742  
4588.5  0.97986  
4592.6  0.97859  
4596.8  0.9763  
4600.9  0.97676  
4605.0  0.97929  
4609.2  0.97915  
4613.3  0.97677  
4617.4  0.97864  
4621.6  0.98135  
4625.7  0.97769  
4629.9  0.97517  
4634.0  0.97545  
4638.1  0.97483  
4642.3  0.97437  
4646.4  0.97331  
4650.5  0.97392  
4654.700000000001  0.97607  
4658.8  0.97569  
4663.0  0.97342  
4667.099999999999  0.97116  
4671.3  0.97136  
4675.400000000001  0.97791  
4679.5  0.98252  
4683.7  0.98147  
4687.799999999999  0.98121  
4692.0  0.97886  
4696.1  0.97209  
4700.299999999999  0.9697  
4704.4  0.97438  
4708.5  0.97754  
4712.7  0.97744  
4716.8  0.97473  
4721.0  0.96889  
4725.1  0.96646  
4729.3  0.97159  
4733.4  0.97587  
4737.6  0.97272  
4741.7  0.966  
4745.9  0.96125  
4750.0  0.96616  
4754.2  0.97321  
4758.3  0.97159  
4762.5  0.9672  
4766.6  0.96449  
4770.8  0.96478  
4774.9  0.96479  
4779.1  0.96646  
4783.3  0.97008  
4787.4  0.97031  
4791.6  0.97017  
4795.7  0.97218  
4799.9  0.97552  
4804.0  0.97654  
4808.2  0.97364  
4812.3  0.97078  
4816.5  0.96948  
4820.7  0.96931  
4824.8  0.96968  
4829.0  0.96943  
4833.1  0.96891  
4837.3  0.96855  
4841.5  0.9686  
4845.6  0.97011  
4849.8  0.97193  
4853.9  0.9688  
4858.1  0.97201  
4862.3  0.97654  
4866.4  0.97895  
4870.6  0.98065  
4874.8  0.98015  
4878.9  0.97068  
4883.1  0.96851  
4887.3  0.97128  
4891.4  0.97274  
4895.6  0.97517  
4899.8  0.97485  
4903.9  0.97238  
4908.1  0.97307  
4912.3  0.97052  
4916.4  0.96335  
4920.6  0.96379  
4924.8  0.97047  
4928.9  0.97239  
4933.1  0.96456  
4937.3  0.96004  
4941.5  0.9629  
4945.6  0.96462  
4949.8  0.96588  
4954.0  0.965  
4958.1  0.96274  
4962.3  0.9617  
4966.5  0.96174  
4970.7  0.96555  
4974.8  0.96919  
4979.0  0.96667  
4983.2  0.9619  
4987.4  0.96357  
4991.5  0.96958  
4995.7  0.97266  
4999.9  0.97009  
5004.1  0.96632  
5008.3  0.96843  
5012.4  0.97426  
5016.6  0.9767  
5020.8  0.97095  
5025.0  0.96578  
5029.1  0.97079  
5033.3  0.97425  
5037.5  0.96834  
5041.7  0.96487  
5045.9  0.96915  
5050.1  0.96703  
5054.2  0.95634  
5058.4  0.95451  
5062.6  0.9621  
5066.8  0.96541  
5071.0  0.96167  
5075.2  0.96475  
5079.4  0.97388  
5083.5  0.97353  
5087.7  0.97105  
5091.9  0.9694  
5096.1  0.96614  
5100.299999999999  0.96538  
5104.5  0.96931  
5108.7  0.97257  
5112.900000000001  0.96956  
5117.0  0.96749  
5121.2  0.96703  
5125.4  0.96453  
5129.6  0.96317  
5133.8  0.96618  
5138.0  0.96736  
5142.200000000001  0.96087  
5146.4  0.95903  
5150.599999999999  0.95977  
5154.8  0.95421  
5159.0  0.96079  
5163.200000000001  0.97009  
5167.4  0.96295  
5171.599999999999  0.95505  
5175.700000000001  0.96024  
5179.9  0.97025  
5184.099999999999  0.96575  
5188.3  0.95721  
5192.5  0.95904  
5196.7  0.95945  
5200.900000000001  0.95542  
5205.1  0.95552  
5209.299999999999  0.96272  
5213.5  0.96006  
5217.7  0.94828  
5221.900000000001  0.94805  
5226.1  0.96077  
5230.299999999999  0.97095  
5234.5  0.9692  
5238.7  0.95971  
5242.9  0.95584  
5247.1  0.96012  
5251.3  0.96099  
5255.599999999999  0.96333  
5259.8  0.96155  
5264.0  0.94991  
5268.200000000001  0.94596  
5272.4  0.95703  
5276.599999999999  0.96712  
5280.8  0.96409  
5285.0  0.96006  
5289.2  0.96467  
5293.400000000001  0.96809  
5297.6  0.96596  
5301.799999999999  0.96714  
5306.0  0.96505  
5310.2  0.95649  
5314.5  0.95317  
5318.7  0.95453  
5322.9  0.95809  
5327.1  0.96201  
5331.3  0.96661  
5335.5  0.97052  
5339.700000000001  0.96932  
5343.9  0.96693  
5348.200000000001  0.96502  
5352.4  0.96005  
5356.599999999999  0.9619  
5360.8  0.97344  
5365.0  0.97646  
5369.2  0.97139  
5373.400000000001  0.96658  
5377.7  0.96355  
5381.900000000001  0.96938  
5386.1  0.97187  
5390.299999999999  0.96608  
5394.5  0.96455  
5398.8  0.96828  
5403.0  0.96776  
5407.200000000001  0.95686  
5411.4  0.95161  
5415.599999999999  0.9504  
5419.9  0.93931  
5424.099999999999  0.92529  
5428.3  0.90723  
5432.5  0.87995  
5436.7  0.84307  
5441.0  0.79963  
5445.2  0.75331  
5449.400000000001  0.70368  
5453.6  0.65122  
5457.9  0.59576  
5462.1  0.53894  
5466.3  0.48307  
5470.5  0.42309  
5474.8  0.36265  
5479.0  0.31196  
5483.200000000001  0.27182  
5487.4  0.23506  
5491.7  0.19699  
5495.900000000001  0.16125  
5500.1  0.13089  
5504.400000000001  0.10532  
5508.6  0.08581  
5512.799999999999  0.07092  
5517.1  0.05545  
5521.3  0.0411  
5525.5  0.03229  
5529.700000000001  0.02792  
5534.0  0.02497  
5538.200000000001  0.02105  
5542.4  0.01721  
5546.7  0.01593  
5550.900000000001  0.01616  
5555.1  0.01447  
5559.400000000001  0.01237  
5563.6  0.01186  
5567.9  0.01181  
5572.1  0.01153  
5576.3  0.01171  
5580.599999999999  0.01163  
5584.8  0.01022  
5589.0  0.00862  
5593.3  0.00863  
5597.5  0.0092  
5601.799999999999  0.0085  
5606.0  0.0073  
5610.2  0.00696  
5614.5  0.00711  
5618.7  0.00701  
5623.0  0.00685  
5627.200000000001  0.00736  
5631.4  0.00772  
5635.700000000001  0.00705  
5639.9  0.00633  
5644.2  0.00651  
5648.400000000001  0.00679  
5652.7  0.00578  
5656.900000000001  0.0046  
5661.1  0.00446  
5665.4  0.00561  
5669.6  0.00627  
5673.9  0.00549  
5678.099999999999  0.00501  
5682.4  0.00432  
5686.599999999999  0.00302  
5690.900000000001  0.00241  
5695.1  0.00241  
5699.400000000001  0.00229  
5703.6  0.00203  
5707.9  0.0019  
5712.1  0.00182  
5716.4  0.00187  
5720.599999999999  0.00207  
5724.9  0.00218  
5729.099999999999  0.00212  
5733.400000000001  0.00213  
5737.6  0.00201  
5741.900000000001  0.00179  
5746.1  0.0016  

