@MEASUREMENT_RADIUS 2.0 cm
#lambda:
#tr:
#end
3803.5  0.00627  
3807.6  0.00548  
3811.6000000000004  0.00587  
3815.7  0.0068  
3819.7000000000003  0.00657  
3823.8  0.00509  
3827.7999999999997  0.00408  
3831.8  0.00478  
3835.8999999999996  0.00615  
3839.9  0.00587  
3844.0  0.00467  
3848.0  0.00496  
3852.1  0.00642  
3856.1000000000004  0.00684  
3860.2  0.00586  
3864.2000000000003  0.00527  
3868.2999999999997  0.00574  
3872.3  0.00638  
3876.3999999999996  0.00647  
3880.4  0.00636  
3884.5  0.00624  
3888.5  0.00594  
3892.6  0.00554  
3896.6000000000004  0.00568  
3900.7  0.00632  
3904.8  0.00657  
3908.8  0.00656  
3912.9  0.00649  
3916.9  0.00634  
3921.0  0.00655  
3925.0  0.00738  
3929.1000000000004  0.00817  
3933.1  0.00948  
3937.2000000000003  0.01217  
3941.3  0.01644  
3945.2999999999997  0.02289  
3949.4  0.03161  
3953.3999999999996  0.04216  
3957.5  0.05426  
3961.6000000000004  0.06946  
3965.6  0.08835  
3969.7000000000003  0.11102  
3973.8  0.1418  
3977.7999999999997  0.18629  
3981.9  0.24593  
3985.8999999999996  0.3203  
3990.0  0.40907  
3994.1000000000004  0.51108  
3998.1  0.62158  
4002.2000000000003  0.7298  
4006.3  0.8211  
4010.2999999999997  0.88639  
4014.4  0.93012  
4018.5  0.9543  
4022.5  0.95913  
4026.6000000000004  0.95679  
4030.7  0.95978  
4034.7000000000003  0.966  
4038.8  0.96741  
4042.9  0.96549  
4047.0  0.96643  
4051.0  0.96677  
4055.1  0.96585  
4059.2000000000003  0.96522  
4063.2999999999997  0.96331  
4067.3  0.96263  
4071.3999999999996  0.96458  
4075.5  0.96647  
4079.5  0.96757  
4083.6000000000004  0.97033  
4087.7  0.97219  
4091.8  0.97233  
4095.8999999999996  0.97361  
4099.9  0.97597  
4104.0  0.97644  
4108.1  0.97371  
4112.200000000001  0.97085  
4116.2  0.96998  
4120.299999999999  0.97206  
4124.4  0.97522  
4128.5  0.97155  
4132.6  0.96486  
4136.7  0.96535  
4140.7  0.97014  
4144.8  0.97199  
4148.9  0.97099  
4153.0  0.97046  
4157.099999999999  0.96855  
4161.2  0.96612  
4165.2  0.96621  
4169.3  0.96646  
4173.4  0.96647  
4177.5  0.96738  
4181.6  0.97062  
4185.7  0.97277  
4189.8  0.96941  
4193.8  0.96777  
4197.900000000001  0.97023  
4202.0  0.96761  
4206.1  0.96286  
4210.2  0.96618  
4214.3  0.97089  
4218.4  0.96932  
4222.5  0.96701  
4226.6  0.96914  
4230.7  0.97331  
4234.8  0.97555  
4238.8  0.97562  
4242.900000000001  0.9726  
4247.0  0.9695  
4251.1  0.97025  
4255.2  0.97129  
4259.3  0.96974  
4263.4  0.968  
4267.5  0.96896  
4271.6  0.96735  
4275.7  0.96208  
4279.8  0.96129  
4283.9  0.96324  
4288.0  0.9621  
4292.099999999999  0.96083  
4296.2  0.96183  
4300.299999999999  0.96426  
4304.4  0.96809  
4308.5  0.97021  
4312.6  0.97125  
4316.7  0.97398  
4320.8  0.97763  
4324.9  0.97692  
4329.0  0.97432  
4333.1  0.97706  
4337.200000000001  0.9785  
4341.3  0.97768  
4345.400000000001  0.97776  
4349.5  0.97746  
4353.7  0.97654  
4357.799999999999  0.97407  
4361.9  0.97028  
4366.0  0.96992  
4370.1  0.97197  
4374.2  0.97248  
4378.3  0.97226  
4382.4  0.97066  
4386.5  0.97033  
4390.6  0.97592  
4394.700000000001  0.98022  
4398.9  0.97651  
4403.0  0.97338  
4407.099999999999  0.97556  
4411.2  0.97521  
4415.299999999999  0.97399  
4419.4  0.97493  
4423.5  0.97544  
4427.7  0.97465  
4431.8  0.97417  
4435.9  0.97532  
4440.0  0.97637  
4444.1  0.97705  
4448.2  0.97682  
4452.4  0.97654  
4456.5  0.97838  
4460.6  0.97999  
4464.700000000001  0.97873  
4468.8  0.97637  
4472.900000000001  0.97562  
4477.099999999999  0.9776  
4481.2  0.97773  
4485.299999999999  0.97623  
4489.4  0.97542  
4493.6  0.9745  
4497.7  0.9768  
4501.8  0.97955  
4505.9  0.97696  
4510.1  0.97414  
4514.2  0.97477  
4518.3  0.97367  
4522.4  0.97458  
4526.6  0.9784  
4530.7  0.97738  
4534.8  0.97298  
4538.9  0.97203  
4543.1  0.97561  
4547.200000000001  0.97713  
4551.3  0.97616  
4555.400000000001  0.97743  
4559.599999999999  0.97783  
4563.7  0.97627  
4567.799999999999  0.97464  
4572.0  0.97751  
4576.1  0.97928  
4580.2  0.97593  
4584.4  0.97788  
4588.5  0.98142  
4592.6  0.97933  
4596.8  0.97542  
4600.9  0.9763  
4605.0  0.98067  
4609.2  0.9811  
4613.3  0.97663  
4617.4  0.97649  
4621.6  0.97984  
4625.7  0.978  
4629.9  0.97609  
4634.0  0.97541  
4638.1  0.97331  
4642.3  0.97281  
4646.4  0.97319  
4650.5  0.97497  
4654.700000000001  0.97635  
4658.8  0.97455  
4663.0  0.97227  
4667.099999999999  0.97107  
4671.3  0.97164  
4675.400000000001  0.97724  
4679.5  0.98134  
4683.7  0.9804  
4687.799999999999  0.98021  
4692.0  0.97909  
4696.1  0.97441  
4700.299999999999  0.97114  
4704.4  0.97297  
4708.5  0.97615  
4712.7  0.97738  
4716.8  0.97435  
4721.0  0.96789  
4725.1  0.96661  
4729.3  0.97245  
4733.4  0.97546  
4737.6  0.97278  
4741.7  0.96791  
4745.9  0.96217  
4750.0  0.96479  
4754.2  0.97281  
4758.3  0.97299  
4762.5  0.96854  
4766.6  0.96475  
4770.8  0.96481  
4774.9  0.96554  
4779.1  0.96733  
4783.3  0.9707  
4787.4  0.97119  
4791.6  0.97042  
4795.7  0.97139  
4799.9  0.97391  
4804.0  0.97486  
4808.2  0.97252  
4812.3  0.96965  
4816.5  0.96836  
4820.7  0.96925  
4824.8  0.97046  
4829.0  0.96984  
4833.1  0.96893  
4837.3  0.96861  
4841.5  0.96828  
4845.6  0.96956  
4849.8  0.97188  
4853.9  0.96883  
4858.1  0.97167  
4862.3  0.97606  
4866.4  0.9783  
4870.6  0.9798  
4874.8  0.97959  
4878.9  0.97111  
4883.1  0.96921  
4887.3  0.97083  
4891.4  0.97037  
4895.6  0.97216  
4899.8  0.97309  
4903.9  0.97201  
4908.1  0.97245  
4912.3  0.96886  
4916.4  0.96232  
4920.6  0.96418  
4924.8  0.97097  
4928.9  0.97185  
4933.1  0.96293  
4937.3  0.95875  
4941.5  0.96262  
4945.6  0.96401  
4949.8  0.96539  
4954.0  0.96656  
4958.1  0.96453  
4962.3  0.96129  
4966.5  0.96098  
4970.7  0.96657  
4974.8  0.97136  
4979.0  0.96673  
4983.2  0.95969  
4987.4  0.96285  
4991.5  0.97023  
4995.7  0.97246  
4999.9  0.96925  
5004.1  0.96622  
5008.3  0.96902  
5012.4  0.97468  
5016.6  0.97648  
5020.8  0.97022  
5025.0  0.96443  
5029.1  0.96859  
5033.3  0.97219  
5037.5  0.96774  
5041.7  0.96451  
5045.9  0.96779  
5050.1  0.96663  
5054.2  0.95753  
5058.4  0.95536  
5062.6  0.96205  
5066.8  0.96502  
5071.0  0.96102  
5075.2  0.96422  
5079.4  0.97309  
5083.5  0.97229  
5087.7  0.96999  
5091.9  0.96884  
5096.1  0.96612  
5100.299999999999  0.96457  
5104.5  0.96765  
5108.7  0.97242  
5112.900000000001  0.97096  
5117.0  0.96949  
5121.2  0.96885  
5125.4  0.96501  
5129.6  0.96251  
5133.8  0.96559  
5138.0  0.9672  
5142.200000000001  0.96072  
5146.4  0.95852  
5150.599999999999  0.95939  
5154.8  0.95424  
5159.0  0.96003  
5163.200000000001  0.96763  
5167.4  0.96055  
5171.599999999999  0.95345  
5175.700000000001  0.95901  
5179.9  0.97022  
5184.099999999999  0.96653  
5188.3  0.95678  
5192.5  0.95815  
5196.7  0.96069  
5200.900000000001  0.95787  
5205.1  0.95642  
5209.299999999999  0.96127  
5213.5  0.95851  
5217.7  0.94858  
5221.900000000001  0.95095  
5226.1  0.96558  
5230.299999999999  0.97468  
5234.5  0.96912  
5238.7  0.95681  
5242.9  0.95402  
5247.1  0.96019  
5251.3  0.95965  
5255.599999999999  0.96014  
5259.8  0.96076  
5264.0  0.95145  
5268.200000000001  0.94643  
5272.4  0.95672  
5276.599999999999  0.96813  
5280.8  0.96743  
5285.0  0.96401  
5289.2  0.96729  
5293.400000000001  0.96885  
5297.6  0.96506  
5301.799999999999  0.96627  
5306.0  0.96602  
5310.2  0.95797  
5314.5  0.95402  
5318.7  0.95534  
5322.9  0.9583  
5327.1  0.96074  
5331.3  0.96544  
5335.5  0.9699  
5339.700000000001  0.96875  
5343.9  0.96699  
5348.200000000001  0.96659  
5352.4  0.96327  
5356.599999999999  0.96452  
5360.8  0.97322  
5365.0  0.97492  
5369.2  0.96995  
5373.400000000001  0.96515  
5377.7  0.96203  
5381.900000000001  0.96866  
5386.1  0.9721  
5390.299999999999  0.96619  
5394.5  0.9647  
5398.8  0.96881  
5403.0  0.967  
5407.200000000001  0.95474  
5411.4  0.95018  
5415.599999999999  0.95005  
5419.9  0.93948  
5424.099999999999  0.92524  
5428.3  0.9078  
5432.5  0.88151  
5436.7  0.84446  
5441.0  0.80032  
5445.2  0.75475  
5449.400000000001  0.7057  
5453.6  0.65208  
5457.9  0.59539  
5462.1  0.53925  
5466.3  0.48494  
5470.5  0.42525  
5474.8  0.36334  
5479.0  0.31075  
5483.200000000001  0.27055  
5487.4  0.23611  
5491.7  0.19898  
5495.900000000001  0.16055  
5500.1  0.12885  
5504.400000000001  0.10491  
5508.6  0.08631  
5512.799999999999  0.07016  
5517.1  0.05374  
5521.3  0.04057  
5525.5  0.03314  
5529.700000000001  0.02779  
5534.0  0.02281  
5538.200000000001  0.01977  
5542.4  0.01839  
5546.7  0.0174  
5550.900000000001  0.01617  
5555.1  0.01415  
5559.400000000001  0.01229  
5563.6  0.01185  
5567.9  0.01215  
5572.1  0.0114  
5576.3  0.00988  
5580.599999999999  0.0094  
5584.8  0.00997  
5589.0  0.0109  
5593.3  0.01086  
5597.5  0.00941  
5601.799999999999  0.00802  
5606.0  0.00795  
5610.2  0.00833  
5614.5  0.00743  
5618.7  0.00582  
5623.0  0.00556  
5627.200000000001  0.00719  
5631.4  0.00769  
5635.700000000001  0.00668  
5639.9  0.00587  
5644.2  0.00607  
5648.400000000001  0.00652  
5652.7  0.00633  
5656.900000000001  0.00642  
5661.1  0.00664  
5665.4  0.00658  
5669.6  0.00581  
5673.9  0.00478  
5678.099999999999  0.00397  
5682.4  0.00275  
5686.599999999999  0.00214  
5690.900000000001  0.00284  
5695.1  0.00334  
5699.400000000001  0.00263  
5703.6  0.00194  
5707.9  0.00217  
5712.1  0.00236  
5716.4  0.00176  
5720.599999999999  0.00137  
5724.9  0.00154  
5729.099999999999  0.00206  
5733.400000000001  0.00231  
5737.6  0.00184  
5741.900000000001  0.00146  
5746.1  0.0015  

