@MEASUREMENT_RADIUS 3.0 cm
#lambda:
#tr:
#end
3803.5  0.00648  
3807.6  0.00563  
3811.6000000000004  0.00484  
3815.7  0.00504  
3819.7000000000003  0.00574  
3823.8  0.00603  
3827.7999999999997  0.0058  
3831.8  0.00578  
3835.8999999999996  0.00629  
3839.9  0.00598  
3844.0  0.00472  
3848.0  0.00462  
3852.1  0.0055  
3856.1000000000004  0.00608  
3860.2  0.00618  
3864.2000000000003  0.00554  
3868.2999999999997  0.00499  
3872.3  0.00534  
3876.3999999999996  0.00601  
3880.4  0.00634  
3884.5  0.00631  
3888.5  0.00628  
3892.6  0.00634  
3896.6000000000004  0.0064  
3900.7  0.00604  
3904.8  0.00544  
3908.8  0.00559  
3912.9  0.00629  
3916.9  0.00668  
3921.0  0.00729  
3925.0  0.00793  
3929.1000000000004  0.00816  
3933.1  0.00938  
3937.2000000000003  0.01238  
3941.3  0.01682  
3945.2999999999997  0.02298  
3949.4  0.03119  
3953.3999999999996  0.04153  
3957.5  0.05361  
3961.6000000000004  0.06872  
3965.6  0.08828  
3969.7000000000003  0.11204  
3973.8  0.14204  
3977.7999999999997  0.18432  
3981.9  0.24279  
3985.8999999999996  0.3173  
3990.0  0.40665  
3994.1000000000004  0.50929  
3998.1  0.62027  
4002.2000000000003  0.72893  
4006.3  0.82055  
4010.2999999999997  0.88614  
4014.4  0.92984  
4018.5  0.95421  
4022.5  0.9592  
4026.6000000000004  0.95631  
4030.7  0.95907  
4034.7000000000003  0.9659  
4038.8  0.96772  
4042.9  0.96536  
4047.0  0.96585  
4051.0  0.96667  
4055.1  0.96587  
4059.2000000000003  0.96474  
4063.2999999999997  0.96307  
4067.3  0.96274  
4071.3999999999996  0.96456  
4075.5  0.96605  
4079.5  0.96673  
4083.6000000000004  0.96972  
4087.7  0.97214  
4091.8  0.97288  
4095.8999999999996  0.97447  
4099.9  0.97608  
4104.0  0.9756  
4108.1  0.97254  
4112.200000000001  0.96979  
4116.2  0.96954  
4120.299999999999  0.97215  
4124.4  0.97527  
4128.5  0.97144  
4132.6  0.96439  
4136.7  0.96529  
4140.7  0.97094  
4144.8  0.97219  
4148.9  0.96969  
4153.0  0.96924  
4157.099999999999  0.96936  
4161.2  0.96766  
4165.2  0.96624  
4169.3  0.96492  
4173.4  0.96502  
4177.5  0.96752  
4181.6  0.97207  
4185.7  0.97262  
4189.8  0.96665  
4193.8  0.96538  
4197.900000000001  0.96961  
4202.0  0.96769  
4206.1  0.96268  
4210.2  0.96577  
4214.3  0.97073  
4218.4  0.96941  
4222.5  0.96744  
4226.6  0.97017  
4230.7  0.97437  
4234.8  0.97529  
4238.8  0.97423  
4242.900000000001  0.97203  
4247.0  0.97052  
4251.1  0.97137  
4255.2  0.97109  
4259.3  0.96838  
4263.4  0.96682  
4267.5  0.96868  
4271.6  0.96759  
4275.7  0.96208  
4279.8  0.96097  
4283.9  0.96329  
4288.0  0.96261  
4292.099999999999  0.9615  
4296.2  0.9624  
4300.299999999999  0.96445  
4304.4  0.96773  
4308.5  0.96943  
4312.6  0.9709  
4316.7  0.9738  
4320.8  0.9767  
4324.9  0.97552  
4329.0  0.9731  
4333.1  0.97659  
4337.200000000001  0.97845  
4341.3  0.9771  
4345.400000000001  0.9772  
4349.5  0.97753  
4353.7  0.97693  
4357.799999999999  0.97535  
4361.9  0.97146  
4366.0  0.96917  
4370.1  0.97075  
4374.2  0.97284  
4378.3  0.9732  
4382.4  0.96991  
4386.5  0.96818  
4390.6  0.97446  
4394.700000000001  0.98001  
4398.9  0.97663  
4403.0  0.97328  
4407.099999999999  0.97504  
4411.2  0.9745  
4415.299999999999  0.97397  
4419.4  0.97546  
4423.5  0.97568  
4427.7  0.97472  
4431.8  0.97477  
4435.9  0.97556  
4440.0  0.97536  
4444.1  0.97612  
4448.2  0.97688  
4452.4  0.97696  
4456.5  0.97886  
4460.6  0.97963  
4464.700000000001  0.9769  
4468.8  0.97496  
4472.900000000001  0.97655  
4477.099999999999  0.97961  
4481.2  0.97862  
4485.299999999999  0.9758  
4489.4  0.9749  
4493.6  0.97463  
4497.7  0.97742  
4501.8  0.98035  
4505.9  0.97738  
4510.1  0.97361  
4514.2  0.97406  
4518.3  0.97393  
4522.4  0.97478  
4526.6  0.9778  
4530.7  0.97668  
4534.8  0.97278  
4538.9  0.97219  
4543.1  0.9756  
4547.200000000001  0.97718  
4551.3  0.97663  
4555.400000000001  0.97787  
4559.599999999999  0.97778  
4563.7  0.97581  
4567.799999999999  0.97423  
4572.0  0.97795  
4576.1  0.98047  
4580.2  0.97716  
4584.4  0.97759  
4588.5  0.97953  
4592.6  0.97838  
4596.8  0.97643  
4600.9  0.97701  
4605.0  0.97983  
4609.2  0.98003  
4613.3  0.97704  
4617.4  0.97776  
4621.6  0.97955  
4625.7  0.97565  
4629.9  0.97427  
4634.0  0.97565  
4638.1  0.97472  
4642.3  0.97407  
4646.4  0.97316  
4650.5  0.97406  
4654.700000000001  0.97634  
4658.8  0.9753  
4663.0  0.97246  
4667.099999999999  0.97088  
4671.3  0.97199  
4675.400000000001  0.97799  
4679.5  0.98152  
4683.7  0.98026  
4687.799999999999  0.98055  
4692.0  0.97882  
4696.1  0.97337  
4700.299999999999  0.97123  
4704.4  0.97365  
4708.5  0.97523  
4712.7  0.97575  
4716.8  0.97405  
4721.0  0.96827  
4725.1  0.96568  
4729.3  0.9713  
4733.4  0.97529  
4737.6  0.97132  
4741.7  0.9653  
4745.9  0.96145  
4750.0  0.96646  
4754.2  0.97434  
4758.3  0.97303  
4762.5  0.96757  
4766.6  0.96385  
4770.8  0.96458  
4774.9  0.9663  
4779.1  0.96963  
4783.3  0.97295  
4787.4  0.97132  
4791.6  0.96904  
4795.7  0.97061  
4799.9  0.9746  
4804.0  0.97543  
4808.2  0.97199  
4812.3  0.96893  
4816.5  0.96796  
4820.7  0.96851  
4824.8  0.96955  
4829.0  0.96956  
4833.1  0.9688  
4837.3  0.96811  
4841.5  0.96809  
4845.6  0.97001  
4849.8  0.97202  
4853.9  0.96897  
4858.1  0.97206  
4862.3  0.97634  
4866.4  0.97878  
4870.6  0.98111  
4874.8  0.98155  
4878.9  0.97077  
4883.1  0.96742  
4887.3  0.97012  
4891.4  0.97097  
4895.6  0.97346  
4899.8  0.9739  
4903.9  0.97135  
4908.1  0.97121  
4912.3  0.96826  
4916.4  0.96218  
4920.6  0.96347  
4924.8  0.96995  
4928.9  0.97182  
4933.1  0.96454  
4937.3  0.96055  
4941.5  0.96288  
4945.6  0.96284  
4949.8  0.96399  
4954.0  0.96599  
4958.1  0.96507  
4962.3  0.96219  
4966.5  0.96081  
4970.7  0.96505  
4974.8  0.96908  
4979.0  0.9656  
4983.2  0.96029  
4987.4  0.96255  
4991.5  0.96891  
4995.7  0.97198  
4999.9  0.97028  
5004.1  0.96881  
5008.3  0.97148  
5012.4  0.97424  
5016.6  0.97478  
5020.8  0.97003  
5025.0  0.96574  
5029.1  0.96932  
5033.3  0.97179  
5037.5  0.96806  
5041.7  0.96618  
5045.9  0.96888  
5050.1  0.96627  
5054.2  0.95743  
5058.4  0.95656  
5062.6  0.96415  
5066.8  0.96718  
5071.0  0.96282  
5075.2  0.96516  
5079.4  0.9728  
5083.5  0.97123  
5087.7  0.96959  
5091.9  0.96909  
5096.1  0.96649  
5100.299999999999  0.96522  
5104.5  0.96823  
5108.7  0.97244  
5112.900000000001  0.97088  
5117.0  0.96917  
5121.2  0.96861  
5125.4  0.96509  
5129.6  0.96199  
5133.8  0.96425  
5138.0  0.96567  
5142.200000000001  0.96077  
5146.4  0.96136  
5150.599999999999  0.9621  
5154.8  0.9538  
5159.0  0.95868  
5163.200000000001  0.96759  
5167.4  0.96064  
5171.599999999999  0.95262  
5175.700000000001  0.95745  
5179.9  0.96947  
5184.099999999999  0.96721  
5188.3  0.95815  
5192.5  0.95878  
5196.7  0.9587  
5200.900000000001  0.95413  
5205.1  0.95422  
5209.299999999999  0.96187  
5213.5  0.9595  
5217.7  0.94906  
5221.900000000001  0.95162  
5226.1  0.96472  
5230.299999999999  0.97244  
5234.5  0.96836  
5238.7  0.95709  
5242.9  0.95271  
5247.1  0.9591  
5251.3  0.96259  
5255.599999999999  0.96496  
5259.8  0.96172  
5264.0  0.94917  
5268.200000000001  0.94546  
5272.4  0.95821  
5276.599999999999  0.96938  
5280.8  0.9657  
5285.0  0.96102  
5289.2  0.96645  
5293.400000000001  0.97008  
5297.6  0.96609  
5301.799999999999  0.96586  
5306.0  0.96494  
5310.2  0.95713  
5314.5  0.95309  
5318.7  0.95422  
5322.9  0.95803  
5327.1  0.96144  
5331.3  0.96512  
5335.5  0.96863  
5339.700000000001  0.96795  
5343.9  0.96656  
5348.200000000001  0.96516  
5352.4  0.96091  
5356.599999999999  0.96382  
5360.8  0.97409  
5365.0  0.97465  
5369.2  0.9686  
5373.400000000001  0.96359  
5377.7  0.96068  
5381.900000000001  0.96889  
5386.1  0.97348  
5390.299999999999  0.96706  
5394.5  0.96351  
5398.8  0.96652  
5403.0  0.9668  
5407.200000000001  0.95651  
5411.4  0.9511  
5415.599999999999  0.95068  
5419.9  0.941  
5424.099999999999  0.9272  
5428.3  0.90912  
5432.5  0.88113  
5436.7  0.84412  
5441.0  0.80175  
5445.2  0.75581  
5449.400000000001  0.70584  
5453.6  0.65253  
5457.9  0.5955  
5462.1  0.53794  
5466.3  0.48314  
5470.5  0.42439  
5474.8  0.36422  
5479.0  0.31258  
5483.200000000001  0.27113  
5487.4  0.23436  
5491.7  0.19653  
5495.900000000001  0.16075  
5500.1  0.13104  
5504.400000000001  0.10626  
5508.6  0.08644  
5512.799999999999  0.06999  
5517.1  0.05372  
5521.3  0.04082  
5525.5  0.03347  
5529.700000000001  0.02828  
5534.0  0.02326  
5538.200000000001  0.01926  
5542.4  0.0165  
5546.7  0.01533  
5550.900000000001  0.01576  
5555.1  0.01467  
5559.400000000001  0.01169  
5563.6  0.01083  
5567.9  0.0123  
5572.1  0.01213  
5576.3  0.00976  
5580.599999999999  0.00862  
5584.8  0.00834  
5589.0  0.00881  
5593.3  0.01055  
5597.5  0.01075  
5601.799999999999  0.00922  
5606.0  0.00796  
5610.2  0.00732  
5614.5  0.00695  
5618.7  0.00664  
5623.0  0.00645  
5627.200000000001  0.00643  
5631.4  0.00646  
5635.700000000001  0.00691  
5639.9  0.00667  
5644.2  0.00524  
5648.400000000001  0.00434  
5652.7  0.00524  
5656.900000000001  0.00646  
5661.1  0.00646  
5665.4  0.0067  
5669.6  0.0064  
5673.9  0.00477  
5678.099999999999  0.00382  
5682.4  0.00412  
5686.599999999999  0.00453  
5690.900000000001  0.00375  
5695.1  0.00247  
5699.400000000001  0.00189  
5703.6  0.00203  
5707.9  0.00231  
5712.1  0.0018  
5716.4  0.00109  
5720.599999999999  0.00124  
5724.9  0.00185  
5729.099999999999  0.0022  
5733.400000000001  0.00199  
5737.6  0.00154  
5741.900000000001  0.0014  
5746.1  0.00146  

