@MEASUREMENT_RADIUS 4.0 cm
#lambda:
#tr:
#end
3803.5  0.00666  
3807.6  0.00614  
3811.6000000000004  0.00501  
3815.7  0.00508  
3819.7000000000003  0.00628  
3823.8  0.00679  
3827.7999999999997  0.00594  
3831.8  0.00523  
3835.8999999999996  0.00547  
3839.9  0.00551  
3844.0  0.00533  
3848.0  0.00587  
3852.1  0.00647  
3856.1000000000004  0.00615  
3860.2  0.00574  
3864.2000000000003  0.0057  
3868.2999999999997  0.00572  
3872.3  0.00595  
3876.3999999999996  0.00646  
3880.4  0.00619  
3884.5  0.00567  
3888.5  0.00617  
3892.6  0.00635  
3896.6000000000004  0.00589  
3900.7  0.00602  
3904.8  0.00674  
3908.8  0.00722  
3912.9  0.00715  
3916.9  0.00675  
3921.0  0.00689  
3925.0  0.00768  
3929.1000000000004  0.00844  
3933.1  0.00984  
3937.2000000000003  0.01296  
3941.3  0.01765  
3945.2999999999997  0.02342  
3949.4  0.03066  
3953.3999999999996  0.0406  
3957.5  0.05327  
3961.6000000000004  0.06875  
3965.6  0.08742  
3969.7000000000003  0.11031  
3973.8  0.14059  
3977.7999999999997  0.18319  
3981.9  0.24087  
3985.8999999999996  0.31447  
3990.0  0.40348  
3994.1000000000004  0.50608  
3998.1  0.61706  
4002.2000000000003  0.72557  
4006.3  0.81737  
4010.2999999999997  0.884  
4014.4  0.92844  
4018.5  0.95267  
4022.5  0.95872  
4026.6000000000004  0.95737  
4030.7  0.95975  
4034.7000000000003  0.96538  
4038.8  0.96709  
4042.9  0.96551  
4047.0  0.96607  
4051.0  0.96677  
4055.1  0.96726  
4059.2000000000003  0.96691  
4063.2999999999997  0.96369  
4067.3  0.96127  
4071.3999999999996  0.96318  
4075.5  0.96642  
4079.5  0.96719  
4083.6000000000004  0.96852  
4087.7  0.97081  
4091.8  0.97346  
4095.8999999999996  0.97632  
4099.9  0.97741  
4104.0  0.97611  
4108.1  0.97315  
4112.200000000001  0.97049  
4116.2  0.96943  
4120.299999999999  0.97126  
4124.4  0.97386  
4128.5  0.9698  
4132.6  0.96338  
4136.7  0.96482  
4140.7  0.97033  
4144.8  0.97132  
4148.9  0.96886  
4153.0  0.96882  
4157.099999999999  0.96897  
4161.2  0.96702  
4165.2  0.96581  
4169.3  0.96489  
4173.4  0.9643  
4177.5  0.96633  
4181.6  0.97143  
4185.7  0.9729  
4189.8  0.96759  
4193.8  0.96653  
4197.900000000001  0.97079  
4202.0  0.96873  
4206.1  0.9639  
4210.2  0.96674  
4214.3  0.97103  
4218.4  0.96875  
4222.5  0.96605  
4226.6  0.96863  
4230.7  0.97324  
4234.8  0.97516  
4238.8  0.97494  
4242.900000000001  0.97223  
4247.0  0.96923  
4251.1  0.97032  
4255.2  0.9717  
4259.3  0.96981  
4263.4  0.96755  
4267.5  0.96841  
4271.6  0.96738  
4275.7  0.96273  
4279.8  0.9619  
4283.9  0.96371  
4288.0  0.96227  
4292.099999999999  0.96019  
4296.2  0.96128  
4300.299999999999  0.96498  
4304.4  0.96905  
4308.5  0.96992  
4312.6  0.97011  
4316.7  0.97298  
4320.8  0.97665  
4324.9  0.97613  
4329.0  0.97424  
4333.1  0.97756  
4337.200000000001  0.97859  
4341.3  0.97701  
4345.400000000001  0.97738  
4349.5  0.97737  
4353.7  0.97585  
4357.799999999999  0.9743  
4361.9  0.97167  
4366.0  0.97008  
4370.1  0.97107  
4374.2  0.97237  
4378.3  0.97269  
4382.4  0.97034  
4386.5  0.96916  
4390.6  0.97492  
4394.700000000001  0.97955  
4398.9  0.97578  
4403.0  0.97323  
4407.099999999999  0.9756  
4411.2  0.97473  
4415.299999999999  0.97423  
4419.4  0.9762  
4423.5  0.97602  
4427.7  0.97415  
4431.8  0.97401  
4435.9  0.97558  
4440.0  0.97672  
4444.1  0.9776  
4448.2  0.97705  
4452.4  0.97606  
4456.5  0.97817  
4460.6  0.98002  
4464.700000000001  0.97816  
4468.8  0.97563  
4472.900000000001  0.97563  
4477.099999999999  0.97834  
4481.2  0.97865  
4485.299999999999  0.97648  
4489.4  0.97481  
4493.6  0.97363  
4497.7  0.97605  
4501.8  0.97898  
4505.9  0.9763  
4510.1  0.97328  
4514.2  0.97365  
4518.3  0.97291  
4522.4  0.97393  
4526.6  0.97728  
4530.7  0.97675  
4534.8  0.9732  
4538.9  0.97254  
4543.1  0.97596  
4547.200000000001  0.97759  
4551.3  0.97639  
4555.400000000001  0.97698  
4559.599999999999  0.97724  
4563.7  0.9763  
4567.799999999999  0.97523  
4572.0  0.97816  
4576.1  0.97976  
4580.2  0.97629  
4584.4  0.97742  
4588.5  0.98077  
4592.6  0.97992  
4596.8  0.97635  
4600.9  0.97596  
4605.0  0.97974  
4609.2  0.98084  
4613.3  0.97779  
4617.4  0.97823  
4621.6  0.98008  
4625.7  0.97668  
4629.9  0.97495  
4634.0  0.97543  
4638.1  0.97429  
4642.3  0.97395  
4646.4  0.97369  
4650.5  0.9749  
4654.700000000001  0.97665  
4658.8  0.97567  
4663.0  0.97356  
4667.099999999999  0.97133  
4671.3  0.97085  
4675.400000000001  0.97675  
4679.5  0.98111  
4683.7  0.98015  
4687.799999999999  0.98039  
4692.0  0.97906  
4696.1  0.97322  
4700.299999999999  0.96986  
4704.4  0.97267  
4708.5  0.97596  
4712.7  0.97673  
4716.8  0.97414  
4721.0  0.9682  
4725.1  0.96644  
4729.3  0.97246  
4733.4  0.97632  
4737.6  0.9727  
4741.7  0.96658  
4745.9  0.96146  
4750.0  0.96523  
4754.2  0.97293  
4758.3  0.97289  
4762.5  0.9687  
4766.6  0.965  
4770.8  0.96514  
4774.9  0.96576  
4779.1  0.96777  
4783.3  0.97147  
4787.4  0.97162  
4791.6  0.97085  
4795.7  0.97226  
4799.9  0.97452  
4804.0  0.97442  
4808.2  0.97136  
4812.3  0.96884  
4816.5  0.96786  
4820.7  0.96775  
4824.8  0.96892  
4829.0  0.97009  
4833.1  0.97052  
4837.3  0.97003  
4841.5  0.96935  
4845.6  0.97071  
4849.8  0.97246  
4853.9  0.96842  
4858.1  0.9716  
4862.3  0.97654  
4866.4  0.97917  
4870.6  0.98082  
4874.8  0.97998  
4878.9  0.96993  
4883.1  0.96773  
4887.3  0.97022  
4891.4  0.97156  
4895.6  0.97483  
4899.8  0.9749  
4903.9  0.97186  
4908.1  0.9714  
4912.3  0.96864  
4916.4  0.9634  
4920.6  0.96515  
4924.8  0.97154  
4928.9  0.97354  
4933.1  0.96509  
4937.3  0.95952  
4941.5  0.96239  
4945.6  0.96429  
4949.8  0.96586  
4954.0  0.9662  
4958.1  0.96344  
4962.3  0.96023  
4966.5  0.96053  
4970.7  0.96645  
4974.8  0.97103  
4979.0  0.96653  
4983.2  0.95923  
4987.4  0.96107  
4991.5  0.96878  
4995.7  0.97229  
4999.9  0.9693  
5004.1  0.96557  
5008.3  0.96795  
5012.4  0.97355  
5016.6  0.97552  
5020.8  0.96984  
5025.0  0.96555  
5029.1  0.97103  
5033.3  0.9741  
5037.5  0.9684  
5041.7  0.96459  
5045.9  0.96771  
5050.1  0.96673  
5054.2  0.95783  
5058.4  0.9558  
5062.6  0.96261  
5066.8  0.96538  
5071.0  0.96085  
5075.2  0.96338  
5079.4  0.97325  
5083.5  0.97349  
5087.7  0.97122  
5091.9  0.96868  
5096.1  0.96505  
5100.299999999999  0.96631  
5104.5  0.97121  
5108.7  0.97301  
5112.900000000001  0.96819  
5117.0  0.96666  
5121.2  0.96794  
5125.4  0.96487  
5129.6  0.96223  
5133.8  0.966  
5138.0  0.96712  
5142.200000000001  0.96058  
5146.4  0.96088  
5150.599999999999  0.962  
5154.8  0.95378  
5159.0  0.95785  
5163.200000000001  0.96654  
5167.4  0.96148  
5171.599999999999  0.95526  
5175.700000000001  0.95963  
5179.9  0.96982  
5184.099999999999  0.96576  
5188.3  0.95592  
5192.5  0.95775  
5196.7  0.95932  
5200.900000000001  0.95523  
5205.1  0.95479  
5209.299999999999  0.96158  
5213.5  0.95964  
5217.7  0.94997  
5221.900000000001  0.95114  
5226.1  0.96273  
5230.299999999999  0.97042  
5234.5  0.96765  
5238.7  0.9587  
5242.9  0.95571  
5247.1  0.96193  
5251.3  0.9635  
5255.599999999999  0.96369  
5259.8  0.96065  
5264.0  0.95006  
5268.200000000001  0.94733  
5272.4  0.95855  
5276.599999999999  0.96789  
5280.8  0.96489  
5285.0  0.96198  
5289.2  0.96761  
5293.400000000001  0.97107  
5297.6  0.9669  
5301.799999999999  0.96525  
5306.0  0.96318  
5310.2  0.95691  
5314.5  0.95531  
5318.7  0.95755  
5322.9  0.96129  
5327.1  0.96347  
5331.3  0.96545  
5335.5  0.96872  
5339.700000000001  0.96885  
5343.9  0.9683  
5348.200000000001  0.96722  
5352.4  0.96234  
5356.599999999999  0.96264  
5360.8  0.97104  
5365.0  0.97431  
5369.2  0.972  
5373.400000000001  0.9668  
5377.7  0.96054  
5381.900000000001  0.96613  
5386.1  0.97111  
5390.299999999999  0.96718  
5394.5  0.96449  
5398.8  0.96548  
5403.0  0.96524  
5407.200000000001  0.95671  
5411.4  0.9515  
5415.599999999999  0.94926  
5419.9  0.93908  
5424.099999999999  0.92686  
5428.3  0.90915  
5432.5  0.88147  
5436.7  0.84586  
5441.0  0.80302  
5445.2  0.7553  
5449.400000000001  0.70473  
5453.6  0.65301  
5457.9  0.5983  
5462.1  0.54172  
5466.3  0.48493  
5470.5  0.42281  
5474.8  0.36075  
5479.0  0.31013  
5483.200000000001  0.2711  
5487.4  0.23496  
5491.7  0.19603  
5495.900000000001  0.15864  
5500.1  0.12858  
5504.400000000001  0.10546  
5508.6  0.0876  
5512.799999999999  0.07153  
5517.1  0.05402  
5521.3  0.04035  
5525.5  0.03326  
5529.700000000001  0.02856  
5534.0  0.02355  
5538.200000000001  0.01961  
5542.4  0.01794  
5546.7  0.01796  
5550.900000000001  0.01756  
5555.1  0.01481  
5559.400000000001  0.01181  
5563.6  0.01085  
5567.9  0.01154  
5572.1  0.01173  
5576.3  0.01038  
5580.599999999999  0.00888  
5584.8  0.00868  
5589.0  0.00975  
5593.3  0.01058  
5597.5  0.00967  
5601.799999999999  0.00796  
5606.0  0.00693  
5610.2  0.00718  
5614.5  0.0076  
5618.7  0.00697  
5623.0  0.00654  
5627.200000000001  0.00745  
5631.4  0.00758  
5635.700000000001  0.00657  
5639.9  0.00616  
5644.2  0.00706  
5648.400000000001  0.00732  
5652.7  0.00596  
5656.900000000001  0.00469  
5661.1  0.00461  
5665.4  0.00585  
5669.6  0.00606  
5673.9  0.00464  
5678.099999999999  0.00374  
5682.4  0.00355  
5686.599999999999  0.00361  
5690.900000000001  0.00349  
5695.1  0.0029  
5699.400000000001  0.00237  
5703.6  0.00211  
5707.9  0.00193  
5712.1  0.00144  
5716.4  0.00133  
5720.599999999999  0.00176  
5724.9  0.00231  
5729.099999999999  0.00208  
5733.400000000001  0.00156  
5737.6  0.00157  
5741.900000000001  0.00178  
5746.1  0.0018  

