@MEASUREMENT_RADIUS 5.0 cm
#lambda:
#tr:
#end
3803.5  0.00611  
3807.6  0.00623  
3811.6000000000004  0.00571  
3815.7  0.00596  
3819.7000000000003  0.00723  
3823.8  0.00722  
3827.7999999999997  0.00541  
3831.8  0.00451  
3835.8999999999996  0.00521  
3839.9  0.00527  
3844.0  0.00489  
3848.0  0.00587  
3852.1  0.00668  
3856.1000000000004  0.00585  
3860.2  0.00516  
3864.2000000000003  0.0058  
3868.2999999999997  0.00679  
3872.3  0.00688  
3876.3999999999996  0.00588  
3880.4  0.00499  
3884.5  0.005  
3888.5  0.00578  
3892.6  0.00617  
3896.6000000000004  0.00613  
3900.7  0.00649  
3904.8  0.00668  
3908.8  0.0063  
3912.9  0.0061  
3916.9  0.00651  
3921.0  0.00742  
3925.0  0.00811  
3929.1000000000004  0.0083  
3933.1  0.00935  
3937.2000000000003  0.01227  
3941.3  0.01697  
3945.2999999999997  0.02342  
3949.4  0.03113  
3953.3999999999996  0.04022  
3957.5  0.05181  
3961.6000000000004  0.06716  
3965.6  0.08618  
3969.7000000000003  0.10891  
3973.8  0.13878  
3977.7999999999997  0.18119  
3981.9  0.23883  
3985.8999999999996  0.31169  
3990.0  0.39919  
3994.1000000000004  0.50063  
3998.1  0.61213  
4002.2000000000003  0.72189  
4006.3  0.81404  
4010.2999999999997  0.88115  
4014.4  0.92741  
4018.5  0.95323  
4022.5  0.95857  
4026.6000000000004  0.95613  
4030.7  0.95945  
4034.7000000000003  0.96627  
4038.8  0.96734  
4042.9  0.96456  
4047.0  0.96512  
4051.0  0.96658  
4055.1  0.96691  
4059.2000000000003  0.96615  
4063.2999999999997  0.9634  
4067.3  0.96177  
4071.3999999999996  0.96385  
4075.5  0.96641  
4079.5  0.96684  
4083.6000000000004  0.96923  
4087.7  0.9727  
4091.8  0.97494  
4095.8999999999996  0.97549  
4099.9  0.97498  
4104.0  0.97431  
4108.1  0.97244  
4112.200000000001  0.97012  
4116.2  0.969  
4120.299999999999  0.97148  
4124.4  0.97554  
4128.5  0.97221  
4132.6  0.96515  
4136.7  0.96537  
4140.7  0.9702  
4144.8  0.97128  
4148.9  0.96913  
4153.0  0.96918  
4157.099999999999  0.9688  
4161.2  0.96668  
4165.2  0.96639  
4169.3  0.96586  
4173.4  0.9648  
4177.5  0.96636  
4181.6  0.97141  
4185.7  0.97292  
4189.8  0.96717  
4193.8  0.9649  
4197.900000000001  0.96922  
4202.0  0.96871  
4206.1  0.96412  
4210.2  0.96625  
4214.3  0.97035  
4218.4  0.96871  
4222.5  0.9666  
4226.6  0.969  
4230.7  0.97328  
4234.8  0.97534  
4238.8  0.97578  
4242.900000000001  0.97363  
4247.0  0.97059  
4251.1  0.97119  
4255.2  0.97247  
4259.3  0.9706  
4263.4  0.96793  
4267.5  0.96823  
4271.6  0.96705  
4275.7  0.9626  
4279.8  0.96175  
4283.9  0.96313  
4288.0  0.96253  
4292.099999999999  0.9624  
4296.2  0.96337  
4300.299999999999  0.96485  
4304.4  0.96762  
4308.5  0.96932  
4312.6  0.97052  
4316.7  0.97301  
4320.8  0.97639  
4324.9  0.97705  
4329.0  0.97622  
4333.1  0.97872  
4337.200000000001  0.97848  
4341.3  0.97644  
4345.400000000001  0.9773  
4349.5  0.97825  
4353.7  0.97714  
4357.799999999999  0.97431  
4361.9  0.97094  
4366.0  0.97021  
4370.1  0.97157  
4374.2  0.97278  
4378.3  0.97362  
4382.4  0.97112  
4386.5  0.96916  
4390.6  0.97452  
4394.700000000001  0.97961  
4398.9  0.97717  
4403.0  0.97477  
4407.099999999999  0.97566  
4411.2  0.97372  
4415.299999999999  0.9732  
4419.4  0.97553  
4423.5  0.97583  
4427.7  0.97405  
4431.8  0.97458  
4435.9  0.97695  
4440.0  0.97685  
4444.1  0.97618  
4448.2  0.97616  
4452.4  0.9765  
4456.5  0.97841  
4460.6  0.97905  
4464.700000000001  0.97662  
4468.8  0.97486  
4472.900000000001  0.97643  
4477.099999999999  0.97968  
4481.2  0.97869  
4485.299999999999  0.97534  
4489.4  0.97407  
4493.6  0.97393  
4497.7  0.97685  
4501.8  0.97956  
4505.9  0.97677  
4510.1  0.97403  
4514.2  0.9745  
4518.3  0.97362  
4522.4  0.97499  
4526.6  0.97866  
4530.7  0.97746  
4534.8  0.97361  
4538.9  0.97351  
4543.1  0.97659  
4547.200000000001  0.9769  
4551.3  0.97614  
4555.400000000001  0.97785  
4559.599999999999  0.97767  
4563.7  0.97549  
4567.799999999999  0.97424  
4572.0  0.97819  
4576.1  0.98044  
4580.2  0.97717  
4584.4  0.97816  
4588.5  0.98064  
4592.6  0.97856  
4596.8  0.97495  
4600.9  0.97568  
4605.0  0.97996  
4609.2  0.98088  
4613.3  0.97765  
4617.4  0.9785  
4621.6  0.98027  
4625.7  0.97556  
4629.9  0.97348  
4634.0  0.97472  
4638.1  0.97425  
4642.3  0.97397  
4646.4  0.97315  
4650.5  0.97356  
4654.700000000001  0.97542  
4658.8  0.97544  
4663.0  0.9738  
4667.099999999999  0.97148  
4671.3  0.9711  
4675.400000000001  0.97723  
4679.5  0.98119  
4683.7  0.97988  
4687.799999999999  0.98062  
4692.0  0.97939  
4696.1  0.97336  
4700.299999999999  0.97086  
4704.4  0.97395  
4708.5  0.97674  
4712.7  0.97842  
4716.8  0.97626  
4721.0  0.96842  
4725.1  0.9643  
4729.3  0.97022  
4733.4  0.97605  
4737.6  0.97399  
4741.7  0.96764  
4745.9  0.96118  
4750.0  0.96408  
4754.2  0.97257  
4758.3  0.97306  
4762.5  0.96795  
4766.6  0.96424  
4770.8  0.96573  
4774.9  0.9667  
4779.1  0.96768  
4783.3  0.97018  
4787.4  0.97054  
4791.6  0.97073  
4795.7  0.97226  
4799.9  0.97403  
4804.0  0.97404  
4808.2  0.97215  
4812.3  0.97095  
4816.5  0.96945  
4820.7  0.96799  
4824.8  0.96833  
4829.0  0.96917  
4833.1  0.96985  
4837.3  0.96983  
4841.5  0.96884  
4845.6  0.96864  
4849.8  0.97006  
4853.9  0.96946  
4858.1  0.97304  
4862.3  0.97686  
4866.4  0.97863  
4870.6  0.97995  
4874.8  0.97975  
4878.9  0.97112  
4883.1  0.96884  
4887.3  0.97069  
4891.4  0.97087  
4895.6  0.97313  
4899.8  0.97355  
4903.9  0.97154  
4908.1  0.97211  
4912.3  0.96899  
4916.4  0.96205  
4920.6  0.96345  
4924.8  0.97033  
4928.9  0.97129  
4933.1  0.96322  
4937.3  0.95985  
4941.5  0.96333  
4945.6  0.96388  
4949.8  0.9642  
4954.0  0.96516  
4958.1  0.96411  
4962.3  0.96141  
4966.5  0.9604  
4970.7  0.96495  
4974.8  0.97036  
4979.0  0.96851  
4983.2  0.96159  
4987.4  0.96212  
4991.5  0.96904  
4995.7  0.97257  
4999.9  0.97078  
5004.1  0.96833  
5008.3  0.96992  
5012.4  0.97309  
5016.6  0.97471  
5020.8  0.97044  
5025.0  0.96573  
5029.1  0.96937  
5033.3  0.97272  
5037.5  0.96892  
5041.7  0.966  
5045.9  0.96846  
5050.1  0.96671  
5054.2  0.95835  
5058.4  0.9564  
5062.6  0.96218  
5066.8  0.96438  
5071.0  0.96091  
5075.2  0.9648  
5079.4  0.97323  
5083.5  0.97155  
5087.7  0.96959  
5091.9  0.9689  
5096.1  0.96535  
5100.299999999999  0.96324  
5104.5  0.96687  
5108.7  0.97167  
5112.900000000001  0.97026  
5117.0  0.9684  
5121.2  0.96678  
5125.4  0.96361  
5129.6  0.96328  
5133.8  0.96755  
5138.0  0.96748  
5142.200000000001  0.95899  
5146.4  0.95778  
5150.599999999999  0.96089  
5154.8  0.95552  
5159.0  0.95996  
5163.200000000001  0.96801  
5167.4  0.96041  
5171.599999999999  0.9513  
5175.700000000001  0.95783  
5179.9  0.97201  
5184.099999999999  0.96809  
5188.3  0.95764  
5192.5  0.95935  
5196.7  0.96044  
5200.900000000001  0.95642  
5205.1  0.95598  
5209.299999999999  0.96268  
5213.5  0.96027  
5217.7  0.94896  
5221.900000000001  0.95024  
5226.1  0.96512  
5230.299999999999  0.97415  
5234.5  0.9688  
5238.7  0.95835  
5242.9  0.95589  
5247.1  0.96082  
5251.3  0.96006  
5255.599999999999  0.96166  
5259.8  0.96189  
5264.0  0.95195  
5268.200000000001  0.94849  
5272.4  0.95963  
5276.599999999999  0.96946  
5280.8  0.96486  
5285.0  0.95866  
5289.2  0.96375  
5293.400000000001  0.96822  
5297.6  0.96581  
5301.799999999999  0.96676  
5306.0  0.96514  
5310.2  0.95671  
5314.5  0.95348  
5318.7  0.95624  
5322.9  0.96162  
5327.1  0.96557  
5331.3  0.96708  
5335.5  0.96792  
5339.700000000001  0.96696  
5343.9  0.96632  
5348.200000000001  0.96537  
5352.4  0.96099  
5356.599999999999  0.96201  
5360.8  0.97095  
5365.0  0.97366  
5369.2  0.97142  
5373.400000000001  0.96778  
5377.7  0.9632  
5381.900000000001  0.9688  
5386.1  0.97234  
5390.299999999999  0.96651  
5394.5  0.96433  
5398.8  0.9677  
5403.0  0.96694  
5407.200000000001  0.95622  
5411.4  0.95114  
5415.599999999999  0.94949  
5419.9  0.93926  
5424.099999999999  0.92762  
5428.3  0.91123  
5432.5  0.88355  
5436.7  0.84609  
5441.0  0.8037  
5445.2  0.75914  
5449.400000000001  0.70952  
5453.6  0.65493  
5457.9  0.59735  
5462.1  0.53987  
5466.3  0.48342  
5470.5  0.42366  
5474.8  0.36399  
5479.0  0.31139  
5483.200000000001  0.26899  
5487.4  0.23282  
5491.7  0.19642  
5495.900000000001  0.16067  
5500.1  0.12999  
5504.400000000001  0.10587  
5508.6  0.08794  
5512.799999999999  0.07248  
5517.1  0.05473  
5521.3  0.04028  
5525.5  0.03346  
5529.700000000001  0.0292  
5534.0  0.02418  
5538.200000000001  0.01966  
5542.4  0.01672  
5546.7  0.01552  
5550.900000000001  0.01586  
5555.1  0.01411  
5559.400000000001  0.0112  
5563.6  0.01074  
5567.9  0.01174  
5572.1  0.01187  
5576.3  0.01082  
5580.599999999999  0.00943  
5584.8  0.00879  
5589.0  0.01016  
5593.3  0.01231  
5597.5  0.01193  
5601.799999999999  0.00903  
5606.0  0.00681  
5610.2  0.0066  
5614.5  0.00692  
5618.7  0.00678  
5623.0  0.00698  
5627.200000000001  0.00735  
5631.4  0.00684  
5635.700000000001  0.00633  
5639.9  0.00652  
5644.2  0.00703  
5648.400000000001  0.00647  
5652.7  0.00487  
5656.900000000001  0.0043  
5661.1  0.00518  
5665.4  0.00608  
5669.6  0.00514  
5673.9  0.00356  
5678.099999999999  0.00351  
5682.4  0.00401  
5686.599999999999  0.00377  
5690.900000000001  0.00306  
5695.1  0.00266  
5699.400000000001  0.00227  
5703.6  0.00212  
5707.9  0.00211  
5712.1  0.0017  
5716.4  0.00151  
5720.599999999999  0.00189  
5724.9  0.00225  
5729.099999999999  0.00242  
5733.400000000001  0.00232  
5737.6  0.00178  
5741.900000000001  0.00153  
5746.1  0.00158  

