@MEASUREMENT_RADIUS 6.0 cm
#lambda:
#tr:
#end
3803.5  0.00658  
3807.6  0.00577  
3811.6000000000004  0.00474  
3815.7  0.00544  
3819.7000000000003  0.00688  
3823.8  0.00689  
3827.7999999999997  0.00569  
3831.8  0.00504  
3835.8999999999996  0.00547  
3839.9  0.0056  
3844.0  0.00533  
3848.0  0.00562  
3852.1  0.00572  
3856.1000000000004  0.00558  
3860.2  0.00576  
3864.2000000000003  0.00572  
3868.2999999999997  0.00549  
3872.3  0.00556  
3876.3999999999996  0.00581  
3880.4  0.0056  
3884.5  0.00538  
3888.5  0.00574  
3892.6  0.00612  
3896.6000000000004  0.00626  
3900.7  0.00608  
3904.8  0.00594  
3908.8  0.00617  
3912.9  0.00621  
3916.9  0.00598  
3921.0  0.00639  
3925.0  0.00749  
3929.1000000000004  0.00839  
3933.1  0.0094  
3937.2000000000003  0.01155  
3941.3  0.01599  
3945.2999999999997  0.02265  
3949.4  0.03068  
3953.3999999999996  0.04013  
3957.5  0.05191  
3961.6000000000004  0.06704  
3965.6  0.08523  
3969.7000000000003  0.10725  
3973.8  0.13737  
3977.7999999999997  0.17957  
3981.9  0.23588  
3985.8999999999996  0.30802  
3990.0  0.39578  
3994.1000000000004  0.49707  
3998.1  0.60737  
4002.2000000000003  0.71646  
4006.3  0.80988  
4010.2999999999997  0.87881  
4014.4  0.92626  
4018.5  0.95333  
4022.5  0.95966  
4026.6000000000004  0.95675  
4030.7  0.95885  
4034.7000000000003  0.96544  
4038.8  0.9673  
4042.9  0.96546  
4047.0  0.96629  
4051.0  0.96674  
4055.1  0.96603  
4059.2000000000003  0.96591  
4063.2999999999997  0.9644  
4067.3  0.96304  
4071.3999999999996  0.96459  
4075.5  0.96585  
4079.5  0.96534  
4083.6000000000004  0.96803  
4087.7  0.97182  
4091.8  0.97412  
4095.8999999999996  0.97556  
4099.9  0.97601  
4104.0  0.97555  
4108.1  0.97324  
4112.200000000001  0.97022  
4116.2  0.96901  
4120.299999999999  0.97125  
4124.4  0.97483  
4128.5  0.97191  
4132.6  0.96534  
4136.7  0.96534  
4140.7  0.97006  
4144.8  0.97136  
4148.9  0.96886  
4153.0  0.96834  
4157.099999999999  0.96836  
4161.2  0.96693  
4165.2  0.96666  
4169.3  0.96647  
4173.4  0.96638  
4177.5  0.96789  
4181.6  0.97135  
4185.7  0.97162  
4189.8  0.96667  
4193.8  0.9663  
4197.900000000001  0.97052  
4202.0  0.96823  
4206.1  0.96348  
4210.2  0.96678  
4214.3  0.9708  
4218.4  0.96788  
4222.5  0.96566  
4226.6  0.96968  
4230.7  0.97489  
4234.8  0.97575  
4238.8  0.97443  
4242.900000000001  0.97182  
4247.0  0.9697  
4251.1  0.97106  
4255.2  0.97232  
4259.3  0.97034  
4263.4  0.96758  
4267.5  0.96829  
4271.6  0.96744  
4275.7  0.96287  
4279.8  0.96237  
4283.9  0.96427  
4288.0  0.96284  
4292.099999999999  0.96092  
4296.2  0.96183  
4300.299999999999  0.96445  
4304.4  0.96834  
4308.5  0.97071  
4312.6  0.97146  
4316.7  0.97319  
4320.8  0.97664  
4324.9  0.97741  
4329.0  0.97581  
4333.1  0.9774  
4337.200000000001  0.97711  
4341.3  0.97621  
4345.400000000001  0.97776  
4349.5  0.97873  
4353.7  0.97782  
4357.799999999999  0.97554  
4361.9  0.97181  
4366.0  0.96969  
4370.1  0.97054  
4374.2  0.97202  
4378.3  0.97314  
4382.4  0.97167  
4386.5  0.97055  
4390.6  0.97511  
4394.700000000001  0.9789  
4398.9  0.97579  
4403.0  0.97373  
4407.099999999999  0.97627  
4411.2  0.97602  
4415.299999999999  0.97521  
4419.4  0.97532  
4423.5  0.9742  
4427.7  0.97372  
4431.8  0.97505  
4435.9  0.97558  
4440.0  0.9748  
4444.1  0.97624  
4448.2  0.97767  
4452.4  0.97693  
4456.5  0.9776  
4460.6  0.97873  
4464.700000000001  0.97802  
4468.8  0.97721  
4472.900000000001  0.9776  
4477.099999999999  0.97832  
4481.2  0.97602  
4485.299999999999  0.9738  
4489.4  0.9743  
4493.6  0.97506  
4497.7  0.97775  
4501.8  0.98037  
4505.9  0.97808  
4510.1  0.97504  
4514.2  0.97457  
4518.3  0.97239  
4522.4  0.97343  
4526.6  0.9783  
4530.7  0.9777  
4534.8  0.97281  
4538.9  0.97119  
4543.1  0.97447  
4547.200000000001  0.97637  
4551.3  0.97607  
4555.400000000001  0.97749  
4559.599999999999  0.97758  
4563.7  0.97573  
4567.799999999999  0.97399  
4572.0  0.97725  
4576.1  0.97926  
4580.2  0.97574  
4584.4  0.97673  
4588.5  0.97999  
4592.6  0.97922  
4596.8  0.97602  
4600.9  0.97575  
4605.0  0.97908  
4609.2  0.9801  
4613.3  0.97743  
4617.4  0.97832  
4621.6  0.98017  
4625.7  0.97599  
4629.9  0.97385  
4634.0  0.97502  
4638.1  0.97538  
4642.3  0.97513  
4646.4  0.97353  
4650.5  0.97418  
4654.700000000001  0.97608  
4658.8  0.97454  
4663.0  0.97207  
4667.099999999999  0.97107  
4671.3  0.97223  
4675.400000000001  0.97788  
4679.5  0.98079  
4683.7  0.97933  
4687.799999999999  0.98005  
4692.0  0.9788  
4696.1  0.97311  
4700.299999999999  0.97092  
4704.4  0.97401  
4708.5  0.97633  
4712.7  0.97729  
4716.8  0.97532  
4721.0  0.96838  
4725.1  0.9654  
4729.3  0.971  
4733.4  0.97525  
4737.6  0.9723  
4741.7  0.96649  
4745.9  0.96153  
4750.0  0.96504  
4754.2  0.97256  
4758.3  0.97242  
4762.5  0.96838  
4766.6  0.96463  
4770.8  0.96411  
4774.9  0.96417  
4779.1  0.9665  
4783.3  0.97117  
4787.4  0.97194  
4791.6  0.97099  
4795.7  0.9717  
4799.9  0.97392  
4804.0  0.97494  
4808.2  0.97275  
4812.3  0.97024  
4816.5  0.96869  
4820.7  0.96843  
4824.8  0.96949  
4829.0  0.96966  
4833.1  0.96821  
4837.3  0.96688  
4841.5  0.96707  
4845.6  0.96988  
4849.8  0.97343  
4853.9  0.96987  
4858.1  0.97201  
4862.3  0.97625  
4866.4  0.97882  
4870.6  0.98095  
4874.8  0.98093  
4878.9  0.97054  
4883.1  0.9677  
4887.3  0.97065  
4891.4  0.97203  
4895.6  0.9742  
4899.8  0.97359  
4903.9  0.97054  
4908.1  0.97106  
4912.3  0.96922  
4916.4  0.9635  
4920.6  0.96456  
4924.8  0.97036  
4928.9  0.97182  
4933.1  0.96475  
4937.3  0.96166  
4941.5  0.96459  
4945.6  0.96446  
4949.8  0.9651  
4954.0  0.96583  
4958.1  0.96276  
4962.3  0.9586  
4966.5  0.95882  
4970.7  0.96546  
4974.8  0.97127  
4979.0  0.96778  
4983.2  0.96031  
4987.4  0.96153  
4991.5  0.96885  
4995.7  0.97314  
4999.9  0.97127  
5004.1  0.96777  
5008.3  0.96879  
5012.4  0.97355  
5016.6  0.97629  
5020.8  0.97084  
5025.0  0.96515  
5029.1  0.96913  
5033.3  0.97303  
5037.5  0.96907  
5041.7  0.96565  
5045.9  0.96866  
5050.1  0.96709  
5054.2  0.95777  
5058.4  0.95613  
5062.6  0.96285  
5066.8  0.96528  
5071.0  0.96043  
5075.2  0.9629  
5079.4  0.9722  
5083.5  0.97182  
5087.7  0.97028  
5091.9  0.96977  
5096.1  0.96557  
5100.299999999999  0.96337  
5104.5  0.96765  
5108.7  0.97255  
5112.900000000001  0.97003  
5117.0  0.96716  
5121.2  0.96599  
5125.4  0.96398  
5129.6  0.96349  
5133.8  0.96665  
5138.0  0.96693  
5142.200000000001  0.96  
5146.4  0.9596  
5150.599999999999  0.96145  
5154.8  0.95501  
5159.0  0.95918  
5163.200000000001  0.96658  
5167.4  0.95973  
5171.599999999999  0.95266  
5175.700000000001  0.95796  
5179.9  0.96939  
5184.099999999999  0.96704  
5188.3  0.95837  
5192.5  0.95868  
5196.7  0.9593  
5200.900000000001  0.95544  
5205.1  0.95462  
5209.299999999999  0.96281  
5213.5  0.96194  
5217.7  0.94925  
5221.900000000001  0.94823  
5226.1  0.96293  
5230.299999999999  0.97454  
5234.5  0.97003  
5238.7  0.95836  
5242.9  0.95501  
5247.1  0.96062  
5251.3  0.96231  
5255.599999999999  0.96376  
5259.8  0.96191  
5264.0  0.95055  
5268.200000000001  0.94582  
5272.4  0.95667  
5276.599999999999  0.96703  
5280.8  0.96495  
5285.0  0.96223  
5289.2  0.9672  
5293.400000000001  0.96979  
5297.6  0.96566  
5301.799999999999  0.96494  
5306.0  0.96318  
5310.2  0.95661  
5314.5  0.95432  
5318.7  0.9542  
5322.9  0.95717  
5327.1  0.96275  
5331.3  0.96697  
5335.5  0.96826  
5339.700000000001  0.96697  
5343.9  0.96704  
5348.200000000001  0.96657  
5352.4  0.96121  
5356.599999999999  0.96137  
5360.8  0.97099  
5365.0  0.97588  
5369.2  0.97427  
5373.400000000001  0.96777  
5377.7  0.9613  
5381.900000000001  0.96805  
5386.1  0.97225  
5390.299999999999  0.96643  
5394.5  0.96463  
5398.8  0.96847  
5403.0  0.96778  
5407.200000000001  0.95579  
5411.4  0.95039  
5415.599999999999  0.95053  
5419.9  0.94144  
5424.099999999999  0.92961  
5428.3  0.9131  
5432.5  0.88578  
5436.7  0.84891  
5441.0  0.80607  
5445.2  0.76018  
5449.400000000001  0.70947  
5453.6  0.65502  
5457.9  0.59894  
5462.1  0.54157  
5466.3  0.48312  
5470.5  0.42157  
5474.8  0.36207  
5479.0  0.31098  
5483.200000000001  0.26933  
5487.4  0.23265  
5491.7  0.19538  
5495.900000000001  0.15914  
5500.1  0.12872  
5504.400000000001  0.1052  
5508.6  0.08775  
5512.799999999999  0.07207  
5517.1  0.0547  
5521.3  0.04101  
5525.5  0.03342  
5529.700000000001  0.02857  
5534.0  0.02484  
5538.200000000001  0.02162  
5542.4  0.01858  
5546.7  0.01635  
5550.900000000001  0.01574  
5555.1  0.01409  
5559.400000000001  0.01103  
5563.6  0.01015  
5567.9  0.01189  
5572.1  0.01264  
5576.3  0.01139  
5580.599999999999  0.01011  
5584.8  0.00935  
5589.0  0.00968  
5593.3  0.01065  
5597.5  0.01066  
5601.799999999999  0.00903  
5606.0  0.00766  
5610.2  0.00782  
5614.5  0.00723  
5618.7  0.00589  
5623.0  0.00606  
5627.200000000001  0.00738  
5631.4  0.00754  
5635.700000000001  0.00655  
5639.9  0.00577  
5644.2  0.00565  
5648.400000000001  0.0056  
5652.7  0.00567  
5656.900000000001  0.0063  
5661.1  0.00614  
5665.4  0.0055  
5669.6  0.00505  
5673.9  0.00473  
5678.099999999999  0.00439  
5682.4  0.00426  
5686.599999999999  0.00464  
5690.900000000001  0.00443  
5695.1  0.00315  
5699.400000000001  0.00215  
5703.6  0.00197  
5707.9  0.00206  
5712.1  0.00187  
5716.4  0.00161  
5720.599999999999  0.00181  
5724.9  0.00216  
5729.099999999999  0.00234  
5733.400000000001  0.00222  
5737.6  0.00177  
5741.900000000001  0.00137  
5746.1  0.00139  

