@MEASUREMENT_RADIUS 7.0 cm
#lambda:
#tr:
#end
3803.5  0.00766  
3807.6  0.00723  
3811.6000000000004  0.00576  
3815.7  0.00543  
3819.7000000000003  0.00599  
3823.8  0.00611  
3827.7999999999997  0.00575  
3831.8  0.00588  
3835.8999999999996  0.0063  
3839.9  0.00627  
3844.0  0.00614  
3848.0  0.00586  
3852.1  0.00535  
3856.1000000000004  0.0053  
3860.2  0.0056  
3864.2000000000003  0.00564  
3868.2999999999997  0.00565  
3872.3  0.00587  
3876.3999999999996  0.00612  
3880.4  0.00588  
3884.5  0.00534  
3888.5  0.00536  
3892.6  0.00577  
3896.6000000000004  0.00627  
3900.7  0.00644  
3904.8  0.00576  
3908.8  0.00544  
3912.9  0.00623  
3916.9  0.00704  
3921.0  0.00745  
3925.0  0.00805  
3929.1000000000004  0.00816  
3933.1  0.0085  
3937.2000000000003  0.01106  
3941.3  0.0158  
3945.2999999999997  0.02202  
3949.4  0.0297  
3953.3999999999996  0.03931  
3957.5  0.05103  
3961.6000000000004  0.06583  
3965.6  0.08434  
3969.7000000000003  0.10722  
3973.8  0.13739  
3977.7999999999997  0.17867  
3981.9  0.23403  
3985.8999999999996  0.30554  
3990.0  0.39279  
3994.1000000000004  0.4937  
3998.1  0.6042  
4002.2000000000003  0.71411  
4006.3  0.80866  
4010.2999999999997  0.87797  
4014.4  0.92453  
4018.5  0.95135  
4022.5  0.95897  
4026.6000000000004  0.95715  
4030.7  0.95931  
4034.7000000000003  0.9654  
4038.8  0.9674  
4042.9  0.96587  
4047.0  0.96616  
4051.0  0.96637  
4055.1  0.96636  
4059.2000000000003  0.96616  
4063.2999999999997  0.9638  
4067.3  0.96283  
4071.3999999999996  0.96521  
4075.5  0.96655  
4079.5  0.96598  
4083.6000000000004  0.9684  
4087.7  0.97144  
4091.8  0.97348  
4095.8999999999996  0.97544  
4099.9  0.97666  
4104.0  0.97642  
4108.1  0.97382  
4112.200000000001  0.97065  
4116.2  0.96945  
4120.299999999999  0.97174  
4124.4  0.97525  
4128.5  0.97183  
4132.6  0.96473  
4136.7  0.96479  
4140.7  0.96977  
4144.8  0.97102  
4148.9  0.96878  
4153.0  0.96908  
4157.099999999999  0.9697  
4161.2  0.96779  
4165.2  0.96631  
4169.3  0.96536  
4173.4  0.96556  
4177.5  0.96747  
4181.6  0.97092  
4185.7  0.97149  
4189.8  0.9666  
4193.8  0.96619  
4197.900000000001  0.9708  
4202.0  0.96868  
4206.1  0.96322  
4210.2  0.96559  
4214.3  0.96973  
4218.4  0.96779  
4222.5  0.96546  
4226.6  0.96834  
4230.7  0.9733  
4234.8  0.97559  
4238.8  0.97542  
4242.900000000001  0.9726  
4247.0  0.96985  
4251.1  0.971  
4255.2  0.97243  
4259.3  0.9706  
4263.4  0.96889  
4267.5  0.97049  
4271.6  0.96895  
4275.7  0.96347  
4279.8  0.9628  
4283.9  0.96549  
4288.0  0.96491  
4292.099999999999  0.96201  
4296.2  0.96122  
4300.299999999999  0.96397  
4304.4  0.96896  
4308.5  0.97153  
4312.6  0.97195  
4316.7  0.97338  
4320.8  0.97695  
4324.9  0.97833  
4329.0  0.97665  
4333.1  0.97765  
4337.200000000001  0.97725  
4341.3  0.97643  
4345.400000000001  0.97799  
4349.5  0.97886  
4353.7  0.97766  
4357.799999999999  0.97522  
4361.9  0.97154  
4366.0  0.96995  
4370.1  0.97153  
4374.2  0.9731  
4378.3  0.97314  
4382.4  0.97043  
4386.5  0.96923  
4390.6  0.97483  
4394.700000000001  0.97962  
4398.9  0.97688  
4403.0  0.97445  
4407.099999999999  0.97579  
4411.2  0.97436  
4415.299999999999  0.97347  
4419.4  0.97489  
4423.5  0.97493  
4427.7  0.97412  
4431.8  0.97487  
4435.9  0.97625  
4440.0  0.97575  
4444.1  0.97571  
4448.2  0.97639  
4452.4  0.97682  
4456.5  0.97815  
4460.6  0.97863  
4464.700000000001  0.97692  
4468.8  0.97563  
4472.900000000001  0.97657  
4477.099999999999  0.979  
4481.2  0.9784  
4485.299999999999  0.97626  
4489.4  0.97494  
4493.6  0.97354  
4497.7  0.97639  
4501.8  0.98015  
4505.9  0.97755  
4510.1  0.97386  
4514.2  0.97376  
4518.3  0.97252  
4522.4  0.97371  
4526.6  0.97811  
4530.7  0.97776  
4534.8  0.97413  
4538.9  0.97343  
4543.1  0.9761  
4547.200000000001  0.97668  
4551.3  0.97551  
4555.400000000001  0.97642  
4559.599999999999  0.97629  
4563.7  0.97493  
4567.799999999999  0.9735  
4572.0  0.97628  
4576.1  0.97914  
4580.2  0.97767  
4584.4  0.97914  
4588.5  0.98064  
4592.6  0.97769  
4596.8  0.9744  
4600.9  0.97589  
4605.0  0.98033  
4609.2  0.98088  
4613.3  0.97693  
4617.4  0.97721  
4621.6  0.98046  
4625.7  0.97747  
4629.9  0.9749  
4634.0  0.97551  
4638.1  0.97493  
4642.3  0.97459  
4646.4  0.97341  
4650.5  0.97344  
4654.700000000001  0.97571  
4658.8  0.97542  
4663.0  0.97257  
4667.099999999999  0.97038  
4671.3  0.97159  
4675.400000000001  0.9779  
4679.5  0.98095  
4683.7  0.97931  
4687.799999999999  0.97983  
4692.0  0.97834  
4696.1  0.97249  
4700.299999999999  0.9706  
4704.4  0.97402  
4708.5  0.97662  
4712.7  0.97779  
4716.8  0.9755  
4721.0  0.96863  
4725.1  0.96512  
4729.3  0.97028  
4733.4  0.97517  
4737.6  0.97301  
4741.7  0.96721  
4745.9  0.96176  
4750.0  0.96504  
4754.2  0.97266  
4758.3  0.97255  
4762.5  0.96803  
4766.6  0.9643  
4770.8  0.96494  
4774.9  0.9657  
4779.1  0.96717  
4783.3  0.97064  
4787.4  0.97073  
4791.6  0.96887  
4795.7  0.97002  
4799.9  0.97527  
4804.0  0.97759  
4808.2  0.97341  
4812.3  0.96895  
4816.5  0.96732  
4820.7  0.96782  
4824.8  0.96976  
4829.0  0.97026  
4833.1  0.96904  
4837.3  0.96842  
4841.5  0.96853  
4845.6  0.97027  
4849.8  0.97223  
4853.9  0.96907  
4858.1  0.97228  
4862.3  0.97647  
4866.4  0.97838  
4870.6  0.98003  
4874.8  0.98063  
4878.9  0.97055  
4883.1  0.9672  
4887.3  0.97061  
4891.4  0.97196  
4895.6  0.97456  
4899.8  0.9748  
4903.9  0.97206  
4908.1  0.97204  
4912.3  0.96893  
4916.4  0.96214  
4920.6  0.96351  
4924.8  0.97074  
4928.9  0.97244  
4933.1  0.96423  
4937.3  0.96024  
4941.5  0.96268  
4945.6  0.96232  
4949.8  0.96364  
4954.0  0.9664  
4958.1  0.96624  
4962.3  0.96322  
4966.5  0.96156  
4970.7  0.9652  
4974.8  0.96836  
4979.0  0.9653  
4983.2  0.96103  
4987.4  0.96316  
4991.5  0.96906  
4995.7  0.97215  
4999.9  0.97059  
5004.1  0.96842  
5008.3  0.97024  
5012.4  0.97417  
5016.6  0.97596  
5020.8  0.97072  
5025.0  0.96545  
5029.1  0.96945  
5033.3  0.97303  
5037.5  0.96908  
5041.7  0.96608  
5045.9  0.96805  
5050.1  0.96523  
5054.2  0.95735  
5058.4  0.95759  
5062.6  0.96375  
5066.8  0.96436  
5071.0  0.95996  
5075.2  0.96413  
5079.4  0.97383  
5083.5  0.97289  
5087.7  0.97019  
5091.9  0.96812  
5096.1  0.96425  
5100.299999999999  0.96386  
5104.5  0.969  
5108.7  0.97297  
5112.900000000001  0.96959  
5117.0  0.96713  
5121.2  0.96662  
5125.4  0.96406  
5129.6  0.96306  
5133.8  0.9667  
5138.0  0.9679  
5142.200000000001  0.96098  
5146.4  0.95886  
5150.599999999999  0.9602  
5154.8  0.95462  
5159.0  0.95919  
5163.200000000001  0.9675  
5167.4  0.96148  
5171.599999999999  0.95386  
5175.700000000001  0.9593  
5179.9  0.9711  
5184.099999999999  0.96713  
5188.3  0.95684  
5192.5  0.95845  
5196.7  0.96044  
5200.900000000001  0.95588  
5205.1  0.9532  
5209.299999999999  0.96053  
5213.5  0.96137  
5217.7  0.95044  
5221.900000000001  0.94882  
5226.1  0.96104  
5230.299999999999  0.9718  
5234.5  0.96951  
5238.7  0.95767  
5242.9  0.95271  
5247.1  0.95832  
5251.3  0.96138  
5255.599999999999  0.96465  
5259.8  0.96365  
5264.0  0.95226  
5268.200000000001  0.94636  
5272.4  0.95593  
5276.599999999999  0.96618  
5280.8  0.96481  
5285.0  0.96303  
5289.2  0.96787  
5293.400000000001  0.96932  
5297.6  0.96576  
5301.799999999999  0.96737  
5306.0  0.9665  
5310.2  0.95858  
5314.5  0.95431  
5318.7  0.95415  
5322.9  0.95796  
5327.1  0.96264  
5331.3  0.9669  
5335.5  0.97034  
5339.700000000001  0.96893  
5343.9  0.96587  
5348.200000000001  0.96377  
5352.4  0.96029  
5356.599999999999  0.9635  
5360.8  0.97295  
5365.0  0.97349  
5369.2  0.96917  
5373.400000000001  0.96609  
5377.7  0.96346  
5381.900000000001  0.96915  
5386.1  0.97077  
5390.299999999999  0.96553  
5394.5  0.96581  
5398.8  0.96971  
5403.0  0.96811  
5407.200000000001  0.9572  
5411.4  0.95209  
5415.599999999999  0.95022  
5419.9  0.94011  
5424.099999999999  0.92866  
5428.3  0.91303  
5432.5  0.88732  
5436.7  0.8516  
5441.0  0.80839  
5445.2  0.76108  
5449.400000000001  0.70968  
5453.6  0.65529  
5457.9  0.59816  
5462.1  0.54078  
5466.3  0.48503  
5470.5  0.42431  
5474.8  0.36119  
5479.0  0.30735  
5483.200000000001  0.26708  
5487.4  0.23304  
5491.7  0.19679  
5495.900000000001  0.16038  
5500.1  0.12936  
5504.400000000001  0.10493  
5508.6  0.08664  
5512.799999999999  0.07174  
5517.1  0.05577  
5521.3  0.04204  
5525.5  0.03402  
5529.700000000001  0.02899  
5534.0  0.02496  
5538.200000000001  0.0215  
5542.4  0.01856  
5546.7  0.01717  
5550.900000000001  0.01681  
5555.1  0.01522  
5559.400000000001  0.01296  
5563.6  0.01163  
5567.9  0.01098  
5572.1  0.01127  
5576.3  0.01168  
5580.599999999999  0.01076  
5584.8  0.00942  
5589.0  0.00931  
5593.3  0.01023  
5597.5  0.01013  
5601.799999999999  0.00876  
5606.0  0.00734  
5610.2  0.0071  
5614.5  0.00706  
5618.7  0.00676  
5623.0  0.00686  
5627.200000000001  0.00708  
5631.4  0.00674  
5635.700000000001  0.00654  
5639.9  0.00628  
5644.2  0.00568  
5648.400000000001  0.00534  
5652.7  0.00547  
5656.900000000001  0.00564  
5661.1  0.00552  
5665.4  0.00616  
5669.6  0.0063  
5673.9  0.00482  
5678.099999999999  0.00376  
5682.4  0.0041  
5686.599999999999  0.00462  
5690.900000000001  0.00387  
5695.1  0.00248  
5699.400000000001  0.00178  
5703.6  0.00191  
5707.9  0.00236  
5712.1  0.00208  
5716.4  0.00143  
5720.599999999999  0.00147  
5724.9  0.00212  
5729.099999999999  0.00255  
5733.400000000001  0.00229  
5737.6  0.00174  
5741.900000000001  0.00139  
5746.1  0.0012  

