@MEASUREMENT_RADIUS 8.0 cm
#lambda:
#tr:
#end
3803.5  0.00646  
3807.6  0.00662  
3811.6000000000004  0.00586  
3815.7  0.00562  
3819.7000000000003  0.00619  
3823.8  0.00655  
3827.7999999999997  0.00599  
3831.8  0.0054  
3835.8999999999996  0.00513  
3839.9  0.00497  
3844.0  0.00559  
3848.0  0.00645  
3852.1  0.00613  
3856.1000000000004  0.00541  
3860.2  0.00526  
3864.2000000000003  0.00505  
3868.2999999999997  0.00509  
3872.3  0.00573  
3876.3999999999996  0.006  
3880.4  0.00561  
3884.5  0.00549  
3888.5  0.0057  
3892.6  0.00556  
3896.6000000000004  0.00529  
3900.7  0.0057  
3904.8  0.00666  
3908.8  0.00731  
3912.9  0.00693  
3916.9  0.00581  
3921.0  0.00592  
3925.0  0.0075  
3929.1000000000004  0.0082  
3933.1  0.00872  
3937.2000000000003  0.01122  
3941.3  0.01598  
3945.2999999999997  0.02238  
3949.4  0.03026  
3953.3999999999996  0.03986  
3957.5  0.05145  
3961.6000000000004  0.06606  
3965.6  0.08403  
3969.7000000000003  0.10617  
3973.8  0.1357  
3977.7999999999997  0.17694  
3981.9  0.23233  
3985.8999999999996  0.30324  
3990.0  0.38964  
3994.1000000000004  0.49013  
3998.1  0.601  
4002.2000000000003  0.71212  
4006.3  0.80737  
4010.2999999999997  0.87694  
4014.4  0.92475  
4018.5  0.95224  
4022.5  0.95869  
4026.6000000000004  0.95614  
4030.7  0.95891  
4034.7000000000003  0.96583  
4038.8  0.96754  
4042.9  0.96554  
4047.0  0.96621  
4051.0  0.96665  
4055.1  0.9666  
4059.2000000000003  0.96713  
4063.2999999999997  0.96526  
4067.3  0.96276  
4071.3999999999996  0.96307  
4075.5  0.96447  
4079.5  0.96497  
4083.6000000000004  0.96776  
4087.7  0.97142  
4091.8  0.97417  
4095.8999999999996  0.97631  
4099.9  0.97686  
4104.0  0.97557  
4108.1  0.97308  
4112.200000000001  0.97147  
4116.2  0.97064  
4120.299999999999  0.97178  
4124.4  0.9746  
4128.5  0.97074  
4132.6  0.96311  
4136.7  0.96365  
4140.7  0.96997  
4144.8  0.97225  
4148.9  0.96962  
4153.0  0.96824  
4157.099999999999  0.96757  
4161.2  0.96652  
4165.2  0.96721  
4169.3  0.96695  
4173.4  0.96603  
4177.5  0.96793  
4181.6  0.97238  
4185.7  0.97262  
4189.8  0.96699  
4193.8  0.96658  
4197.900000000001  0.97129  
4202.0  0.96928  
4206.1  0.96458  
4210.2  0.96719  
4214.3  0.97044  
4218.4  0.96766  
4222.5  0.96548  
4226.6  0.96884  
4230.7  0.97393  
4234.8  0.97583  
4238.8  0.97566  
4242.900000000001  0.97337  
4247.0  0.97148  
4251.1  0.97261  
4255.2  0.97274  
4259.3  0.9699  
4263.4  0.96796  
4267.5  0.97009  
4271.6  0.97006  
4275.7  0.96495  
4279.8  0.9633  
4283.9  0.96539  
4288.0  0.9651  
4292.099999999999  0.96354  
4296.2  0.96324  
4300.299999999999  0.96457  
4304.4  0.96831  
4308.5  0.97119  
4312.6  0.97209  
4316.7  0.97325  
4320.8  0.976  
4324.9  0.97698  
4329.0  0.97587  
4333.1  0.97768  
4337.200000000001  0.97804  
4341.3  0.97702  
4345.400000000001  0.97748  
4349.5  0.97827  
4353.7  0.97872  
4357.799999999999  0.97723  
4361.9  0.97282  
4366.0  0.97037  
4370.1  0.97153  
4374.2  0.9727  
4378.3  0.97343  
4382.4  0.97163  
4386.5  0.96972  
4390.6  0.97433  
4394.700000000001  0.97932  
4398.9  0.97694  
4403.0  0.97399  
4407.099999999999  0.97453  
4411.2  0.97321  
4415.299999999999  0.97358  
4419.4  0.97602  
4423.5  0.97537  
4427.7  0.97323  
4431.8  0.97373  
4435.9  0.9756  
4440.0  0.976  
4444.1  0.97694  
4448.2  0.97758  
4452.4  0.97711  
4456.5  0.97836  
4460.6  0.97921  
4464.700000000001  0.97724  
4468.8  0.97542  
4472.900000000001  0.97581  
4477.099999999999  0.97807  
4481.2  0.97795  
4485.299999999999  0.97621  
4489.4  0.97532  
4493.6  0.97475  
4497.7  0.97729  
4501.8  0.97933  
4505.9  0.97639  
4510.1  0.9743  
4514.2  0.97502  
4518.3  0.9735  
4522.4  0.97444  
4526.6  0.97854  
4530.7  0.9777  
4534.8  0.97349  
4538.9  0.97279  
4543.1  0.97559  
4547.200000000001  0.97573  
4551.3  0.97465  
4555.400000000001  0.97692  
4559.599999999999  0.97769  
4563.7  0.97603  
4567.799999999999  0.97483  
4572.0  0.97829  
4576.1  0.98009  
4580.2  0.97627  
4584.4  0.9767  
4588.5  0.97945  
4592.6  0.97857  
4596.8  0.97594  
4600.9  0.97619  
4605.0  0.97865  
4609.2  0.97917  
4613.3  0.97732  
4617.4  0.97837  
4621.6  0.98039  
4625.7  0.97703  
4629.9  0.97534  
4634.0  0.97623  
4638.1  0.9752  
4642.3  0.97467  
4646.4  0.97388  
4650.5  0.97414  
4654.700000000001  0.97554  
4658.8  0.97419  
4663.0  0.97139  
4667.099999999999  0.97025  
4671.3  0.97192  
4675.400000000001  0.97797  
4679.5  0.98117  
4683.7  0.97929  
4687.799999999999  0.97865  
4692.0  0.97686  
4696.1  0.9724  
4700.299999999999  0.97149  
4704.4  0.97509  
4708.5  0.97732  
4712.7  0.97726  
4716.8  0.97444  
4721.0  0.96837  
4725.1  0.96641  
4729.3  0.97217  
4733.4  0.97635  
4737.6  0.97315  
4741.7  0.96625  
4745.9  0.95997  
4750.0  0.96418  
4754.2  0.97354  
4758.3  0.97377  
4762.5  0.96855  
4766.6  0.96444  
4770.8  0.96484  
4774.9  0.96609  
4779.1  0.9682  
4783.3  0.97092  
4787.4  0.96981  
4791.6  0.96868  
4795.7  0.97123  
4799.9  0.9756  
4804.0  0.97674  
4808.2  0.97279  
4812.3  0.96894  
4816.5  0.96788  
4820.7  0.96882  
4824.8  0.97037  
4829.0  0.97063  
4833.1  0.96948  
4837.3  0.96816  
4841.5  0.96765  
4845.6  0.96942  
4849.8  0.97285  
4853.9  0.9707  
4858.1  0.97276  
4862.3  0.97628  
4866.4  0.97792  
4870.6  0.97926  
4874.8  0.97989  
4878.9  0.97117  
4883.1  0.96716  
4887.3  0.96945  
4891.4  0.97108  
4895.6  0.9736  
4899.8  0.97377  
4903.9  0.9719  
4908.1  0.97206  
4912.3  0.96817  
4916.4  0.96153  
4920.6  0.9639  
4924.8  0.97154  
4928.9  0.97301  
4933.1  0.96397  
4937.3  0.9592  
4941.5  0.96263  
4945.6  0.96388  
4949.8  0.96519  
4954.0  0.96686  
4958.1  0.96539  
4962.3  0.96147  
4966.5  0.96006  
4970.7  0.96469  
4974.8  0.96975  
4979.0  0.96822  
4983.2  0.96289  
4987.4  0.96354  
4991.5  0.96901  
4995.7  0.97234  
4999.9  0.97055  
5004.1  0.96759  
5008.3  0.9688  
5012.4  0.97254  
5016.6  0.97504  
5020.8  0.9712  
5025.0  0.96639  
5029.1  0.97007  
5033.3  0.97362  
5037.5  0.96934  
5041.7  0.96522  
5045.9  0.96754  
5050.1  0.96651  
5054.2  0.95857  
5058.4  0.9578  
5062.6  0.96409  
5066.8  0.96509  
5071.0  0.96049  
5075.2  0.96388  
5079.4  0.97265  
5083.5  0.97185  
5087.7  0.97058  
5091.9  0.96964  
5096.1  0.96555  
5100.299999999999  0.96415  
5104.5  0.96876  
5108.7  0.97288  
5112.900000000001  0.97014  
5117.0  0.96834  
5121.2  0.96782  
5125.4  0.96453  
5129.6  0.96223  
5133.8  0.96529  
5138.0  0.9667  
5142.200000000001  0.96077  
5146.4  0.95973  
5150.599999999999  0.96036  
5154.8  0.9539  
5159.0  0.95916  
5163.200000000001  0.96799  
5167.4  0.96174  
5171.599999999999  0.95441  
5175.700000000001  0.95999  
5179.9  0.97191  
5184.099999999999  0.96784  
5188.3  0.9574  
5192.5  0.9592  
5196.7  0.96134  
5200.900000000001  0.95666  
5205.1  0.9543  
5209.299999999999  0.96137  
5213.5  0.96064  
5217.7  0.94998  
5221.900000000001  0.95075  
5226.1  0.96472  
5230.299999999999  0.97491  
5234.5  0.97137  
5238.7  0.96021  
5242.9  0.95553  
5247.1  0.95979  
5251.3  0.95968  
5255.599999999999  0.96047  
5259.8  0.95973  
5264.0  0.95117  
5268.200000000001  0.9486  
5272.4  0.95795  
5276.599999999999  0.96591  
5280.8  0.96271  
5285.0  0.96095  
5289.2  0.96848  
5293.400000000001  0.97151  
5297.6  0.96559  
5301.799999999999  0.96393  
5306.0  0.96304  
5310.2  0.95738  
5314.5  0.95568  
5318.7  0.95698  
5322.9  0.95954  
5327.1  0.96215  
5331.3  0.96557  
5335.5  0.96897  
5339.700000000001  0.96815  
5343.9  0.96648  
5348.200000000001  0.96602  
5352.4  0.9634  
5356.599999999999  0.96508  
5360.8  0.97251  
5365.0  0.97335  
5369.2  0.97074  
5373.400000000001  0.96741  
5377.7  0.96223  
5381.900000000001  0.9671  
5386.1  0.97045  
5390.299999999999  0.96606  
5394.5  0.96505  
5398.8  0.96812  
5403.0  0.9668  
5407.200000000001  0.95576  
5411.4  0.95026  
5415.599999999999  0.94986  
5419.9  0.94203  
5424.099999999999  0.93202  
5428.3  0.9161  
5432.5  0.88866  
5436.7  0.85199  
5441.0  0.80886  
5445.2  0.76224  
5449.400000000001  0.71112  
5453.6  0.65568  
5457.9  0.5972  
5462.1  0.53857  
5466.3  0.48205  
5470.5  0.422  
5474.8  0.36051  
5479.0  0.30772  
5483.200000000001  0.26666  
5487.4  0.23118  
5491.7  0.1943  
5495.900000000001  0.15832  
5500.1  0.12839  
5504.400000000001  0.10495  
5508.6  0.08714  
5512.799999999999  0.07186  
5517.1  0.05473  
5521.3  0.0403  
5525.5  0.03341  
5529.700000000001  0.02935  
5534.0  0.024  
5538.200000000001  0.01932  
5542.4  0.01777  
5546.7  0.01689  
5550.900000000001  0.01549  
5555.1  0.01414  
5559.400000000001  0.01217  
5563.6  0.01063  
5567.9  0.01049  
5572.1  0.00966  
5576.3  0.00781  
5580.599999999999  0.00769  
5584.8  0.00935  
5589.0  0.01115  
5593.3  0.01142  
5597.5  0.00953  
5601.799999999999  0.00768  
5606.0  0.00701  
5610.2  0.00733  
5614.5  0.00798  
5618.7  0.00792  
5623.0  0.00693  
5627.200000000001  0.00624  
5631.4  0.00662  
5635.700000000001  0.00714  
5639.9  0.00699  
5644.2  0.00633  
5648.400000000001  0.00555  
5652.7  0.00526  
5656.900000000001  0.00529  
5661.1  0.00581  
5665.4  0.00708  
5669.6  0.00693  
5673.9  0.00517  
5678.099999999999  0.00382  
5682.4  0.00333  
5686.599999999999  0.00338  
5690.900000000001  0.00349  
5695.1  0.00278  
5699.400000000001  0.00201  
5703.6  0.00215  
5707.9  0.00267  
5712.1  0.00247  
5716.4  0.00178  
5720.599999999999  0.00162  
5724.9  0.0019  
5729.099999999999  0.00217  
5733.400000000001  0.00223  
5737.6  0.00186  
5741.900000000001  0.00166  
5746.1  0.00169  

