@MEASUREMENT_RADIUS 9.0 cm
#lambda:
#tr:
#end
3803.5  0.00657  
3807.6  0.00579  
3811.6000000000004  0.00517  
3815.7  0.00525  
3819.7000000000003  0.00594  
3823.8  0.00607  
3827.7999999999997  0.00498  
3831.8  0.00435  
3835.8999999999996  0.00543  
3839.9  0.00635  
3844.0  0.00622  
3848.0  0.00588  
3852.1  0.00526  
3856.1000000000004  0.00501  
3860.2  0.00554  
3864.2000000000003  0.00588  
3868.2999999999997  0.00582  
3872.3  0.00573  
3876.3999999999996  0.00554  
3880.4  0.00538  
3884.5  0.00532  
3888.5  0.00537  
3892.6  0.00564  
3896.6000000000004  0.00626  
3900.7  0.00659  
3904.8  0.00636  
3908.8  0.00612  
3912.9  0.00618  
3916.9  0.00654  
3921.0  0.00735  
3925.0  0.00839  
3929.1000000000004  0.00881  
3933.1  0.00924  
3937.2000000000003  0.01111  
3941.3  0.01521  
3945.2999999999997  0.02169  
3949.4  0.02968  
3953.3999999999996  0.03848  
3957.5  0.04905  
3961.6000000000004  0.06381  
3965.6  0.08338  
3969.7000000000003  0.10662  
3973.8  0.13559  
3977.7999999999997  0.17576  
3981.9  0.23108  
3985.8999999999996  0.30231  
3990.0  0.38857  
3994.1000000000004  0.48873  
3998.1  0.59881  
4002.2000000000003  0.70843  
4006.3  0.80293  
4010.2999999999997  0.87378  
4014.4  0.92335  
4018.5  0.95201  
4022.5  0.95917  
4026.6000000000004  0.95652  
4030.7  0.9591  
4034.7000000000003  0.96624  
4038.8  0.96785  
4042.9  0.96549  
4047.0  0.96653  
4051.0  0.96733  
4055.1  0.96692  
4059.2000000000003  0.96623  
4063.2999999999997  0.96319  
4067.3  0.96152  
4071.3999999999996  0.96404  
4075.5  0.96669  
4079.5  0.96699  
4083.6000000000004  0.96855  
4087.7  0.97073  
4091.8  0.97242  
4095.8999999999996  0.97429  
4099.9  0.97586  
4104.0  0.97579  
4108.1  0.97367  
4112.200000000001  0.97174  
4116.2  0.97043  
4120.299999999999  0.97151  
4124.4  0.97456  
4128.5  0.97136  
4132.6  0.96461  
4136.7  0.96513  
4140.7  0.96986  
4144.8  0.97016  
4148.9  0.96739  
4153.0  0.96745  
4157.099999999999  0.96785  
4161.2  0.9671  
4165.2  0.96811  
4169.3  0.96793  
4173.4  0.96594  
4177.5  0.96607  
4181.6  0.97097  
4185.7  0.9738  
4189.8  0.96876  
4193.8  0.9665  
4197.900000000001  0.97013  
4202.0  0.96907  
4206.1  0.96523  
4210.2  0.96689  
4214.3  0.96872  
4218.4  0.96598  
4222.5  0.96494  
4226.6  0.96864  
4230.7  0.97321  
4234.8  0.97495  
4238.8  0.97488  
4242.900000000001  0.97312  
4247.0  0.97123  
4251.1  0.97206  
4255.2  0.97292  
4259.3  0.97137  
4263.4  0.96965  
4267.5  0.97098  
4271.6  0.97014  
4275.7  0.96537  
4279.8  0.96438  
4283.9  0.96621  
4288.0  0.96539  
4292.099999999999  0.96369  
4296.2  0.96405  
4300.299999999999  0.96639  
4304.4  0.96958  
4308.5  0.97058  
4312.6  0.9715  
4316.7  0.97433  
4320.8  0.97755  
4324.9  0.97681  
4329.0  0.97433  
4333.1  0.97684  
4337.200000000001  0.97807  
4341.3  0.97715  
4345.400000000001  0.97746  
4349.5  0.97742  
4353.7  0.97695  
4357.799999999999  0.97614  
4361.9  0.97307  
4366.0  0.97104  
4370.1  0.97207  
4374.2  0.9731  
4378.3  0.97293  
4382.4  0.97054  
4386.5  0.96963  
4390.6  0.9752  
4394.700000000001  0.97968  
4398.9  0.97656  
4403.0  0.97462  
4407.099999999999  0.97723  
4411.2  0.97567  
4415.299999999999  0.97355  
4419.4  0.97467  
4423.5  0.97524  
4427.7  0.97407  
4431.8  0.97361  
4435.9  0.97499  
4440.0  0.97612  
4444.1  0.97747  
4448.2  0.97793  
4452.4  0.97737  
4456.5  0.97877  
4460.6  0.97966  
4464.700000000001  0.97784  
4468.8  0.97649  
4472.900000000001  0.97702  
4477.099999999999  0.97868  
4481.2  0.97809  
4485.299999999999  0.97623  
4489.4  0.97488  
4493.6  0.97363  
4497.7  0.97627  
4501.8  0.97972  
4505.9  0.97736  
4510.1  0.97419  
4514.2  0.97447  
4518.3  0.97371  
4522.4  0.97508  
4526.6  0.9792  
4530.7  0.97795  
4534.8  0.97277  
4538.9  0.97106  
4543.1  0.97465  
4547.200000000001  0.9767  
4551.3  0.976  
4555.400000000001  0.97734  
4559.599999999999  0.97784  
4563.7  0.97606  
4567.799999999999  0.97369  
4572.0  0.97641  
4576.1  0.97893  
4580.2  0.97629  
4584.4  0.97736  
4588.5  0.97931  
4592.6  0.97667  
4596.8  0.9737  
4600.9  0.97577  
4605.0  0.98012  
4609.2  0.98024  
4613.3  0.97642  
4617.4  0.97691  
4621.6  0.98025  
4625.7  0.9784  
4629.9  0.97657  
4634.0  0.97616  
4638.1  0.97487  
4642.3  0.97452  
4646.4  0.9731  
4650.5  0.97324  
4654.700000000001  0.97555  
4658.8  0.97449  
4663.0  0.97182  
4667.099999999999  0.97074  
4671.3  0.97171  
4675.400000000001  0.97713  
4679.5  0.98075  
4683.7  0.9798  
4687.799999999999  0.98046  
4692.0  0.97945  
4696.1  0.97395  
4700.299999999999  0.97079  
4704.4  0.97259  
4708.5  0.97465  
4712.7  0.97601  
4716.8  0.975  
4721.0  0.97012  
4725.1  0.96782  
4729.3  0.97206  
4733.4  0.97479  
4737.6  0.97132  
4741.7  0.96483  
4745.9  0.95904  
4750.0  0.9644  
4754.2  0.97431  
4758.3  0.97311  
4762.5  0.96653  
4766.6  0.96276  
4770.8  0.9647  
4774.9  0.96644  
4779.1  0.96809  
4783.3  0.97094  
4787.4  0.97008  
4791.6  0.96866  
4795.7  0.97098  
4799.9  0.97488  
4804.0  0.9755  
4808.2  0.97225  
4812.3  0.96942  
4816.5  0.9686  
4820.7  0.96896  
4824.8  0.96946  
4829.0  0.96935  
4833.1  0.96917  
4837.3  0.96909  
4841.5  0.96937  
4845.6  0.97115  
4849.8  0.97247  
4853.9  0.96939  
4858.1  0.973  
4862.3  0.97732  
4866.4  0.97924  
4870.6  0.98024  
4874.8  0.97946  
4878.9  0.97028  
4883.1  0.96803  
4887.3  0.9707  
4891.4  0.97104  
4895.6  0.97285  
4899.8  0.97355  
4903.9  0.97159  
4908.1  0.97147  
4912.3  0.96837  
4916.4  0.96212  
4920.6  0.96381  
4924.8  0.9712  
4928.9  0.97309  
4933.1  0.96394  
4937.3  0.95827  
4941.5  0.96133  
4945.6  0.96349  
4949.8  0.96593  
4954.0  0.96696  
4958.1  0.9649  
4962.3  0.96177  
4966.5  0.96008  
4970.7  0.96424  
4974.8  0.96911  
4979.0  0.96657  
4983.2  0.96139  
4987.4  0.96383  
4991.5  0.97025  
4995.7  0.97294  
4999.9  0.97082  
5004.1  0.96859  
5008.3  0.97059  
5012.4  0.97436  
5016.6  0.9761  
5020.8  0.97109  
5025.0  0.9656  
5029.1  0.96917  
5033.3  0.97238  
5037.5  0.96762  
5041.7  0.96388  
5045.9  0.96637  
5050.1  0.96539  
5054.2  0.95817  
5058.4  0.95681  
5062.6  0.96247  
5066.8  0.9648  
5071.0  0.96177  
5075.2  0.96611  
5079.4  0.97464  
5083.5  0.97257  
5087.7  0.96982  
5091.9  0.96809  
5096.1  0.96423  
5100.299999999999  0.96343  
5104.5  0.96795  
5108.7  0.97214  
5112.900000000001  0.97006  
5117.0  0.96871  
5121.2  0.96823  
5125.4  0.96457  
5129.6  0.96211  
5133.8  0.96542  
5138.0  0.96764  
5142.200000000001  0.96208  
5146.4  0.96085  
5150.599999999999  0.96121  
5154.8  0.95476  
5159.0  0.96002  
5163.200000000001  0.96801  
5167.4  0.9611  
5171.599999999999  0.95312  
5175.700000000001  0.95837  
5179.9  0.97101  
5184.099999999999  0.96779  
5188.3  0.95763  
5192.5  0.95899  
5196.7  0.96069  
5200.900000000001  0.95594  
5205.1  0.95315  
5209.299999999999  0.96046  
5213.5  0.9623  
5217.7  0.95273  
5221.900000000001  0.95093  
5226.1  0.96274  
5230.299999999999  0.9744  
5234.5  0.97305  
5238.7  0.96067  
5242.9  0.95412  
5247.1  0.95918  
5251.3  0.96204  
5255.599999999999  0.96467  
5259.8  0.96256  
5264.0  0.95147  
5268.200000000001  0.94744  
5272.4  0.95729  
5276.599999999999  0.96778  
5280.8  0.96729  
5285.0  0.96372  
5289.2  0.96645  
5293.400000000001  0.96811  
5297.6  0.9646  
5301.799999999999  0.96552  
5306.0  0.96524  
5310.2  0.95751  
5314.5  0.95345  
5318.7  0.95492  
5322.9  0.95904  
5327.1  0.96256  
5331.3  0.96589  
5335.5  0.96864  
5339.700000000001  0.96733  
5343.9  0.96578  
5348.200000000001  0.96501  
5352.4  0.96093  
5356.599999999999  0.9623  
5360.8  0.9713  
5365.0  0.97328  
5369.2  0.97043  
5373.400000000001  0.96695  
5377.7  0.96249  
5381.900000000001  0.96769  
5386.1  0.97032  
5390.299999999999  0.96435  
5394.5  0.96244  
5398.8  0.96691  
5403.0  0.9678  
5407.200000000001  0.95708  
5411.4  0.95149  
5415.599999999999  0.95113  
5419.9  0.94275  
5424.099999999999  0.93224  
5428.3  0.91643  
5432.5  0.88949  
5436.7  0.85346  
5441.0  0.80979  
5445.2  0.76024  
5449.400000000001  0.70733  
5453.6  0.65377  
5457.9  0.59908  
5462.1  0.54172  
5466.3  0.48199  
5470.5  0.41885  
5474.8  0.35704  
5479.0  0.30521  
5483.200000000001  0.26492  
5487.4  0.22921  
5491.7  0.19209  
5495.900000000001  0.15657  
5500.1  0.1272  
5504.400000000001  0.10399  
5508.6  0.08635  
5512.799999999999  0.07123  
5517.1  0.05484  
5521.3  0.04171  
5525.5  0.03469  
5529.700000000001  0.03003  
5534.0  0.02523  
5538.200000000001  0.0202  
5542.4  0.01604  
5546.7  0.01453  
5550.900000000001  0.01546  
5555.1  0.01474  
5559.400000000001  0.01221  
5563.6  0.01083  
5567.9  0.01096  
5572.1  0.01124  
5576.3  0.01094  
5580.599999999999  0.01051  
5584.8  0.00984  
5589.0  0.00968  
5593.3  0.01009  
5597.5  0.00964  
5601.799999999999  0.00829  
5606.0  0.00726  
5610.2  0.00711  
5614.5  0.00731  
5618.7  0.00714  
5623.0  0.00694  
5627.200000000001  0.00755  
5631.4  0.00756  
5635.700000000001  0.00624  
5639.9  0.00553  
5644.2  0.00607  
5648.400000000001  0.00608  
5652.7  0.00526  
5656.900000000001  0.00519  
5661.1  0.00657  
5665.4  0.00776  
5669.6  0.00682  
5673.9  0.00483  
5678.099999999999  0.00425  
5682.4  0.00455  
5686.599999999999  0.00388  
5690.900000000001  0.00288  
5695.1  0.00243  
5699.400000000001  0.0022  
5703.6  0.00211  
5707.9  0.00201  
5712.1  0.00167  
5716.4  0.00139  
5720.599999999999  0.00143  
5724.9  0.00162  
5729.099999999999  0.00189  
5733.400000000001  0.00198  
5737.6  0.0016  
5741.900000000001  0.00132  
5746.1  0.00143  

