@MEASUREMENT_RADIUS 10.0 cm
#lambda:
#tr:
#end
3803.5  0.00705  
3807.6  0.00621  
3811.6000000000004  0.0052  
3815.7  0.00596  
3819.7000000000003  0.00738  
3823.8  0.00705  
3827.7999999999997  0.00524  
3831.8  0.00405  
3835.8999999999996  0.00479  
3839.9  0.00617  
3844.0  0.00655  
3848.0  0.00617  
3852.1  0.00534  
3856.1000000000004  0.00486  
3860.2  0.00533  
3864.2000000000003  0.00576  
3868.2999999999997  0.00587  
3872.3  0.00597  
3876.3999999999996  0.00618  
3880.4  0.00629  
3884.5  0.00587  
3888.5  0.00535  
3892.6  0.00563  
3896.6000000000004  0.00644  
3900.7  0.00693  
3904.8  0.00686  
3908.8  0.00642  
3912.9  0.00637  
3916.9  0.0066  
3921.0  0.00699  
3925.0  0.00755  
3929.1000000000004  0.00781  
3933.1  0.00849  
3937.2000000000003  0.01104  
3941.3  0.01551  
3945.2999999999997  0.02151  
3949.4  0.02907  
3953.3999999999996  0.03867  
3957.5  0.05038  
3961.6000000000004  0.06503  
3965.6  0.08368  
3969.7000000000003  0.10636  
3973.8  0.13547  
3977.7999999999997  0.17595  
3981.9  0.23097  
3985.8999999999996  0.30184  
3990.0  0.38849  
3994.1000000000004  0.48925  
3998.1  0.59924  
4002.2000000000003  0.70831  
4006.3  0.80305  
4010.2999999999997  0.87429  
4014.4  0.92306  
4018.5  0.95102  
4022.5  0.95893  
4026.6000000000004  0.95709  
4030.7  0.95943  
4034.7000000000003  0.96636  
4038.8  0.96803  
4042.9  0.96489  
4047.0  0.96535  
4051.0  0.96688  
4055.1  0.96697  
4059.2000000000003  0.96613  
4063.2999999999997  0.96382  
4067.3  0.96193  
4071.3999999999996  0.96268  
4075.5  0.96471  
4079.5  0.96595  
4083.6000000000004  0.9684  
4087.7  0.97128  
4091.8  0.97371  
4095.8999999999996  0.97535  
4099.9  0.97608  
4104.0  0.97626  
4108.1  0.97445  
4112.200000000001  0.97154  
4116.2  0.97006  
4120.299999999999  0.97226  
4124.4  0.97582  
4128.5  0.9714  
4132.6  0.96337  
4136.7  0.96363  
4140.7  0.96866  
4144.8  0.96996  
4148.9  0.96865  
4153.0  0.96951  
4157.099999999999  0.96952  
4161.2  0.96723  
4165.2  0.96654  
4169.3  0.96669  
4173.4  0.96708  
4177.5  0.96804  
4181.6  0.97069  
4185.7  0.97197  
4189.8  0.96846  
4193.8  0.96816  
4197.900000000001  0.97212  
4202.0  0.9698  
4206.1  0.96429  
4210.2  0.96611  
4214.3  0.97004  
4218.4  0.96857  
4222.5  0.96596  
4226.6  0.96765  
4230.7  0.9723  
4234.8  0.97536  
4238.8  0.97603  
4242.900000000001  0.97388  
4247.0  0.97139  
4251.1  0.9726  
4255.2  0.97403  
4259.3  0.97203  
4263.4  0.96985  
4267.5  0.97186  
4271.6  0.97125  
4275.7  0.96534  
4279.8  0.9639  
4283.9  0.96653  
4288.0  0.96622  
4292.099999999999  0.96419  
4296.2  0.96395  
4300.299999999999  0.96595  
4304.4  0.96917  
4308.5  0.97066  
4312.6  0.97153  
4316.7  0.97375  
4320.8  0.97665  
4324.9  0.97623  
4329.0  0.97379  
4333.1  0.97589  
4337.200000000001  0.97752  
4341.3  0.97753  
4345.400000000001  0.97824  
4349.5  0.97774  
4353.7  0.97651  
4357.799999999999  0.97597  
4361.9  0.97346  
4366.0  0.97089  
4370.1  0.97139  
4374.2  0.97396  
4378.3  0.97561  
4382.4  0.97179  
4386.5  0.96801  
4390.6  0.97279  
4394.700000000001  0.979  
4398.9  0.97788  
4403.0  0.97571  
4407.099999999999  0.97639  
4411.2  0.97455  
4415.299999999999  0.97358  
4419.4  0.97536  
4423.5  0.97612  
4427.7  0.97511  
4431.8  0.97436  
4435.9  0.97493  
4440.0  0.97578  
4444.1  0.97711  
4448.2  0.97688  
4452.4  0.97613  
4456.5  0.97848  
4460.6  0.98002  
4464.700000000001  0.97799  
4468.8  0.97633  
4472.900000000001  0.97708  
4477.099999999999  0.97864  
4481.2  0.97681  
4485.299999999999  0.97494  
4489.4  0.97549  
4493.6  0.97513  
4497.7  0.97719  
4501.8  0.97995  
4505.9  0.97713  
4510.1  0.97385  
4514.2  0.97409  
4518.3  0.97308  
4522.4  0.97447  
4526.6  0.97886  
4530.7  0.97825  
4534.8  0.97419  
4538.9  0.97342  
4543.1  0.97624  
4547.200000000001  0.97734  
4551.3  0.97696  
4555.400000000001  0.97796  
4559.599999999999  0.97705  
4563.7  0.9747  
4567.799999999999  0.97344  
4572.0  0.97731  
4576.1  0.97977  
4580.2  0.97679  
4584.4  0.97769  
4588.5  0.97982  
4592.6  0.97832  
4596.8  0.97583  
4600.9  0.97584  
4605.0  0.97811  
4609.2  0.97861  
4613.3  0.97682  
4617.4  0.97825  
4621.6  0.98026  
4625.7  0.9771  
4629.9  0.97565  
4634.0  0.97544  
4638.1  0.97367  
4642.3  0.97375  
4646.4  0.97384  
4650.5  0.97431  
4654.700000000001  0.97535  
4658.8  0.97389  
4663.0  0.97131  
4667.099999999999  0.96966  
4671.3  0.97058  
4675.400000000001  0.97733  
4679.5  0.9815  
4683.7  0.97944  
4687.799999999999  0.97915  
4692.0  0.97854  
4696.1  0.97375  
4700.299999999999  0.97124  
4704.4  0.97383  
4708.5  0.97625  
4712.7  0.97695  
4716.8  0.97461  
4721.0  0.96851  
4725.1  0.96606  
4729.3  0.97169  
4733.4  0.97615  
4737.6  0.97277  
4741.7  0.9653  
4745.9  0.9593  
4750.0  0.96399  
4754.2  0.97298  
4758.3  0.97285  
4762.5  0.96833  
4766.6  0.965  
4770.8  0.96463  
4774.9  0.96395  
4779.1  0.96617  
4783.3  0.97106  
4787.4  0.97152  
4791.6  0.97076  
4795.7  0.97277  
4799.9  0.9753  
4804.0  0.97507  
4808.2  0.97206  
4812.3  0.97024  
4816.5  0.96942  
4820.7  0.96893  
4824.8  0.96963  
4829.0  0.96987  
4833.1  0.96933  
4837.3  0.9688  
4841.5  0.9683  
4845.6  0.96944  
4849.8  0.97208  
4853.9  0.97017  
4858.1  0.97288  
4862.3  0.97656  
4866.4  0.97839  
4870.6  0.98013  
4874.8  0.9812  
4878.9  0.97208  
4883.1  0.9677  
4887.3  0.96959  
4891.4  0.97126  
4895.6  0.97424  
4899.8  0.97416  
4903.9  0.97183  
4908.1  0.97241  
4912.3  0.96941  
4916.4  0.96257  
4920.6  0.96364  
4924.8  0.97121  
4928.9  0.97374  
4933.1  0.96487  
4937.3  0.95866  
4941.5  0.96087  
4945.6  0.96291  
4949.8  0.96578  
4954.0  0.96811  
4958.1  0.96742  
4962.3  0.96387  
4966.5  0.96116  
4970.7  0.96461  
4974.8  0.96931  
4979.0  0.96704  
4983.2  0.96152  
4987.4  0.96367  
4991.5  0.97048  
4995.7  0.97236  
4999.9  0.96813  
5004.1  0.96546  
5008.3  0.97022  
5012.4  0.97627  
5016.6  0.97692  
5020.8  0.97072  
5025.0  0.96612  
5029.1  0.97013  
5033.3  0.97288  
5037.5  0.96857  
5041.7  0.96529  
5045.9  0.96722  
5050.1  0.96478  
5054.2  0.95683  
5058.4  0.95639  
5062.6  0.9627  
5066.8  0.96405  
5071.0  0.95916  
5075.2  0.96286  
5079.4  0.97346  
5083.5  0.97279  
5087.7  0.96946  
5091.9  0.96796  
5096.1  0.96463  
5100.299999999999  0.96316  
5104.5  0.96689  
5108.7  0.97169  
5112.900000000001  0.97052  
5117.0  0.96912  
5121.2  0.96784  
5125.4  0.96371  
5129.6  0.96269  
5133.8  0.96826  
5138.0  0.97018  
5142.200000000001  0.96263  
5146.4  0.96012  
5150.599999999999  0.96094  
5154.8  0.95571  
5159.0  0.96141  
5163.200000000001  0.96886  
5167.4  0.96107  
5171.599999999999  0.95344  
5175.700000000001  0.96011  
5179.9  0.97257  
5184.099999999999  0.96797  
5188.3  0.95764  
5192.5  0.9585  
5196.7  0.95849  
5200.900000000001  0.9543  
5205.1  0.95494  
5209.299999999999  0.96353  
5213.5  0.96144  
5217.7  0.94928  
5221.900000000001  0.9495  
5226.1  0.96375  
5230.299999999999  0.97431  
5234.5  0.97041  
5238.7  0.95915  
5242.9  0.95554  
5247.1  0.96122  
5251.3  0.96329  
5255.599999999999  0.96566  
5259.8  0.96395  
5264.0  0.95265  
5268.200000000001  0.94802  
5272.4  0.95783  
5276.599999999999  0.96809  
5280.8  0.96742  
5285.0  0.96387  
5289.2  0.96604  
5293.400000000001  0.9679  
5297.6  0.96548  
5301.799999999999  0.96607  
5306.0  0.96433  
5310.2  0.95766  
5314.5  0.95536  
5318.7  0.95632  
5322.9  0.96013  
5327.1  0.96339  
5331.3  0.9648  
5335.5  0.96606  
5339.700000000001  0.96569  
5343.9  0.96603  
5348.200000000001  0.96566  
5352.4  0.96109  
5356.599999999999  0.96269  
5360.8  0.9728  
5365.0  0.97541  
5369.2  0.97075  
5373.400000000001  0.96518  
5377.7  0.96227  
5381.900000000001  0.96854  
5386.1  0.9706  
5390.299999999999  0.96477  
5394.5  0.96429  
5398.8  0.96798  
5403.0  0.9659  
5407.200000000001  0.95497  
5411.4  0.9517  
5415.599999999999  0.952  
5419.9  0.94206  
5424.099999999999  0.93011  
5428.3  0.9142  
5432.5  0.88788  
5436.7  0.85124  
5441.0  0.80716  
5445.2  0.75992  
5449.400000000001  0.70857  
5453.6  0.65318  
5457.9  0.59503  
5462.1  0.53598  
5466.3  0.47722  
5470.5  0.415  
5474.8  0.35343  
5479.0  0.30157  
5483.200000000001  0.26065  
5487.4  0.22476  
5491.7  0.18914  
5495.900000000001  0.15561  
5500.1  0.12635  
5504.400000000001  0.10204  
5508.6  0.08385  
5512.799999999999  0.06925  
5517.1  0.05389  
5521.3  0.04121  
5525.5  0.03386  
5529.700000000001  0.02862  
5534.0  0.02395  
5538.200000000001  0.02059  
5542.4  0.01799  
5546.7  0.01649  
5550.900000000001  0.01673  
5555.1  0.01522  
5559.400000000001  0.01172  
5563.6  0.01019  
5567.9  0.01144  
5572.1  0.01222  
5576.3  0.01058  
5580.599999999999  0.00852  
5584.8  0.0078  
5589.0  0.00887  
5593.3  0.01062  
5597.5  0.01098  
5601.799999999999  0.01007  
5606.0  0.00863  
5610.2  0.00768  
5614.5  0.00706  
5618.7  0.00652  
5623.0  0.00621  
5627.200000000001  0.00681  
5631.4  0.00752  
5635.700000000001  0.00687  
5639.9  0.00569  
5644.2  0.00488  
5648.400000000001  0.00498  
5652.7  0.00625  
5656.900000000001  0.00677  
5661.1  0.00567  
5665.4  0.00496  
5669.6  0.00494  
5673.9  0.00455  
5678.099999999999  0.00426  
5682.4  0.00392  
5686.599999999999  0.00367  
5690.900000000001  0.00337  
5695.1  0.00275  
5699.400000000001  0.00216  
5703.6  0.00204  
5707.9  0.00213  
5712.1  0.00188  
5716.4  0.00153  
5720.599999999999  0.00158  
5724.9  0.00185  
5729.099999999999  0.00201  
5733.400000000001  0.00201  
5737.6  0.00172  
5741.900000000001  0.00148  
5746.1  0.00149  

