@MEASUREMENT_RADIUS 11.0 cm
#lambda:
#tr:
#end
3803.5  0.00595  
3807.6  0.00638  
3811.6000000000004  0.00587  
3815.7  0.00531  
3819.7000000000003  0.00567  
3823.8  0.00639  
3827.7999999999997  0.0061  
3831.8  0.0053  
3835.8999999999996  0.00489  
3839.9  0.00478  
3844.0  0.00496  
3848.0  0.00559  
3852.1  0.00597  
3856.1000000000004  0.0059  
3860.2  0.00572  
3864.2000000000003  0.00538  
3868.2999999999997  0.00543  
3872.3  0.0059  
3876.3999999999996  0.00598  
3880.4  0.00603  
3884.5  0.00617  
3888.5  0.00588  
3892.6  0.00541  
3896.6000000000004  0.00563  
3900.7  0.00626  
3904.8  0.00672  
3908.8  0.00686  
3912.9  0.00659  
3916.9  0.00625  
3921.0  0.00674  
3925.0  0.00786  
3929.1000000000004  0.00809  
3933.1  0.00851  
3937.2000000000003  0.01115  
3941.3  0.01577  
3945.2999999999997  0.02147  
3949.4  0.02862  
3953.3999999999996  0.03841  
3957.5  0.0506  
3961.6000000000004  0.06526  
3965.6  0.08327  
3969.7000000000003  0.1059  
3973.8  0.13606  
3977.7999999999997  0.17754  
3981.9  0.23291  
3985.8999999999996  0.30419  
3990.0  0.39108  
3994.1000000000004  0.49124  
3998.1  0.60048  
4002.2000000000003  0.70954  
4006.3  0.80469  
4010.2999999999997  0.87603  
4014.4  0.92474  
4018.5  0.95217  
4022.5  0.95874  
4026.6000000000004  0.95619  
4030.7  0.95927  
4034.7000000000003  0.96614  
4038.8  0.96744  
4042.9  0.96497  
4047.0  0.96544  
4051.0  0.96655  
4055.1  0.96689  
4059.2000000000003  0.96622  
4063.2999999999997  0.96347  
4067.3  0.96212  
4071.3999999999996  0.96401  
4075.5  0.96603  
4079.5  0.96649  
4083.6000000000004  0.96812  
4087.7  0.9706  
4091.8  0.97307  
4095.8999999999996  0.97497  
4099.9  0.97582  
4104.0  0.97602  
4108.1  0.97452  
4112.200000000001  0.97204  
4116.2  0.97029  
4120.299999999999  0.9714  
4124.4  0.97474  
4128.5  0.97175  
4132.6  0.96435  
4136.7  0.96355  
4140.7  0.96757  
4144.8  0.96914  
4148.9  0.96886  
4153.0  0.97022  
4157.099999999999  0.97015  
4161.2  0.96766  
4165.2  0.96695  
4169.3  0.96724  
4173.4  0.96744  
4177.5  0.96879  
4181.6  0.97252  
4185.7  0.97392  
4189.8  0.96918  
4193.8  0.96766  
4197.900000000001  0.97127  
4202.0  0.9691  
4206.1  0.96404  
4210.2  0.96651  
4214.3  0.97051  
4218.4  0.96861  
4222.5  0.96599  
4226.6  0.96765  
4230.7  0.97179  
4234.8  0.97517  
4238.8  0.97692  
4242.900000000001  0.97479  
4247.0  0.97165  
4251.1  0.97238  
4255.2  0.97373  
4259.3  0.97201  
4263.4  0.9698  
4267.5  0.97151  
4271.6  0.97176  
4275.7  0.96722  
4279.8  0.96588  
4283.9  0.96769  
4288.0  0.96705  
4292.099999999999  0.96559  
4296.2  0.9655  
4300.299999999999  0.96614  
4304.4  0.96872  
4308.5  0.97138  
4312.6  0.97291  
4316.7  0.97411  
4320.8  0.97622  
4324.9  0.97625  
4329.0  0.97464  
4333.1  0.97652  
4337.200000000001  0.97693  
4341.3  0.97625  
4345.400000000001  0.97735  
4349.5  0.97788  
4353.7  0.97685  
4357.799999999999  0.97509  
4361.9  0.97227  
4366.0  0.97091  
4370.1  0.97212  
4374.2  0.97324  
4378.3  0.97325  
4382.4  0.97099  
4386.5  0.96978  
4390.6  0.97455  
4394.700000000001  0.9784  
4398.9  0.97529  
4403.0  0.97355  
4407.099999999999  0.97652  
4411.2  0.97604  
4415.299999999999  0.97442  
4419.4  0.97453  
4423.5  0.97398  
4427.7  0.97347  
4431.8  0.97465  
4435.9  0.97621  
4440.0  0.97639  
4444.1  0.97676  
4448.2  0.9767  
4452.4  0.97691  
4456.5  0.9791  
4460.6  0.97925  
4464.700000000001  0.9768  
4468.8  0.97589  
4472.900000000001  0.97708  
4477.099999999999  0.97921  
4481.2  0.97825  
4485.299999999999  0.97501  
4489.4  0.9734  
4493.6  0.97396  
4497.7  0.97784  
4501.8  0.98053  
4505.9  0.97723  
4510.1  0.97404  
4514.2  0.97454  
4518.3  0.97298  
4522.4  0.9737  
4526.6  0.97778  
4530.7  0.97711  
4534.8  0.97323  
4538.9  0.97233  
4543.1  0.97584  
4547.200000000001  0.97757  
4551.3  0.97665  
4555.400000000001  0.97784  
4559.599999999999  0.97779  
4563.7  0.97544  
4567.799999999999  0.97315  
4572.0  0.97683  
4576.1  0.98066  
4580.2  0.97809  
4584.4  0.97779  
4588.5  0.97877  
4592.6  0.97735  
4596.8  0.97541  
4600.9  0.97566  
4605.0  0.97845  
4609.2  0.979  
4613.3  0.97647  
4617.4  0.97797  
4621.6  0.98073  
4625.7  0.97736  
4629.9  0.97507  
4634.0  0.9749  
4638.1  0.97349  
4642.3  0.97362  
4646.4  0.9738  
4650.5  0.97419  
4654.700000000001  0.97455  
4658.8  0.97357  
4663.0  0.97238  
4667.099999999999  0.97118  
4671.3  0.97152  
4675.400000000001  0.97732  
4679.5  0.98116  
4683.7  0.97981  
4687.799999999999  0.97947  
4692.0  0.97765  
4696.1  0.97254  
4700.299999999999  0.97095  
4704.4  0.97436  
4708.5  0.97703  
4712.7  0.97745  
4716.8  0.97446  
4721.0  0.96816  
4725.1  0.96689  
4729.3  0.97295  
4733.4  0.97578  
4737.6  0.9713  
4741.7  0.96479  
4745.9  0.96018  
4750.0  0.96501  
4754.2  0.97323  
4758.3  0.97241  
4762.5  0.96754  
4766.6  0.9646  
4770.8  0.96566  
4774.9  0.96563  
4779.1  0.96634  
4783.3  0.96948  
4787.4  0.97004  
4791.6  0.97015  
4795.7  0.97207  
4799.9  0.97491  
4804.0  0.97604  
4808.2  0.97328  
4812.3  0.96976  
4816.5  0.96763  
4820.7  0.96764  
4824.8  0.96985  
4829.0  0.97107  
4833.1  0.96963  
4837.3  0.96764  
4841.5  0.96728  
4845.6  0.96947  
4849.8  0.97292  
4853.9  0.97052  
4858.1  0.97237  
4862.3  0.97599  
4866.4  0.97822  
4870.6  0.98064  
4874.8  0.9817  
4878.9  0.97067  
4883.1  0.96639  
4887.3  0.96973  
4891.4  0.97089  
4895.6  0.97281  
4899.8  0.97374  
4903.9  0.97307  
4908.1  0.9742  
4912.3  0.97053  
4916.4  0.96257  
4920.6  0.96313  
4924.8  0.97005  
4928.9  0.97157  
4933.1  0.9633  
4937.3  0.95919  
4941.5  0.96239  
4945.6  0.96357  
4949.8  0.96553  
4954.0  0.96699  
4958.1  0.96466  
4962.3  0.96129  
4966.5  0.96088  
4970.7  0.96589  
4974.8  0.97056  
4979.0  0.96748  
4983.2  0.96141  
4987.4  0.96322  
4991.5  0.96963  
4995.7  0.97218  
4999.9  0.96953  
5004.1  0.9672  
5008.3  0.97  
5012.4  0.97442  
5016.6  0.97601  
5020.8  0.97113  
5025.0  0.96629  
5029.1  0.97025  
5033.3  0.97347  
5037.5  0.96925  
5041.7  0.96586  
5045.9  0.96688  
5050.1  0.96383  
5054.2  0.95641  
5058.4  0.95667  
5062.6  0.96297  
5066.8  0.96377  
5071.0  0.95953  
5075.2  0.9646  
5079.4  0.9748  
5083.5  0.97307  
5087.7  0.96941  
5091.9  0.96804  
5096.1  0.96579  
5100.299999999999  0.96471  
5104.5  0.9671  
5108.7  0.97035  
5112.900000000001  0.96881  
5117.0  0.96819  
5121.2  0.96763  
5125.4  0.9637  
5129.6  0.96192  
5133.8  0.96571  
5138.0  0.96702  
5142.200000000001  0.96069  
5146.4  0.96085  
5150.599999999999  0.96459  
5154.8  0.95844  
5159.0  0.96049  
5163.200000000001  0.9669  
5167.4  0.96088  
5171.599999999999  0.95383  
5175.700000000001  0.95918  
5179.9  0.97122  
5184.099999999999  0.96741  
5188.3  0.95661  
5192.5  0.95744  
5196.7  0.95971  
5200.900000000001  0.95624  
5205.1  0.95462  
5209.299999999999  0.96081  
5213.5  0.95972  
5217.7  0.94964  
5221.900000000001  0.94945  
5226.1  0.9619  
5230.299999999999  0.97369  
5234.5  0.97272  
5238.7  0.96069  
5242.9  0.95445  
5247.1  0.9594  
5251.3  0.96144  
5255.599999999999  0.96266  
5259.8  0.96064  
5264.0  0.95112  
5268.200000000001  0.94837  
5272.4  0.95847  
5276.599999999999  0.9671  
5280.8  0.96546  
5285.0  0.96469  
5289.2  0.97018  
5293.400000000001  0.97079  
5297.6  0.96493  
5301.799999999999  0.96479  
5306.0  0.96475  
5310.2  0.95845  
5314.5  0.9547  
5318.7  0.95365  
5322.9  0.95727  
5327.1  0.96404  
5331.3  0.9687  
5335.5  0.97009  
5339.700000000001  0.96742  
5343.9  0.96482  
5348.200000000001  0.9636  
5352.4  0.96043  
5356.599999999999  0.96345  
5360.8  0.97374  
5365.0  0.9755  
5369.2  0.97108  
5373.400000000001  0.9666  
5377.7  0.96148  
5381.900000000001  0.96706  
5386.1  0.9719  
5390.299999999999  0.96812  
5394.5  0.96618  
5398.8  0.96812  
5403.0  0.96665  
5407.200000000001  0.95703  
5411.4  0.95288  
5415.599999999999  0.95106  
5419.9  0.94065  
5424.099999999999  0.92991  
5428.3  0.91544  
5432.5  0.88898  
5436.7  0.85136  
5441.0  0.80647  
5445.2  0.75745  
5449.400000000001  0.70416  
5453.6  0.64857  
5457.9  0.5911  
5462.1  0.53174  
5466.3  0.47211  
5470.5  0.40945  
5474.8  0.34727  
5479.0  0.29515  
5483.200000000001  0.25507  
5487.4  0.22042  
5491.7  0.18512  
5495.900000000001  0.15194  
5500.1  0.12411  
5504.400000000001  0.10111  
5508.6  0.08317  
5512.799999999999  0.0688  
5517.1  0.05404  
5521.3  0.04156  
5525.5  0.0346  
5529.700000000001  0.02977  
5534.0  0.02428  
5538.200000000001  0.01907  
5542.4  0.01597  
5546.7  0.01525  
5550.900000000001  0.01514  
5555.1  0.01332  
5559.400000000001  0.01144  
5563.6  0.0113  
5567.9  0.01119  
5572.1  0.01037  
5576.3  0.01041  
5580.599999999999  0.01038  
5584.8  0.00919  
5589.0  0.00835  
5593.3  0.00895  
5597.5  0.00984  
5601.799999999999  0.00901  
5606.0  0.00757  
5610.2  0.00721  
5614.5  0.00723  
5618.7  0.00644  
5623.0  0.00526  
5627.200000000001  0.00526  
5631.4  0.00598  
5635.700000000001  0.00638  
5639.9  0.00671  
5644.2  0.00704  
5648.400000000001  0.00686  
5652.7  0.0061  
5656.900000000001  0.00547  
5661.1  0.00524  
5665.4  0.00587  
5669.6  0.00584  
5673.9  0.00482  
5678.099999999999  0.00458  
5682.4  0.0046  
5686.599999999999  0.00409  
5690.900000000001  0.00328  
5695.1  0.00252  
5699.400000000001  0.00217  
5703.6  0.00208  
5707.9  0.00196  
5712.1  0.00167  
5716.4  0.00152  
5720.599999999999  0.0017  
5724.9  0.0019  
5729.099999999999  0.00224  
5733.400000000001  0.00219  
5737.6  0.00156  
5741.900000000001  0.00131  
5746.1  0.00145  

