@MEASUREMENT_RADIUS 12.0 cm
#lambda:
#tr:
#end
3803.5  0.00684  
3807.6  0.00743  
3811.6000000000004  0.00649  
3815.7  0.00578  
3819.7000000000003  0.00597  
3823.8  0.00552  
3827.7999999999997  0.00453  
3831.8  0.00491  
3835.8999999999996  0.00629  
3839.9  0.00625  
3844.0  0.00511  
3848.0  0.00529  
3852.1  0.00599  
3856.1000000000004  0.00581  
3860.2  0.00552  
3864.2000000000003  0.00561  
3868.2999999999997  0.00584  
3872.3  0.00614  
3876.3999999999996  0.00628  
3880.4  0.00593  
3884.5  0.00558  
3888.5  0.00572  
3892.6  0.0061  
3896.6000000000004  0.00631  
3900.7  0.00641  
3904.8  0.00632  
3908.8  0.00621  
3912.9  0.00627  
3916.9  0.00622  
3921.0  0.00634  
3925.0  0.00705  
3929.1000000000004  0.00788  
3933.1  0.00949  
3937.2000000000003  0.01201  
3941.3  0.01547  
3945.2999999999997  0.021  
3949.4  0.02895  
3953.3999999999996  0.03871  
3957.5  0.0502  
3961.6000000000004  0.06495  
3965.6  0.08405  
3969.7000000000003  0.10716  
3973.8  0.13683  
3977.7999999999997  0.17816  
3981.9  0.23438  
3985.8999999999996  0.3069  
3990.0  0.39436  
3994.1000000000004  0.49416  
3998.1  0.603  
4002.2000000000003  0.71262  
4006.3  0.80809  
4010.2999999999997  0.87841  
4014.4  0.92568  
4018.5  0.95223  
4022.5  0.95928  
4026.6000000000004  0.95772  
4030.7  0.9597  
4034.7000000000003  0.96494  
4038.8  0.96651  
4042.9  0.96532  
4047.0  0.96653  
4051.0  0.96728  
4055.1  0.96707  
4059.2000000000003  0.96651  
4063.2999999999997  0.96375  
4067.3  0.96193  
4071.3999999999996  0.96376  
4075.5  0.96546  
4079.5  0.96524  
4083.6000000000004  0.96779  
4087.7  0.97183  
4091.8  0.97442  
4095.8999999999996  0.9754  
4099.9  0.97582  
4104.0  0.97625  
4108.1  0.97477  
4112.200000000001  0.9724  
4116.2  0.9715  
4120.299999999999  0.97304  
4124.4  0.97507  
4128.5  0.9708  
4132.6  0.96372  
4136.7  0.96415  
4140.7  0.9695  
4144.8  0.97057  
4148.9  0.96806  
4153.0  0.96865  
4157.099999999999  0.96958  
4161.2  0.9685  
4165.2  0.96839  
4169.3  0.96718  
4173.4  0.96541  
4177.5  0.96701  
4181.6  0.97229  
4185.7  0.97363  
4189.8  0.96817  
4193.8  0.96776  
4197.900000000001  0.97297  
4202.0  0.97111  
4206.1  0.96563  
4210.2  0.96734  
4214.3  0.97022  
4218.4  0.96735  
4222.5  0.96465  
4226.6  0.96745  
4230.7  0.97247  
4234.8  0.97488  
4238.8  0.97581  
4242.900000000001  0.97498  
4247.0  0.9732  
4251.1  0.97336  
4255.2  0.97334  
4259.3  0.97099  
4263.4  0.96939  
4267.5  0.97154  
4271.6  0.97161  
4275.7  0.96712  
4279.8  0.96582  
4283.9  0.96722  
4288.0  0.96601  
4292.099999999999  0.9648  
4296.2  0.9654  
4300.299999999999  0.96649  
4304.4  0.96907  
4308.5  0.97133  
4312.6  0.97302  
4316.7  0.97457  
4320.8  0.97611  
4324.9  0.97551  
4329.0  0.97398  
4333.1  0.9766  
4337.200000000001  0.97726  
4341.3  0.97604  
4345.400000000001  0.97655  
4349.5  0.97669  
4353.7  0.97581  
4357.799999999999  0.97437  
4361.9  0.97177  
4366.0  0.97091  
4370.1  0.97246  
4374.2  0.97349  
4378.3  0.97347  
4382.4  0.97139  
4386.5  0.96999  
4390.6  0.97453  
4394.700000000001  0.97891  
4398.9  0.97646  
4403.0  0.97466  
4407.099999999999  0.9769  
4411.2  0.97631  
4415.299999999999  0.97545  
4419.4  0.97648  
4423.5  0.97613  
4427.7  0.97461  
4431.8  0.97472  
4435.9  0.9762  
4440.0  0.97712  
4444.1  0.97789  
4448.2  0.97719  
4452.4  0.97672  
4456.5  0.9792  
4460.6  0.98047  
4464.700000000001  0.978  
4468.8  0.97554  
4472.900000000001  0.97582  
4477.099999999999  0.97846  
4481.2  0.97863  
4485.299999999999  0.9768  
4489.4  0.97485  
4493.6  0.97319  
4497.7  0.97663  
4501.8  0.98093  
4505.9  0.97806  
4510.1  0.97353  
4514.2  0.97314  
4518.3  0.97286  
4522.4  0.97503  
4526.6  0.979  
4530.7  0.97712  
4534.8  0.97221  
4538.9  0.9718  
4543.1  0.97585  
4547.200000000001  0.97734  
4551.3  0.97676  
4555.400000000001  0.97829  
4559.599999999999  0.97814  
4563.7  0.97595  
4567.799999999999  0.97414  
4572.0  0.97661  
4576.1  0.97822  
4580.2  0.97583  
4584.4  0.97704  
4588.5  0.97896  
4592.6  0.97722  
4596.8  0.97434  
4600.9  0.97492  
4605.0  0.97865  
4609.2  0.98004  
4613.3  0.97754  
4617.4  0.9778  
4621.6  0.9796  
4625.7  0.97635  
4629.9  0.97461  
4634.0  0.97535  
4638.1  0.97483  
4642.3  0.97419  
4646.4  0.97265  
4650.5  0.97298  
4654.700000000001  0.97523  
4658.8  0.97518  
4663.0  0.97307  
4667.099999999999  0.97096  
4671.3  0.97138  
4675.400000000001  0.97706  
4679.5  0.97971  
4683.7  0.97769  
4687.799999999999  0.97831  
4692.0  0.97779  
4696.1  0.97306  
4700.299999999999  0.97138  
4704.4  0.97476  
4708.5  0.97684  
4712.7  0.97685  
4716.8  0.97465  
4721.0  0.9688  
4725.1  0.96605  
4729.3  0.97134  
4733.4  0.97577  
4737.6  0.97331  
4741.7  0.9671  
4745.9  0.96136  
4750.0  0.96523  
4754.2  0.97309  
4758.3  0.97228  
4762.5  0.96793  
4766.6  0.96512  
4770.8  0.96514  
4774.9  0.96512  
4779.1  0.96778  
4783.3  0.97223  
4787.4  0.97145  
4791.6  0.96868  
4795.7  0.96923  
4799.9  0.97366  
4804.0  0.97648  
4808.2  0.97438  
4812.3  0.9705  
4816.5  0.96791  
4820.7  0.96813  
4824.8  0.9703  
4829.0  0.97117  
4833.1  0.97004  
4837.3  0.96862  
4841.5  0.96777  
4845.6  0.96838  
4849.8  0.97008  
4853.9  0.96909  
4858.1  0.97298  
4862.3  0.97696  
4866.4  0.97856  
4870.6  0.97967  
4874.8  0.97994  
4878.9  0.97144  
4883.1  0.96818  
4887.3  0.96992  
4891.4  0.97112  
4895.6  0.97449  
4899.8  0.97484  
4903.9  0.97235  
4908.1  0.97223  
4912.3  0.96862  
4916.4  0.96198  
4920.6  0.9633  
4924.8  0.9711  
4928.9  0.97416  
4933.1  0.9653  
4937.3  0.95945  
4941.5  0.96222  
4945.6  0.96354  
4949.8  0.96458  
4954.0  0.96601  
4958.1  0.96555  
4962.3  0.96318  
4966.5  0.96193  
4970.7  0.96517  
4974.8  0.96862  
4979.0  0.96659  
4983.2  0.9621  
4987.4  0.96332  
4991.5  0.96814  
4995.7  0.97054  
4999.9  0.96833  
5004.1  0.96578  
5008.3  0.96932  
5012.4  0.97593  
5016.6  0.97806  
5020.8  0.97082  
5025.0  0.96381  
5029.1  0.96816  
5033.3  0.97307  
5037.5  0.96914  
5041.7  0.96526  
5045.9  0.9677  
5050.1  0.96663  
5054.2  0.95913  
5058.4  0.95818  
5062.6  0.96315  
5066.8  0.96411  
5071.0  0.96054  
5075.2  0.96428  
5079.4  0.97278  
5083.5  0.9718  
5087.7  0.9701  
5091.9  0.96933  
5096.1  0.96583  
5100.299999999999  0.96419  
5104.5  0.96688  
5108.7  0.97084  
5112.900000000001  0.96965  
5117.0  0.9683  
5121.2  0.96789  
5125.4  0.96476  
5129.6  0.96251  
5133.8  0.96585  
5138.0  0.96822  
5142.200000000001  0.96307  
5146.4  0.96187  
5150.599999999999  0.96183  
5154.8  0.95395  
5159.0  0.95786  
5163.200000000001  0.96654  
5167.4  0.96161  
5171.599999999999  0.9546  
5175.700000000001  0.95837  
5179.9  0.9693  
5184.099999999999  0.96742  
5188.3  0.95913  
5192.5  0.95939  
5196.7  0.95897  
5200.900000000001  0.95481  
5205.1  0.95507  
5209.299999999999  0.96359  
5213.5  0.96273  
5217.7  0.95154  
5221.900000000001  0.95085  
5226.1  0.96272  
5230.299999999999  0.97235  
5234.5  0.96958  
5238.7  0.95871  
5242.9  0.95479  
5247.1  0.96029  
5251.3  0.96219  
5255.599999999999  0.96434  
5259.8  0.96318  
5264.0  0.95276  
5268.200000000001  0.94772  
5272.4  0.95721  
5276.599999999999  0.968  
5280.8  0.96686  
5285.0  0.96277  
5289.2  0.96641  
5293.400000000001  0.96989  
5297.6  0.96771  
5301.799999999999  0.96788  
5306.0  0.96566  
5310.2  0.95742  
5314.5  0.95346  
5318.7  0.95459  
5322.9  0.9582  
5327.1  0.96083  
5331.3  0.9635  
5335.5  0.96762  
5339.700000000001  0.9685  
5343.9  0.96774  
5348.200000000001  0.96622  
5352.4  0.96128  
5356.599999999999  0.96203  
5360.8  0.97161  
5365.0  0.97487  
5369.2  0.97119  
5373.400000000001  0.96659  
5377.7  0.9635  
5381.900000000001  0.97012  
5386.1  0.97282  
5390.299999999999  0.96594  
5394.5  0.96322  
5398.8  0.96678  
5403.0  0.96726  
5407.200000000001  0.95749  
5411.4  0.95189  
5415.599999999999  0.94992  
5419.9  0.94016  
5424.099999999999  0.9297  
5428.3  0.9142  
5432.5  0.88674  
5436.7  0.8491  
5441.0  0.80339  
5445.2  0.7537  
5449.400000000001  0.7006  
5453.6  0.64435  
5457.9  0.58516  
5462.1  0.52475  
5466.3  0.46521  
5470.5  0.40285  
5474.8  0.3414  
5479.0  0.2901  
5483.200000000001  0.2503  
5487.4  0.21576  
5491.7  0.18121  
5495.900000000001  0.14807  
5500.1  0.11954  
5504.400000000001  0.09795  
5508.6  0.08299  
5512.799999999999  0.06922  
5517.1  0.05187  
5521.3  0.03794  
5525.5  0.03209  
5529.700000000001  0.02886  
5534.0  0.0247  
5538.200000000001  0.02064  
5542.4  0.01758  
5546.7  0.01556  
5550.900000000001  0.01453  
5555.1  0.01334  
5559.400000000001  0.01184  
5563.6  0.01084  
5567.9  0.01076  
5572.1  0.01064  
5576.3  0.01035  
5580.599999999999  0.00999  
5584.8  0.00881  
5589.0  0.00785  
5593.3  0.00875  
5597.5  0.00985  
5601.799999999999  0.00881  
5606.0  0.00681  
5610.2  0.00605  
5614.5  0.00662  
5618.7  0.00708  
5623.0  0.00675  
5627.200000000001  0.0067  
5631.4  0.00723  
5635.700000000001  0.0076  
5639.9  0.00694  
5644.2  0.00595  
5648.400000000001  0.00529  
5652.7  0.00518  
5656.900000000001  0.00564  
5661.1  0.00566  
5665.4  0.00533  
5669.6  0.00455  
5673.9  0.00399  
5678.099999999999  0.00364  
5682.4  0.00327  
5686.599999999999  0.00327  
5690.900000000001  0.00358  
5695.1  0.00307  
5699.400000000001  0.002  
5703.6  0.00153  
5707.9  0.00173  
5712.1  0.00192  
5716.4  0.00183  
5720.599999999999  0.00195  
5724.9  0.00203  
5729.099999999999  0.00172  
5733.400000000001  0.00166  
5737.6  0.00171  
5741.900000000001  0.00162  
5746.1  0.00146  

