@MEASUREMENT_RADIUS 13.0 cm
#lambda:
#tr:
#end
3803.5  0.00595  
3807.6  0.00589  
3811.6000000000004  0.00562  
3815.7  0.00564  
3819.7000000000003  0.00619  
3823.8  0.00648  
3827.7999999999997  0.00559  
3831.8  0.00507  
3835.8999999999996  0.00588  
3839.9  0.0063  
3844.0  0.00538  
3848.0  0.00444  
3852.1  0.00449  
3856.1000000000004  0.00542  
3860.2  0.00589  
3864.2000000000003  0.00505  
3868.2999999999997  0.00501  
3872.3  0.00595  
3876.3999999999996  0.00616  
3880.4  0.00545  
3884.5  0.00517  
3888.5  0.00549  
3892.6  0.00558  
3896.6000000000004  0.00567  
3900.7  0.00632  
3904.8  0.00628  
3908.8  0.00567  
3912.9  0.00593  
3916.9  0.00645  
3921.0  0.00694  
3925.0  0.00785  
3929.1000000000004  0.00825  
3933.1  0.00884  
3937.2000000000003  0.01161  
3941.3  0.01621  
3945.2999999999997  0.02193  
3949.4  0.02927  
3953.3999999999996  0.03899  
3957.5  0.0509  
3961.6000000000004  0.06585  
3965.6  0.0845  
3969.7000000000003  0.1073  
3973.8  0.13742  
3977.7999999999997  0.17961  
3981.9  0.23674  
3985.8999999999996  0.30941  
3990.0  0.39619  
3994.1000000000004  0.49615  
3998.1  0.60635  
4002.2000000000003  0.71607  
4006.3  0.80972  
4010.2999999999997  0.87851  
4014.4  0.92615  
4018.5  0.95399  
4022.5  0.96046  
4026.6000000000004  0.95703  
4030.7  0.95918  
4034.7000000000003  0.96575  
4038.8  0.9667  
4042.9  0.96402  
4047.0  0.96527  
4051.0  0.96706  
4055.1  0.96732  
4059.2000000000003  0.9665  
4063.2999999999997  0.96403  
4067.3  0.96251  
4071.3999999999996  0.96395  
4075.5  0.96599  
4079.5  0.96583  
4083.6000000000004  0.96676  
4087.7  0.96984  
4091.8  0.97317  
4095.8999999999996  0.97495  
4099.9  0.97567  
4104.0  0.97637  
4108.1  0.97521  
4112.200000000001  0.97276  
4116.2  0.97091  
4120.299999999999  0.97217  
4124.4  0.97527  
4128.5  0.97103  
4132.6  0.9632  
4136.7  0.96342  
4140.7  0.96869  
4144.8  0.96992  
4148.9  0.96846  
4153.0  0.96921  
4157.099999999999  0.96898  
4161.2  0.96708  
4165.2  0.96746  
4169.3  0.96743  
4173.4  0.96644  
4177.5  0.96772  
4181.6  0.97202  
4185.7  0.97369  
4189.8  0.96963  
4193.8  0.96918  
4197.900000000001  0.97306  
4202.0  0.96997  
4206.1  0.96428  
4210.2  0.96698  
4214.3  0.97003  
4218.4  0.96675  
4222.5  0.96513  
4226.6  0.9687  
4230.7  0.97303  
4234.8  0.97503  
4238.8  0.97603  
4242.900000000001  0.97456  
4247.0  0.9721  
4251.1  0.97294  
4255.2  0.97414  
4259.3  0.97229  
4263.4  0.97043  
4267.5  0.97276  
4271.6  0.97291  
4275.7  0.96738  
4279.8  0.9655  
4283.9  0.96809  
4288.0  0.96781  
4292.099999999999  0.9654  
4296.2  0.96492  
4300.299999999999  0.96678  
4304.4  0.97002  
4308.5  0.97157  
4312.6  0.9717  
4316.7  0.97316  
4320.8  0.9768  
4324.9  0.97762  
4329.0  0.97496  
4333.1  0.97609  
4337.200000000001  0.97745  
4341.3  0.97703  
4345.400000000001  0.97703  
4349.5  0.97698  
4353.7  0.97691  
4357.799999999999  0.97581  
4361.9  0.97208  
4366.0  0.97005  
4370.1  0.97184  
4374.2  0.97354  
4378.3  0.97396  
4382.4  0.97174  
4386.5  0.96975  
4390.6  0.97418  
4394.700000000001  0.97909  
4398.9  0.97701  
4403.0  0.97464  
4407.099999999999  0.9761  
4411.2  0.97579  
4415.299999999999  0.9759  
4419.4  0.97708  
4423.5  0.9758  
4427.7  0.97346  
4431.8  0.97391  
4435.9  0.97588  
4440.0  0.97609  
4444.1  0.97669  
4448.2  0.97711  
4452.4  0.97695  
4456.5  0.97901  
4460.6  0.98044  
4464.700000000001  0.97838  
4468.8  0.97583  
4472.900000000001  0.97564  
4477.099999999999  0.97767  
4481.2  0.97767  
4485.299999999999  0.97635  
4489.4  0.97536  
4493.6  0.97373  
4497.7  0.97605  
4501.8  0.98017  
4505.9  0.97839  
4510.1  0.97474  
4514.2  0.97417  
4518.3  0.97289  
4522.4  0.97445  
4526.6  0.97865  
4530.7  0.97685  
4534.8  0.97199  
4538.9  0.97192  
4543.1  0.97618  
4547.200000000001  0.97774  
4551.3  0.97647  
4555.400000000001  0.9766  
4559.599999999999  0.97595  
4563.7  0.97452  
4567.799999999999  0.97376  
4572.0  0.97772  
4576.1  0.97966  
4580.2  0.97593  
4584.4  0.97668  
4588.5  0.97911  
4592.6  0.9781  
4596.8  0.97579  
4600.9  0.9762  
4605.0  0.97922  
4609.2  0.97944  
4613.3  0.9764  
4617.4  0.97761  
4621.6  0.98066  
4625.7  0.97793  
4629.9  0.97567  
4634.0  0.97499  
4638.1  0.97356  
4642.3  0.97359  
4646.4  0.97324  
4650.5  0.97384  
4654.700000000001  0.97534  
4658.8  0.97413  
4663.0  0.97128  
4667.099999999999  0.96973  
4671.3  0.9715  
4675.400000000001  0.97793  
4679.5  0.98043  
4683.7  0.97807  
4687.799999999999  0.97862  
4692.0  0.97768  
4696.1  0.9716  
4700.299999999999  0.96968  
4704.4  0.97492  
4708.5  0.97823  
4712.7  0.97743  
4716.8  0.97475  
4721.0  0.96951  
4725.1  0.9669  
4729.3  0.97125  
4733.4  0.97525  
4737.6  0.97325  
4741.7  0.96698  
4745.9  0.95999  
4750.0  0.96373  
4754.2  0.97276  
4758.3  0.97206  
4762.5  0.96727  
4766.6  0.96481  
4770.8  0.96575  
4774.9  0.96651  
4779.1  0.96896  
4783.3  0.97176  
4787.4  0.96992  
4791.6  0.96873  
4795.7  0.9716  
4799.9  0.97508  
4804.0  0.97524  
4808.2  0.97229  
4812.3  0.97042  
4816.5  0.9693  
4820.7  0.96824  
4824.8  0.96855  
4829.0  0.96934  
4833.1  0.96891  
4837.3  0.96748  
4841.5  0.96686  
4845.6  0.96895  
4849.8  0.97263  
4853.9  0.9708  
4858.1  0.97289  
4862.3  0.9765  
4866.4  0.97861  
4870.6  0.98058  
4874.8  0.98068  
4878.9  0.97011  
4883.1  0.96668  
4887.3  0.97032  
4891.4  0.97354  
4895.6  0.97634  
4899.8  0.9746  
4903.9  0.97094  
4908.1  0.97164  
4912.3  0.96984  
4916.4  0.96341  
4920.6  0.96328  
4924.8  0.96857  
4928.9  0.97044  
4933.1  0.96441  
4937.3  0.96154  
4941.5  0.96344  
4945.6  0.96272  
4949.8  0.96431  
4954.0  0.96641  
4958.1  0.96465  
4962.3  0.9611  
4966.5  0.9605  
4970.7  0.96645  
4974.8  0.97229  
4979.0  0.96831  
4983.2  0.96031  
4987.4  0.96247  
4991.5  0.9703  
4995.7  0.97301  
4999.9  0.96915  
5004.1  0.9662  
5008.3  0.96932  
5012.4  0.97418  
5016.6  0.97639  
5020.8  0.97136  
5025.0  0.96553  
5029.1  0.96848  
5033.3  0.97203  
5037.5  0.9684  
5041.7  0.96465  
5045.9  0.96661  
5050.1  0.96527  
5054.2  0.95812  
5058.4  0.95762  
5062.6  0.96297  
5066.8  0.96358  
5071.0  0.95989  
5075.2  0.96521  
5079.4  0.97495  
5083.5  0.97298  
5087.7  0.9696  
5091.9  0.96777  
5096.1  0.96444  
5100.299999999999  0.96365  
5104.5  0.96781  
5108.7  0.97146  
5112.900000000001  0.969  
5117.0  0.96826  
5121.2  0.96846  
5125.4  0.96489  
5129.6  0.96334  
5133.8  0.96704  
5138.0  0.9671  
5142.200000000001  0.96009  
5146.4  0.96125  
5150.599999999999  0.96441  
5154.8  0.95629  
5159.0  0.95895  
5163.200000000001  0.96753  
5167.4  0.9614  
5171.599999999999  0.95314  
5175.700000000001  0.95848  
5179.9  0.97158  
5184.099999999999  0.96794  
5188.3  0.95625  
5192.5  0.95637  
5196.7  0.95824  
5200.900000000001  0.95498  
5205.1  0.95443  
5209.299999999999  0.96195  
5213.5  0.96011  
5217.7  0.94896  
5221.900000000001  0.94951  
5226.1  0.96229  
5230.299999999999  0.97199  
5234.5  0.96934  
5238.7  0.95855  
5242.9  0.95339  
5247.1  0.95844  
5251.3  0.96165  
5255.599999999999  0.9645  
5259.8  0.96224  
5264.0  0.95109  
5268.200000000001  0.94792  
5272.4  0.95927  
5276.599999999999  0.96967  
5280.8  0.96644  
5285.0  0.96101  
5289.2  0.96519  
5293.400000000001  0.96935  
5297.6  0.96714  
5301.799999999999  0.96691  
5306.0  0.9646  
5310.2  0.9567  
5314.5  0.95345  
5318.7  0.95588  
5322.9  0.96137  
5327.1  0.96454  
5331.3  0.96543  
5335.5  0.96724  
5339.700000000001  0.96702  
5343.9  0.96649  
5348.200000000001  0.96553  
5352.4  0.96163  
5356.599999999999  0.96383  
5360.8  0.97335  
5365.0  0.97587  
5369.2  0.97246  
5373.400000000001  0.96703  
5377.7  0.962  
5381.900000000001  0.96852  
5386.1  0.97253  
5390.299999999999  0.9674  
5394.5  0.96498  
5398.8  0.96618  
5403.0  0.96446  
5407.200000000001  0.95572  
5411.4  0.95301  
5415.599999999999  0.95221  
5419.9  0.94162  
5424.099999999999  0.92943  
5428.3  0.91286  
5432.5  0.88484  
5436.7  0.84612  
5441.0  0.80048  
5445.2  0.75193  
5449.400000000001  0.69875  
5453.6  0.64052  
5457.9  0.57949  
5462.1  0.51936  
5466.3  0.46082  
5470.5  0.39744  
5474.8  0.33445  
5479.0  0.28243  
5483.200000000001  0.24339  
5487.4  0.21081  
5491.7  0.17694  
5495.900000000001  0.14376  
5500.1  0.1173  
5504.400000000001  0.09708  
5508.6  0.0808  
5512.799999999999  0.06572  
5517.1  0.05068  
5521.3  0.03935  
5525.5  0.03276  
5529.700000000001  0.02792  
5534.0  0.0234  
5538.200000000001  0.01977  
5542.4  0.01699  
5546.7  0.01483  
5550.900000000001  0.01384  
5555.1  0.01273  
5559.400000000001  0.0113  
5563.6  0.01113  
5567.9  0.01127  
5572.1  0.01034  
5576.3  0.01021  
5580.599999999999  0.01053  
5584.8  0.00979  
5589.0  0.01026  
5593.3  0.01156  
5597.5  0.01058  
5601.799999999999  0.00857  
5606.0  0.00756  
5610.2  0.00686  
5614.5  0.00572  
5618.7  0.00517  
5623.0  0.00583  
5627.200000000001  0.00747  
5631.4  0.00872  
5635.700000000001  0.00819  
5639.9  0.00697  
5644.2  0.00667  
5648.400000000001  0.00597  
5652.7  0.00511  
5656.900000000001  0.0064  
5661.1  0.00777  
5665.4  0.00677  
5669.6  0.00512  
5673.9  0.00435  
5678.099999999999  0.00413  
5682.4  0.00417  
5686.599999999999  0.00427  
5690.900000000001  0.00373  
5695.1  0.00274  
5699.400000000001  0.00195  
5703.6  0.00189  
5707.9  0.00241  
5712.1  0.0024  
5716.4  0.00163  
5720.599999999999  0.00127  
5724.9  0.002  
5729.099999999999  0.00289  
5733.400000000001  0.00252  
5737.6  0.00159  
5741.900000000001  0.00152  
5746.1  0.00177  

