@MEASUREMENT_RADIUS 14.0 cm
#lambda:
#tr:
#end
3803.5  0.0051  
3807.6  0.00479  
3811.6000000000004  0.00478  
3815.7  0.0052  
3819.7000000000003  0.00586  
3823.8  0.0059  
3827.7999999999997  0.00508  
3831.8  0.00513  
3835.8999999999996  0.00588  
3839.9  0.00576  
3844.0  0.00544  
3848.0  0.00601  
3852.1  0.00622  
3856.1000000000004  0.00538  
3860.2  0.00441  
3864.2000000000003  0.00464  
3868.2999999999997  0.00582  
3872.3  0.00595  
3876.3999999999996  0.00553  
3880.4  0.00605  
3884.5  0.0064  
3888.5  0.00587  
3892.6  0.00578  
3896.6000000000004  0.00654  
3900.7  0.00694  
3904.8  0.00649  
3908.8  0.00621  
3912.9  0.00657  
3916.9  0.00669  
3921.0  0.00659  
3925.0  0.00721  
3929.1000000000004  0.00809  
3933.1  0.00938  
3937.2000000000003  0.01197  
3941.3  0.01594  
3945.2999999999997  0.02151  
3949.4  0.02906  
3953.3999999999996  0.03887  
3957.5  0.05084  
3961.6000000000004  0.06603  
3965.6  0.08497  
3969.7000000000003  0.10826  
3973.8  0.13891  
3977.7999999999997  0.18169  
3981.9  0.23914  
3985.8999999999996  0.31113  
3990.0  0.39739  
3994.1000000000004  0.49784  
3998.1  0.60811  
4002.2000000000003  0.71688  
4006.3  0.80974  
4010.2999999999997  0.87844  
4014.4  0.92579  
4018.5  0.9525  
4022.5  0.95894  
4026.6000000000004  0.95721  
4030.7  0.96002  
4034.7000000000003  0.96556  
4038.8  0.96609  
4042.9  0.96446  
4047.0  0.96617  
4051.0  0.96707  
4055.1  0.96674  
4059.2000000000003  0.96657  
4063.2999999999997  0.96434  
4067.3  0.96211  
4071.3999999999996  0.96262  
4075.5  0.96454  
4079.5  0.966  
4083.6000000000004  0.96817  
4087.7  0.97016  
4091.8  0.97282  
4095.8999999999996  0.97566  
4099.9  0.97686  
4104.0  0.97673  
4108.1  0.97477  
4112.200000000001  0.97209  
4116.2  0.97033  
4120.299999999999  0.97139  
4124.4  0.97443  
4128.5  0.97115  
4132.6  0.96402  
4136.7  0.96433  
4140.7  0.9697  
4144.8  0.97102  
4148.9  0.96852  
4153.0  0.96828  
4157.099999999999  0.96877  
4161.2  0.96807  
4165.2  0.96882  
4169.3  0.9686  
4173.4  0.96708  
4177.5  0.96815  
4181.6  0.97286  
4185.7  0.97386  
4189.8  0.96773  
4193.8  0.96644  
4197.900000000001  0.97204  
4202.0  0.97162  
4206.1  0.96595  
4210.2  0.9666  
4214.3  0.9697  
4218.4  0.96715  
4222.5  0.96474  
4226.6  0.96839  
4230.7  0.9738  
4234.8  0.97549  
4238.8  0.97573  
4242.900000000001  0.97461  
4247.0  0.97264  
4251.1  0.9732  
4255.2  0.97405  
4259.3  0.97192  
4263.4  0.96966  
4267.5  0.97188  
4271.6  0.97228  
4275.7  0.96689  
4279.8  0.965  
4283.9  0.96785  
4288.0  0.96772  
4292.099999999999  0.9647  
4296.2  0.96432  
4300.299999999999  0.96748  
4304.4  0.97109  
4308.5  0.97205  
4312.6  0.97239  
4316.7  0.97403  
4320.8  0.97645  
4324.9  0.97612  
4329.0  0.97392  
4333.1  0.97575  
4337.200000000001  0.97726  
4341.3  0.97694  
4345.400000000001  0.97678  
4349.5  0.97633  
4353.7  0.97635  
4357.799999999999  0.97618  
4361.9  0.97348  
4366.0  0.97119  
4370.1  0.9713  
4374.2  0.97234  
4378.3  0.97304  
4382.4  0.97085  
4386.5  0.96947  
4390.6  0.97478  
4394.700000000001  0.97988  
4398.9  0.97759  
4403.0  0.97514  
4407.099999999999  0.97636  
4411.2  0.97485  
4415.299999999999  0.9741  
4419.4  0.97604  
4423.5  0.97613  
4427.7  0.97457  
4431.8  0.97452  
4435.9  0.97608  
4440.0  0.97703  
4444.1  0.97751  
4448.2  0.97717  
4452.4  0.97667  
4456.5  0.97851  
4460.6  0.97992  
4464.700000000001  0.97854  
4468.8  0.97714  
4472.900000000001  0.97732  
4477.099999999999  0.97867  
4481.2  0.97791  
4485.299999999999  0.97575  
4489.4  0.97432  
4493.6  0.97381  
4497.7  0.97716  
4501.8  0.98059  
4505.9  0.97781  
4510.1  0.97396  
4514.2  0.97372  
4518.3  0.97282  
4522.4  0.97424  
4526.6  0.97773  
4530.7  0.97646  
4534.8  0.97355  
4538.9  0.97423  
4543.1  0.97757  
4547.200000000001  0.97788  
4551.3  0.97629  
4555.400000000001  0.97741  
4559.599999999999  0.97785  
4563.7  0.97649  
4567.799999999999  0.97474  
4572.0  0.97693  
4576.1  0.97813  
4580.2  0.97542  
4584.4  0.97697  
4588.5  0.97888  
4592.6  0.97707  
4596.8  0.97478  
4600.9  0.97622  
4605.0  0.98001  
4609.2  0.98064  
4613.3  0.97794  
4617.4  0.97913  
4621.6  0.98123  
4625.7  0.9768  
4629.9  0.97447  
4634.0  0.97576  
4638.1  0.97538  
4642.3  0.97478  
4646.4  0.97318  
4650.5  0.97316  
4654.700000000001  0.97546  
4658.8  0.9748  
4663.0  0.97194  
4667.099999999999  0.96999  
4671.3  0.97064  
4675.400000000001  0.97673  
4679.5  0.9811  
4683.7  0.98035  
4687.799999999999  0.98057  
4692.0  0.97821  
4696.1  0.97178  
4700.299999999999  0.96995  
4704.4  0.97399  
4708.5  0.97653  
4712.7  0.97685  
4716.8  0.97434  
4721.0  0.96858  
4725.1  0.9666  
4729.3  0.97194  
4733.4  0.97562  
4737.6  0.97226  
4741.7  0.96631  
4745.9  0.96116  
4750.0  0.9652  
4754.2  0.97336  
4758.3  0.97273  
4762.5  0.96819  
4766.6  0.9652  
4770.8  0.96448  
4774.9  0.96342  
4779.1  0.9661  
4783.3  0.97182  
4787.4  0.9722  
4791.6  0.97026  
4795.7  0.97129  
4799.9  0.97459  
4804.0  0.97572  
4808.2  0.97328  
4812.3  0.9701  
4816.5  0.96796  
4820.7  0.96841  
4824.8  0.96986  
4829.0  0.96956  
4833.1  0.96899  
4837.3  0.96912  
4841.5  0.96826  
4845.6  0.96861  
4849.8  0.97244  
4853.9  0.97193  
4858.1  0.97412  
4862.3  0.97755  
4866.4  0.97921  
4870.6  0.98031  
4874.8  0.97954  
4878.9  0.96986  
4883.1  0.96718  
4887.3  0.96984  
4891.4  0.97117  
4895.6  0.97391  
4899.8  0.97485  
4903.9  0.97241  
4908.1  0.97158  
4912.3  0.96911  
4916.4  0.96376  
4920.6  0.96517  
4924.8  0.9714  
4928.9  0.97214  
4933.1  0.96319  
4937.3  0.95903  
4941.5  0.96341  
4945.6  0.965  
4949.8  0.9659  
4954.0  0.96697  
4958.1  0.96564  
4962.3  0.96236  
4966.5  0.96104  
4970.7  0.9656  
4974.8  0.97  
4979.0  0.96655  
4983.2  0.96095  
4987.4  0.96343  
4991.5  0.96987  
4995.7  0.97248  
4999.9  0.96965  
5004.1  0.96668  
5008.3  0.96898  
5012.4  0.97429  
5016.6  0.97692  
5020.8  0.97137  
5025.0  0.96558  
5029.1  0.96989  
5033.3  0.97359  
5037.5  0.96878  
5041.7  0.96493  
5045.9  0.96688  
5050.1  0.96456  
5054.2  0.95654  
5058.4  0.95688  
5062.6  0.96418  
5066.8  0.96536  
5071.0  0.96033  
5075.2  0.9643  
5079.4  0.97394  
5083.5  0.97222  
5087.7  0.9695  
5091.9  0.96862  
5096.1  0.96583  
5100.299999999999  0.96479  
5104.5  0.96747  
5108.7  0.9706  
5112.900000000001  0.96914  
5117.0  0.96889  
5121.2  0.96856  
5125.4  0.96422  
5129.6  0.96237  
5133.8  0.96729  
5138.0  0.96926  
5142.200000000001  0.96251  
5146.4  0.96098  
5150.599999999999  0.96096  
5154.8  0.953  
5159.0  0.95748  
5163.200000000001  0.96732  
5167.4  0.963  
5171.599999999999  0.95597  
5175.700000000001  0.95967  
5179.9  0.96923  
5184.099999999999  0.96559  
5188.3  0.95805  
5192.5  0.95983  
5196.7  0.95961  
5200.900000000001  0.95596  
5205.1  0.95768  
5209.299999999999  0.96507  
5213.5  0.96009  
5217.7  0.94788  
5221.900000000001  0.94953  
5226.1  0.96341  
5230.299999999999  0.97413  
5234.5  0.97177  
5238.7  0.96008  
5242.9  0.95561  
5247.1  0.96267  
5251.3  0.96417  
5255.599999999999  0.96176  
5259.8  0.95753  
5264.0  0.94904  
5268.200000000001  0.94829  
5272.4  0.95989  
5276.599999999999  0.96876  
5280.8  0.96598  
5285.0  0.9632  
5289.2  0.96703  
5293.400000000001  0.96843  
5297.6  0.9649  
5301.799999999999  0.96591  
5306.0  0.96441  
5310.2  0.95605  
5314.5  0.95382  
5318.7  0.95692  
5322.9  0.95985  
5327.1  0.96074  
5331.3  0.96346  
5335.5  0.96826  
5339.700000000001  0.96854  
5343.9  0.96646  
5348.200000000001  0.96517  
5352.4  0.96226  
5356.599999999999  0.9641  
5360.8  0.97263  
5365.0  0.97436  
5369.2  0.97074  
5373.400000000001  0.96627  
5377.7  0.96185  
5381.900000000001  0.96789  
5386.1  0.97175  
5390.299999999999  0.96626  
5394.5  0.96324  
5398.8  0.9664  
5403.0  0.96736  
5407.200000000001  0.95776  
5411.4  0.95242  
5415.599999999999  0.95087  
5419.9  0.94133  
5424.099999999999  0.92954  
5428.3  0.91116  
5432.5  0.8819  
5436.7  0.84413  
5441.0  0.79926  
5445.2  0.7495  
5449.400000000001  0.69474  
5453.6  0.63651  
5457.9  0.57598  
5462.1  0.51409  
5466.3  0.45302  
5470.5  0.39081  
5474.8  0.3309  
5479.0  0.27957  
5483.200000000001  0.23938  
5487.4  0.20579  
5491.7  0.17284  
5495.900000000001  0.14134  
5500.1  0.11486  
5504.400000000001  0.09398  
5508.6  0.07854  
5512.799999999999  0.06583  
5517.1  0.05113  
5521.3  0.03822  
5525.5  0.03101  
5529.700000000001  0.02646  
5534.0  0.02259  
5538.200000000001  0.01953  
5542.4  0.01688  
5546.7  0.01493  
5550.900000000001  0.01472  
5555.1  0.01413  
5559.400000000001  0.01183  
5563.6  0.01039  
5567.9  0.01065  
5572.1  0.01042  
5576.3  0.00901  
5580.599999999999  0.00777  
5584.8  0.00758  
5589.0  0.00895  
5593.3  0.0104  
5597.5  0.00943  
5601.799999999999  0.0076  
5606.0  0.00708  
5610.2  0.00716  
5614.5  0.00679  
5618.7  0.00635  
5623.0  0.00628  
5627.200000000001  0.00646  
5631.4  0.00643  
5635.700000000001  0.00594  
5639.9  0.00549  
5644.2  0.00579  
5648.400000000001  0.00642  
5652.7  0.00657  
5656.900000000001  0.00587  
5661.1  0.00536  
5665.4  0.00621  
5669.6  0.0064  
5673.9  0.00473  
5678.099999999999  0.00348  
5682.4  0.00352  
5686.599999999999  0.00394  
5690.900000000001  0.00352  
5695.1  0.00245  
5699.400000000001  0.00185  
5703.6  0.00172  
5707.9  0.00181  
5712.1  0.00188  
5716.4  0.00186  
5720.599999999999  0.00181  
5724.9  0.00188  
5729.099999999999  0.0021  
5733.400000000001  0.00203  
5737.6  0.00141  
5741.900000000001  0.00118  
5746.1  0.0013  

