@MEASUREMENT_RADIUS 15.0 cm
#lambda:
#tr:
#end
3803.5  0.00831  
3807.6  0.00674  
3811.6000000000004  0.00492  
3815.7  0.00477  
3819.7000000000003  0.00567  
3823.8  0.0062  
3827.7999999999997  0.00536  
3831.8  0.00452  
3835.8999999999996  0.00526  
3839.9  0.00632  
3844.0  0.00656  
3848.0  0.00634  
3852.1  0.00586  
3856.1000000000004  0.00531  
3860.2  0.00518  
3864.2000000000003  0.0051  
3868.2999999999997  0.00522  
3872.3  0.0056  
3876.3999999999996  0.00566  
3880.4  0.00562  
3884.5  0.00573  
3888.5  0.00588  
3892.6  0.00596  
3896.6000000000004  0.00629  
3900.7  0.00663  
3904.8  0.00642  
3908.8  0.00631  
3912.9  0.00676  
3916.9  0.00703  
3921.0  0.00735  
3925.0  0.00786  
3929.1000000000004  0.00793  
3933.1  0.00874  
3937.2000000000003  0.01137  
3941.3  0.01586  
3945.2999999999997  0.02189  
3949.4  0.02936  
3953.3999999999996  0.03892  
3957.5  0.05083  
3961.6000000000004  0.06584  
3965.6  0.08471  
3969.7000000000003  0.10862  
3973.8  0.14056  
3977.7999999999997  0.18404  
3981.9  0.24088  
3985.8999999999996  0.31228  
3990.0  0.39904  
3994.1000000000004  0.49985  
3998.1  0.60919  
4002.2000000000003  0.71718  
4006.3  0.81046  
4010.2999999999997  0.87957  
4014.4  0.9269  
4018.5  0.95329  
4022.5  0.95863  
4026.6000000000004  0.95568  
4030.7  0.95869  
4034.7000000000003  0.96568  
4038.8  0.96701  
4042.9  0.96432  
4047.0  0.96492  
4051.0  0.96638  
4055.1  0.9673  
4059.2000000000003  0.96762  
4063.2999999999997  0.96518  
4067.3  0.9626  
4071.3999999999996  0.96339  
4075.5  0.96533  
4079.5  0.96603  
4083.6000000000004  0.96801  
4087.7  0.97054  
4091.8  0.97332  
4095.8999999999996  0.97571  
4099.9  0.97623  
4104.0  0.97543  
4108.1  0.97369  
4112.200000000001  0.97208  
4116.2  0.97095  
4120.299999999999  0.9718  
4124.4  0.97434  
4128.5  0.97062  
4132.6  0.9638  
4136.7  0.96464  
4140.7  0.96985  
4144.8  0.97064  
4148.9  0.96798  
4153.0  0.96817  
4157.099999999999  0.96952  
4161.2  0.9693  
4165.2  0.96942  
4169.3  0.96863  
4173.4  0.96749  
4177.5  0.96864  
4181.6  0.97289  
4185.7  0.9743  
4189.8  0.96922  
4193.8  0.96828  
4197.900000000001  0.97278  
4202.0  0.97061  
4206.1  0.96504  
4210.2  0.96658  
4214.3  0.96971  
4218.4  0.96788  
4222.5  0.96579  
4226.6  0.96792  
4230.7  0.97228  
4234.8  0.97536  
4238.8  0.97648  
4242.900000000001  0.97406  
4247.0  0.97139  
4251.1  0.9731  
4255.2  0.97499  
4259.3  0.97294  
4263.4  0.97023  
4267.5  0.97186  
4271.6  0.97213  
4275.7  0.96776  
4279.8  0.96678  
4283.9  0.96834  
4288.0  0.96676  
4292.099999999999  0.96469  
4296.2  0.96524  
4300.299999999999  0.96774  
4304.4  0.97116  
4308.5  0.9726  
4312.6  0.97298  
4316.7  0.97433  
4320.8  0.97654  
4324.9  0.9765  
4329.0  0.97479  
4333.1  0.97647  
4337.200000000001  0.97693  
4341.3  0.97601  
4345.400000000001  0.97638  
4349.5  0.97621  
4353.7  0.97555  
4357.799999999999  0.97529  
4361.9  0.97325  
4366.0  0.97117  
4370.1  0.97168  
4374.2  0.97339  
4378.3  0.97443  
4382.4  0.97194  
4386.5  0.96985  
4390.6  0.97472  
4394.700000000001  0.97928  
4398.9  0.97675  
4403.0  0.97504  
4407.099999999999  0.97655  
4411.2  0.97439  
4415.299999999999  0.97375  
4419.4  0.97618  
4423.5  0.97616  
4427.7  0.97363  
4431.8  0.97377  
4435.9  0.9767  
4440.0  0.97737  
4444.1  0.97678  
4448.2  0.97683  
4452.4  0.97796  
4456.5  0.97961  
4460.6  0.97934  
4464.700000000001  0.97781  
4468.8  0.9768  
4472.900000000001  0.97682  
4477.099999999999  0.97817  
4481.2  0.9774  
4485.299999999999  0.97571  
4489.4  0.97499  
4493.6  0.97446  
4497.7  0.97746  
4501.8  0.98075  
4505.9  0.97793  
4510.1  0.97383  
4514.2  0.97318  
4518.3  0.97254  
4522.4  0.97459  
4526.6  0.97902  
4530.7  0.97755  
4534.8  0.97249  
4538.9  0.972  
4543.1  0.97621  
4547.200000000001  0.97783  
4551.3  0.97683  
4555.400000000001  0.97739  
4559.599999999999  0.97731  
4563.7  0.97619  
4567.799999999999  0.97454  
4572.0  0.97683  
4576.1  0.97825  
4580.2  0.97547  
4584.4  0.97716  
4588.5  0.97946  
4592.6  0.97711  
4596.8  0.97378  
4600.9  0.97508  
4605.0  0.98021  
4609.2  0.98128  
4613.3  0.97695  
4617.4  0.97657  
4621.6  0.97928  
4625.7  0.97654  
4629.9  0.97475  
4634.0  0.97586  
4638.1  0.97581  
4642.3  0.97564  
4646.4  0.97419  
4650.5  0.97351  
4654.700000000001  0.97468  
4658.8  0.97429  
4663.0  0.97258  
4667.099999999999  0.97064  
4671.3  0.97042  
4675.400000000001  0.97614  
4679.5  0.97962  
4683.7  0.97805  
4687.799999999999  0.97867  
4692.0  0.97821  
4696.1  0.97231  
4700.299999999999  0.96898  
4704.4  0.97308  
4708.5  0.97707  
4712.7  0.97718  
4716.8  0.97367  
4721.0  0.96758  
4725.1  0.96578  
4729.3  0.9719  
4733.4  0.97635  
4737.6  0.97312  
4741.7  0.96636  
4745.9  0.96047  
4750.0  0.96442  
4754.2  0.97323  
4758.3  0.97369  
4762.5  0.96933  
4766.6  0.96586  
4770.8  0.96551  
4774.9  0.96475  
4779.1  0.96669  
4783.3  0.97135  
4787.4  0.97166  
4791.6  0.97037  
4795.7  0.97223  
4799.9  0.97593  
4804.0  0.97595  
4808.2  0.97206  
4812.3  0.96942  
4816.5  0.96839  
4820.7  0.96843  
4824.8  0.96987  
4829.0  0.97054  
4833.1  0.96958  
4837.3  0.96808  
4841.5  0.96713  
4845.6  0.96838  
4849.8  0.97152  
4853.9  0.97108  
4858.1  0.97428  
4862.3  0.97769  
4866.4  0.97893  
4870.6  0.97994  
4874.8  0.98045  
4878.9  0.97239  
4883.1  0.96836  
4887.3  0.96946  
4891.4  0.97111  
4895.6  0.97534  
4899.8  0.97544  
4903.9  0.97157  
4908.1  0.97158  
4912.3  0.96988  
4916.4  0.96403  
4920.6  0.96491  
4924.8  0.97123  
4928.9  0.97253  
4933.1  0.96404  
4937.3  0.95983  
4941.5  0.96354  
4945.6  0.96533  
4949.8  0.96612  
4954.0  0.96597  
4958.1  0.96458  
4962.3  0.96299  
4966.5  0.9621  
4970.7  0.96543  
4974.8  0.9695  
4979.0  0.96803  
4983.2  0.96382  
4987.4  0.96554  
4991.5  0.97137  
4995.7  0.9735  
4999.9  0.97022  
5004.1  0.96678  
5008.3  0.96931  
5012.4  0.97478  
5016.6  0.97678  
5020.8  0.97179  
5025.0  0.96684  
5029.1  0.96981  
5033.3  0.97292  
5037.5  0.96959  
5041.7  0.96661  
5045.9  0.96807  
5050.1  0.96531  
5054.2  0.9567  
5058.4  0.95554  
5062.6  0.96206  
5066.8  0.96447  
5071.0  0.96165  
5075.2  0.96642  
5079.4  0.97423  
5083.5  0.97114  
5087.7  0.969  
5091.9  0.96862  
5096.1  0.96513  
5100.299999999999  0.96414  
5104.5  0.96804  
5108.7  0.97107  
5112.900000000001  0.96894  
5117.0  0.96761  
5121.2  0.96596  
5125.4  0.96294  
5129.6  0.96311  
5133.8  0.96762  
5138.0  0.96812  
5142.200000000001  0.96093  
5146.4  0.96009  
5150.599999999999  0.96079  
5154.8  0.95414  
5159.0  0.96021  
5163.200000000001  0.96786  
5167.4  0.95938  
5171.599999999999  0.95262  
5175.700000000001  0.95939  
5179.9  0.97008  
5184.099999999999  0.96574  
5188.3  0.95742  
5192.5  0.95989  
5196.7  0.9604  
5200.900000000001  0.95524  
5205.1  0.95446  
5209.299999999999  0.9626  
5213.5  0.96158  
5217.7  0.95062  
5221.900000000001  0.95012  
5226.1  0.96198  
5230.299999999999  0.9715  
5234.5  0.96878  
5238.7  0.9595  
5242.9  0.95683  
5247.1  0.96205  
5251.3  0.96332  
5255.599999999999  0.9643  
5259.8  0.96081  
5264.0  0.94943  
5268.200000000001  0.94732  
5272.4  0.95962  
5276.599999999999  0.97035  
5280.8  0.96864  
5285.0  0.96405  
5289.2  0.96579  
5293.400000000001  0.96852  
5297.6  0.96653  
5301.799999999999  0.96616  
5306.0  0.96435  
5310.2  0.95846  
5314.5  0.95608  
5318.7  0.95628  
5322.9  0.95924  
5327.1  0.96286  
5331.3  0.96573  
5335.5  0.9688  
5339.700000000001  0.96868  
5343.9  0.96718  
5348.200000000001  0.96549  
5352.4  0.96074  
5356.599999999999  0.96115  
5360.8  0.97014  
5365.0  0.97414  
5369.2  0.9723  
5373.400000000001  0.9681  
5377.7  0.96388  
5381.900000000001  0.96947  
5386.1  0.97124  
5390.299999999999  0.96439  
5394.5  0.96299  
5398.8  0.96736  
5403.0  0.96684  
5407.200000000001  0.95566  
5411.4  0.94943  
5415.599999999999  0.94798  
5419.9  0.94052  
5424.099999999999  0.93093  
5428.3  0.91285  
5432.5  0.88215  
5436.7  0.84242  
5441.0  0.79713  
5445.2  0.74846  
5449.400000000001  0.69316  
5453.6  0.63272  
5457.9  0.57099  
5462.1  0.51071  
5466.3  0.45059  
5470.5  0.38599  
5474.8  0.32366  
5479.0  0.27274  
5483.200000000001  0.23365  
5487.4  0.20093  
5491.7  0.16952  
5495.900000000001  0.14025  
5500.1  0.11463  
5504.400000000001  0.09287  
5508.6  0.07686  
5512.799999999999  0.06355  
5517.1  0.04903  
5521.3  0.03738  
5525.5  0.03102  
5529.700000000001  0.02641  
5534.0  0.02242  
5538.200000000001  0.01927  
5542.4  0.01655  
5546.7  0.01506  
5550.900000000001  0.01533  
5555.1  0.01453  
5559.400000000001  0.01219  
5563.6  0.01061  
5567.9  0.01083  
5572.1  0.01147  
5576.3  0.01106  
5580.599999999999  0.00977  
5584.8  0.00819  
5589.0  0.00794  
5593.3  0.00938  
5597.5  0.00941  
5601.799999999999  0.00731  
5606.0  0.00623  
5610.2  0.00648  
5614.5  0.00717  
5618.7  0.00734  
5623.0  0.00629  
5627.200000000001  0.00553  
5631.4  0.00584  
5635.700000000001  0.00649  
5639.9  0.00703  
5644.2  0.0071  
5648.400000000001  0.00582  
5652.7  0.00476  
5656.900000000001  0.00551  
5661.1  0.00639  
5665.4  0.00621  
5669.6  0.0052  
5673.9  0.00452  
5678.099999999999  0.0045  
5682.4  0.00437  
5686.599999999999  0.00391  
5690.900000000001  0.00313  
5695.1  0.00237  
5699.400000000001  0.00185  
5703.6  0.00173  
5707.9  0.00198  
5712.1  0.00186  
5716.4  0.00138  
5720.599999999999  0.00134  
5724.9  0.00166  
5729.099999999999  0.00205  
5733.400000000001  0.00222  
5737.6  0.00168  
5741.900000000001  0.00131  
5746.1  0.00145  

