@MEASUREMENT_RADIUS 16.0 cm
#lambda:
#tr:
#end
3803.5  0.00689  
3807.6  0.00582  
3811.6000000000004  0.00507  
3815.7  0.00544  
3819.7000000000003  0.00614  
3823.8  0.00575  
3827.7999999999997  0.00506  
3831.8  0.00536  
3835.8999999999996  0.00595  
3839.9  0.00547  
3844.0  0.00455  
3848.0  0.00486  
3852.1  0.00571  
3856.1000000000004  0.00599  
3860.2  0.00619  
3864.2000000000003  0.00639  
3868.2999999999997  0.0063  
3872.3  0.00589  
3876.3999999999996  0.00564  
3880.4  0.00552  
3884.5  0.00516  
3888.5  0.00517  
3892.6  0.00555  
3896.6000000000004  0.0062  
3900.7  0.00673  
3904.8  0.00674  
3908.8  0.00676  
3912.9  0.00663  
3916.9  0.00639  
3921.0  0.00702  
3925.0  0.00809  
3929.1000000000004  0.0083  
3933.1  0.00872  
3937.2000000000003  0.01126  
3941.3  0.01593  
3945.2999999999997  0.02182  
3949.4  0.0291  
3953.3999999999996  0.03868  
3957.5  0.05035  
3961.6000000000004  0.06525  
3965.6  0.08508  
3969.7000000000003  0.1099  
3973.8  0.14146  
3977.7999999999997  0.18441  
3981.9  0.24224  
3985.8999999999996  0.31576  
3990.0  0.40347  
3994.1000000000004  0.5035  
3998.1  0.61249  
4002.2000000000003  0.72064  
4006.3  0.81316  
4010.2999999999997  0.88091  
4014.4  0.92712  
4018.5  0.95359  
4022.5  0.95963  
4026.6000000000004  0.95673  
4030.7  0.95905  
4034.7000000000003  0.96499  
4038.8  0.96605  
4042.9  0.96402  
4047.0  0.96488  
4051.0  0.96562  
4055.1  0.96618  
4059.2000000000003  0.96707  
4063.2999999999997  0.96553  
4067.3  0.96435  
4071.3999999999996  0.96554  
4075.5  0.96597  
4079.5  0.96464  
4083.6000000000004  0.96615  
4087.7  0.97005  
4091.8  0.97356  
4095.8999999999996  0.9758  
4099.9  0.97707  
4104.0  0.97719  
4108.1  0.97516  
4112.200000000001  0.97266  
4116.2  0.97125  
4120.299999999999  0.9726  
4124.4  0.97479  
4128.5  0.97042  
4132.6  0.96332  
4136.7  0.96356  
4140.7  0.96844  
4144.8  0.96972  
4148.9  0.9681  
4153.0  0.96909  
4157.099999999999  0.97028  
4161.2  0.96911  
4165.2  0.96852  
4169.3  0.96777  
4173.4  0.96744  
4177.5  0.96924  
4181.6  0.97318  
4185.7  0.97387  
4189.8  0.96874  
4193.8  0.96857  
4197.900000000001  0.97384  
4202.0  0.97202  
4206.1  0.96619  
4210.2  0.96735  
4214.3  0.97012  
4218.4  0.96726  
4222.5  0.96497  
4226.6  0.96828  
4230.7  0.97329  
4234.8  0.97546  
4238.8  0.97604  
4242.900000000001  0.97448  
4247.0  0.97237  
4251.1  0.97333  
4255.2  0.97454  
4259.3  0.97345  
4263.4  0.97177  
4267.5  0.97237  
4271.6  0.97138  
4275.7  0.9674  
4279.8  0.96734  
4283.9  0.96953  
4288.0  0.96821  
4292.099999999999  0.96583  
4296.2  0.96578  
4300.299999999999  0.96753  
4304.4  0.97054  
4308.5  0.97178  
4312.6  0.97181  
4316.7  0.97344  
4320.8  0.97639  
4324.9  0.97568  
4329.0  0.9738  
4333.1  0.97703  
4337.200000000001  0.97765  
4341.3  0.97573  
4345.400000000001  0.97605  
4349.5  0.97704  
4353.7  0.97694  
4357.799999999999  0.97491  
4361.9  0.97144  
4366.0  0.97056  
4370.1  0.97247  
4374.2  0.97345  
4378.3  0.97313  
4382.4  0.97088  
4386.5  0.96923  
4390.6  0.97334  
4394.700000000001  0.97796  
4398.9  0.97663  
4403.0  0.97567  
4407.099999999999  0.97764  
4411.2  0.97582  
4415.299999999999  0.97419  
4419.4  0.97555  
4423.5  0.97602  
4427.7  0.97505  
4431.8  0.97493  
4435.9  0.97634  
4440.0  0.97733  
4444.1  0.97802  
4448.2  0.97766  
4452.4  0.97747  
4456.5  0.97927  
4460.6  0.97962  
4464.700000000001  0.97697  
4468.8  0.97583  
4472.900000000001  0.97755  
4477.099999999999  0.97993  
4481.2  0.97852  
4485.299999999999  0.97501  
4489.4  0.97354  
4493.6  0.97412  
4497.7  0.97816  
4501.8  0.98152  
4505.9  0.97873  
4510.1  0.97501  
4514.2  0.9739  
4518.3  0.97174  
4522.4  0.9735  
4526.6  0.97882  
4530.7  0.97835  
4534.8  0.97365  
4538.9  0.97244  
4543.1  0.97598  
4547.200000000001  0.97726  
4551.3  0.97635  
4555.400000000001  0.97784  
4559.599999999999  0.97789  
4563.7  0.97594  
4567.799999999999  0.97424  
4572.0  0.97695  
4576.1  0.97845  
4580.2  0.97608  
4584.4  0.9785  
4588.5  0.98077  
4592.6  0.97762  
4596.8  0.97394  
4600.9  0.9751  
4605.0  0.97942  
4609.2  0.97997  
4613.3  0.9766  
4617.4  0.97723  
4621.6  0.97965  
4625.7  0.97668  
4629.9  0.97469  
4634.0  0.97464  
4638.1  0.97347  
4642.3  0.97407  
4646.4  0.97486  
4650.5  0.97524  
4654.700000000001  0.97552  
4658.8  0.974  
4663.0  0.97208  
4667.099999999999  0.97014  
4671.3  0.96972  
4675.400000000001  0.97574  
4679.5  0.98057  
4683.7  0.97944  
4687.799999999999  0.97891  
4692.0  0.97737  
4696.1  0.97275  
4700.299999999999  0.97096  
4704.4  0.97368  
4708.5  0.97642  
4712.7  0.97753  
4716.8  0.97434  
4721.0  0.96741  
4725.1  0.96591  
4729.3  0.97242  
4733.4  0.97669  
4737.6  0.97303  
4741.7  0.96557  
4745.9  0.95971  
4750.0  0.96476  
4754.2  0.97368  
4758.3  0.97294  
4762.5  0.96774  
4766.6  0.96467  
4770.8  0.96566  
4774.9  0.96568  
4779.1  0.96758  
4783.3  0.97225  
4787.4  0.97241  
4791.6  0.97045  
4795.7  0.97101  
4799.9  0.97434  
4804.0  0.97586  
4808.2  0.97345  
4812.3  0.97093  
4816.5  0.96937  
4820.7  0.96899  
4824.8  0.96993  
4829.0  0.97027  
4833.1  0.9693  
4837.3  0.96846  
4841.5  0.9684  
4845.6  0.9699  
4849.8  0.97275  
4853.9  0.97202  
4858.1  0.97483  
4862.3  0.97787  
4866.4  0.97891  
4870.6  0.97982  
4874.8  0.98056  
4878.9  0.97196  
4883.1  0.96729  
4887.3  0.9701  
4891.4  0.97291  
4895.6  0.97539  
4899.8  0.97442  
4903.9  0.97147  
4908.1  0.97126  
4912.3  0.96869  
4916.4  0.964  
4920.6  0.96628  
4924.8  0.9723  
4928.9  0.97198  
4933.1  0.9626  
4937.3  0.9592  
4941.5  0.96352  
4945.6  0.96454  
4949.8  0.96548  
4954.0  0.96677  
4958.1  0.96629  
4962.3  0.96375  
4966.5  0.96129  
4970.7  0.96452  
4974.8  0.96985  
4979.0  0.9684  
4983.2  0.96236  
4987.4  0.96361  
4991.5  0.97015  
4995.7  0.97324  
4999.9  0.97045  
5004.1  0.96659  
5008.3  0.96907  
5012.4  0.97528  
5016.6  0.97724  
5020.8  0.97044  
5025.0  0.96429  
5029.1  0.96864  
5033.3  0.97316  
5037.5  0.96954  
5041.7  0.96567  
5045.9  0.96744  
5050.1  0.9664  
5054.2  0.95969  
5058.4  0.95856  
5062.6  0.96359  
5066.8  0.96536  
5071.0  0.9619  
5075.2  0.96529  
5079.4  0.97326  
5083.5  0.97143  
5087.7  0.96917  
5091.9  0.96801  
5096.1  0.96435  
5100.299999999999  0.96368  
5104.5  0.96866  
5108.7  0.97225  
5112.900000000001  0.96874  
5117.0  0.96717  
5121.2  0.96756  
5125.4  0.96412  
5129.6  0.96223  
5133.8  0.96714  
5138.0  0.97015  
5142.200000000001  0.9632  
5146.4  0.95942  
5150.599999999999  0.96052  
5154.8  0.95647  
5159.0  0.96123  
5163.200000000001  0.96834  
5167.4  0.96128  
5171.599999999999  0.95318  
5175.700000000001  0.95806  
5179.9  0.96922  
5184.099999999999  0.96526  
5188.3  0.95603  
5192.5  0.95903  
5196.7  0.96145  
5200.900000000001  0.95643  
5205.1  0.95315  
5209.299999999999  0.9594  
5213.5  0.95938  
5217.7  0.95018  
5221.900000000001  0.95139  
5226.1  0.96465  
5230.299999999999  0.97448  
5234.5  0.97113  
5238.7  0.96016  
5242.9  0.95652  
5247.1  0.96141  
5251.3  0.96092  
5255.599999999999  0.96082  
5259.8  0.95906  
5264.0  0.94952  
5268.200000000001  0.94706  
5272.4  0.95841  
5276.599999999999  0.96845  
5280.8  0.96682  
5285.0  0.9639  
5289.2  0.96847  
5293.400000000001  0.97132  
5297.6  0.96704  
5301.799999999999  0.96557  
5306.0  0.96313  
5310.2  0.95556  
5314.5  0.95328  
5318.7  0.95628  
5322.9  0.96065  
5327.1  0.96313  
5331.3  0.96542  
5335.5  0.96844  
5339.700000000001  0.96807  
5343.9  0.96721  
5348.200000000001  0.96621  
5352.4  0.96131  
5356.599999999999  0.96226  
5360.8  0.97182  
5365.0  0.97411  
5369.2  0.97052  
5373.400000000001  0.96649  
5377.7  0.96277  
5381.900000000001  0.96885  
5386.1  0.97238  
5390.299999999999  0.96658  
5394.5  0.96381  
5398.8  0.96623  
5403.0  0.96588  
5407.200000000001  0.95695  
5411.4  0.95214  
5415.599999999999  0.94924  
5419.9  0.93942  
5424.099999999999  0.92902  
5428.3  0.91172  
5432.5  0.88236  
5436.7  0.84397  
5441.0  0.79709  
5445.2  0.74447  
5449.400000000001  0.68836  
5453.6  0.62948  
5457.9  0.56791  
5462.1  0.50547  
5466.3  0.44505  
5470.5  0.38244  
5474.8  0.32031  
5479.0  0.26872  
5483.200000000001  0.23009  
5487.4  0.19784  
5491.7  0.16568  
5495.900000000001  0.13553  
5500.1  0.11031  
5504.400000000001  0.09046  
5508.6  0.07556  
5512.799999999999  0.06275  
5517.1  0.04916  
5521.3  0.03766  
5525.5  0.03104  
5529.700000000001  0.02667  
5534.0  0.02231  
5538.200000000001  0.01907  
5542.4  0.01733  
5546.7  0.01568  
5550.900000000001  0.01436  
5555.1  0.01352  
5559.400000000001  0.01244  
5563.6  0.01198  
5567.9  0.01205  
5572.1  0.01127  
5576.3  0.00975  
5580.599999999999  0.00906  
5584.8  0.00884  
5589.0  0.0089  
5593.3  0.01035  
5597.5  0.01082  
5601.799999999999  0.00901  
5606.0  0.00676  
5610.2  0.00565  
5614.5  0.00556  
5618.7  0.00599  
5623.0  0.00576  
5627.200000000001  0.00628  
5631.4  0.00769  
5635.700000000001  0.00779  
5639.9  0.00584  
5644.2  0.00438  
5648.400000000001  0.00466  
5652.7  0.00598  
5656.900000000001  0.00728  
5661.1  0.00715  
5665.4  0.00628  
5669.6  0.00588  
5673.9  0.00501  
5678.099999999999  0.00399  
5682.4  0.00355  
5686.599999999999  0.00379  
5690.900000000001  0.00366  
5695.1  0.00269  
5699.400000000001  0.00191  
5703.6  0.0019  
5707.9  0.00229  
5712.1  0.00199  
5716.4  0.00164  
5720.599999999999  0.00204  
5724.9  0.00228  
5729.099999999999  0.00208  
5733.400000000001  0.00193  
5737.6  0.00163  
5741.900000000001  0.00138  
5746.1  0.00138  

