@MEASUREMENT_RADIUS 17.0 cm
#lambda:
#tr:
#end
3803.5  0.00558  
3807.6  0.00608  
3811.6000000000004  0.00606  
3815.7  0.00666  
3819.7000000000003  0.00712  
3823.8  0.00646  
3827.7999999999997  0.00546  
3831.8  0.0057  
3835.8999999999996  0.00658  
3839.9  0.006  
3844.0  0.00506  
3848.0  0.00565  
3852.1  0.00625  
3856.1000000000004  0.00599  
3860.2  0.00591  
3864.2000000000003  0.00595  
3868.2999999999997  0.00588  
3872.3  0.00573  
3876.3999999999996  0.00558  
3880.4  0.00605  
3884.5  0.0066  
3888.5  0.00664  
3892.6  0.00641  
3896.6000000000004  0.00596  
3900.7  0.00545  
3904.8  0.00553  
3908.8  0.00631  
3912.9  0.00697  
3916.9  0.00698  
3921.0  0.00716  
3925.0  0.0079  
3929.1000000000004  0.00813  
3933.1  0.0084  
3937.2000000000003  0.01072  
3941.3  0.01559  
3945.2999999999997  0.02188  
3949.4  0.0293  
3953.3999999999996  0.03878  
3957.5  0.05072  
3961.6000000000004  0.06646  
3965.6  0.0866  
3969.7000000000003  0.11106  
3973.8  0.14336  
3977.7999999999997  0.18839  
3981.9  0.24737  
3985.8999999999996  0.32045  
3990.0  0.40844  
3994.1000000000004  0.50998  
3998.1  0.61943  
4002.2000000000003  0.72654  
4006.3  0.81743  
4010.2999999999997  0.88352  
4014.4  0.92831  
4018.5  0.95335  
4022.5  0.95927  
4026.6000000000004  0.95738  
4030.7  0.95972  
4034.7000000000003  0.96514  
4038.8  0.96567  
4042.9  0.96343  
4047.0  0.96492  
4051.0  0.96642  
4055.1  0.96668  
4059.2000000000003  0.96663  
4063.2999999999997  0.96431  
4067.3  0.96247  
4071.3999999999996  0.96429  
4075.5  0.96628  
4079.5  0.96545  
4083.6000000000004  0.96686  
4087.7  0.97062  
4091.8  0.97364  
4095.8999999999996  0.97556  
4099.9  0.97677  
4104.0  0.97709  
4108.1  0.97501  
4112.200000000001  0.97225  
4116.2  0.97173  
4120.299999999999  0.97415  
4124.4  0.97653  
4128.5  0.97136  
4132.6  0.96274  
4136.7  0.96198  
4140.7  0.96795  
4144.8  0.97118  
4148.9  0.96973  
4153.0  0.96949  
4157.099999999999  0.97009  
4161.2  0.9696  
4165.2  0.9702  
4169.3  0.97019  
4173.4  0.96887  
4177.5  0.96921  
4181.6  0.97322  
4185.7  0.97472  
4189.8  0.96954  
4193.8  0.96858  
4197.900000000001  0.97355  
4202.0  0.97183  
4206.1  0.96549  
4210.2  0.96584  
4214.3  0.96886  
4218.4  0.96738  
4222.5  0.96574  
4226.6  0.96857  
4230.7  0.97292  
4234.8  0.9754  
4238.8  0.97644  
4242.900000000001  0.97453  
4247.0  0.97248  
4251.1  0.97403  
4255.2  0.97507  
4259.3  0.973  
4263.4  0.9713  
4267.5  0.97336  
4271.6  0.9731  
4275.7  0.96829  
4279.8  0.96684  
4283.9  0.96793  
4288.0  0.96646  
4292.099999999999  0.96527  
4296.2  0.96621  
4300.299999999999  0.96789  
4304.4  0.97059  
4308.5  0.97158  
4312.6  0.97158  
4316.7  0.97305  
4320.8  0.97603  
4324.9  0.97648  
4329.0  0.9749  
4333.1  0.97651  
4337.200000000001  0.97639  
4341.3  0.97549  
4345.400000000001  0.97677  
4349.5  0.97714  
4353.7  0.97587  
4357.799999999999  0.97443  
4361.9  0.97222  
4366.0  0.97113  
4370.1  0.97173  
4374.2  0.97237  
4378.3  0.97296  
4382.4  0.97106  
4386.5  0.96959  
4390.6  0.97448  
4394.700000000001  0.97889  
4398.9  0.97632  
4403.0  0.97454  
4407.099999999999  0.97619  
4411.2  0.9753  
4415.299999999999  0.97523  
4419.4  0.97695  
4423.5  0.97697  
4427.7  0.97533  
4431.8  0.97495  
4435.9  0.97631  
4440.0  0.97676  
4444.1  0.97683  
4448.2  0.9766  
4452.4  0.97719  
4456.5  0.98019  
4460.6  0.98106  
4464.700000000001  0.97819  
4468.8  0.97615  
4472.900000000001  0.97662  
4477.099999999999  0.97812  
4481.2  0.97757  
4485.299999999999  0.97619  
4489.4  0.97491  
4493.6  0.97362  
4497.7  0.97657  
4501.8  0.9797  
4505.9  0.97712  
4510.1  0.97469  
4514.2  0.97508  
4518.3  0.97329  
4522.4  0.97352  
4526.6  0.97694  
4530.7  0.97707  
4534.8  0.97426  
4538.9  0.9735  
4543.1  0.97661  
4547.200000000001  0.9782  
4551.3  0.97699  
4555.400000000001  0.97697  
4559.599999999999  0.97634  
4563.7  0.97517  
4567.799999999999  0.97437  
4572.0  0.97693  
4576.1  0.97777  
4580.2  0.97486  
4584.4  0.97708  
4588.5  0.97975  
4592.6  0.97731  
4596.8  0.97421  
4600.9  0.9753  
4605.0  0.97907  
4609.2  0.97941  
4613.3  0.97588  
4617.4  0.9767  
4621.6  0.97966  
4625.7  0.97689  
4629.9  0.97545  
4634.0  0.97597  
4638.1  0.97449  
4642.3  0.97386  
4646.4  0.97309  
4650.5  0.97402  
4654.700000000001  0.976  
4658.8  0.97504  
4663.0  0.9726  
4667.099999999999  0.97046  
4671.3  0.97042  
4675.400000000001  0.97645  
4679.5  0.98094  
4683.7  0.97979  
4687.799999999999  0.97961  
4692.0  0.97796  
4696.1  0.97239  
4700.299999999999  0.97033  
4704.4  0.97381  
4708.5  0.9763  
4712.7  0.97622  
4716.8  0.97335  
4721.0  0.9681  
4725.1  0.9669  
4729.3  0.97246  
4733.4  0.97589  
4737.6  0.97237  
4741.7  0.96596  
4745.9  0.96059  
4750.0  0.9646  
4754.2  0.97291  
4758.3  0.97301  
4762.5  0.9685  
4766.6  0.96462  
4770.8  0.96438  
4774.9  0.96477  
4779.1  0.96759  
4783.3  0.97193  
4787.4  0.97182  
4791.6  0.97017  
4795.7  0.97092  
4799.9  0.97424  
4804.0  0.9766  
4808.2  0.97486  
4812.3  0.97187  
4816.5  0.96947  
4820.7  0.9687  
4824.8  0.96986  
4829.0  0.97111  
4833.1  0.97044  
4837.3  0.96825  
4841.5  0.96701  
4845.6  0.96878  
4849.8  0.97254  
4853.9  0.97178  
4858.1  0.9745  
4862.3  0.97789  
4866.4  0.97916  
4870.6  0.97992  
4874.8  0.97944  
4878.9  0.97061  
4883.1  0.96805  
4887.3  0.97092  
4891.4  0.97295  
4895.6  0.9755  
4899.8  0.97435  
4903.9  0.97126  
4908.1  0.97238  
4912.3  0.97019  
4916.4  0.96282  
4920.6  0.96243  
4924.8  0.96862  
4928.9  0.97141  
4933.1  0.96493  
4937.3  0.96093  
4941.5  0.96277  
4945.6  0.96311  
4949.8  0.96519  
4954.0  0.9673  
4958.1  0.96536  
4962.3  0.96172  
4966.5  0.96169  
4970.7  0.96749  
4974.8  0.97189  
4979.0  0.96752  
4983.2  0.96125  
4987.4  0.96402  
4991.5  0.97076  
4995.7  0.97193  
4999.9  0.96766  
5004.1  0.96594  
5008.3  0.97117  
5012.4  0.97783  
5016.6  0.97883  
5020.8  0.97051  
5025.0  0.96346  
5029.1  0.96874  
5033.3  0.97383  
5037.5  0.96941  
5041.7  0.96548  
5045.9  0.96764  
5050.1  0.96554  
5054.2  0.9574  
5058.4  0.95694  
5062.6  0.96344  
5066.8  0.96546  
5071.0  0.96207  
5075.2  0.96593  
5079.4  0.97366  
5083.5  0.97159  
5087.7  0.97041  
5091.9  0.97046  
5096.1  0.96735  
5100.299999999999  0.9657  
5104.5  0.96787  
5108.7  0.97008  
5112.900000000001  0.96822  
5117.0  0.968  
5121.2  0.96765  
5125.4  0.96359  
5129.6  0.96128  
5133.8  0.96569  
5138.0  0.96876  
5142.200000000001  0.9631  
5146.4  0.96078  
5150.599999999999  0.96074  
5154.8  0.95465  
5159.0  0.96057  
5163.200000000001  0.96852  
5167.4  0.95994  
5171.599999999999  0.95144  
5175.700000000001  0.95756  
5179.9  0.97002  
5184.099999999999  0.96607  
5188.3  0.95615  
5192.5  0.9583  
5196.7  0.95944  
5200.900000000001  0.9542  
5205.1  0.95428  
5209.299999999999  0.96439  
5213.5  0.96298  
5217.7  0.94962  
5221.900000000001  0.94817  
5226.1  0.96111  
5230.299999999999  0.97267  
5234.5  0.97138  
5238.7  0.9601  
5242.9  0.95534  
5247.1  0.96122  
5251.3  0.9621  
5255.599999999999  0.96182  
5259.8  0.96068  
5264.0  0.95189  
5268.200000000001  0.94781  
5272.4  0.9572  
5276.599999999999  0.96771  
5280.8  0.96641  
5285.0  0.96304  
5289.2  0.96731  
5293.400000000001  0.97013  
5297.6  0.96743  
5301.799999999999  0.96809  
5306.0  0.96642  
5310.2  0.95653  
5314.5  0.95099  
5318.7  0.95336  
5322.9  0.9597  
5327.1  0.96429  
5331.3  0.96686  
5335.5  0.96901  
5339.700000000001  0.96761  
5343.9  0.96642  
5348.200000000001  0.96661  
5352.4  0.96304  
5356.599999999999  0.96432  
5360.8  0.97288  
5365.0  0.97397  
5369.2  0.97141  
5373.400000000001  0.96937  
5377.7  0.96444  
5381.900000000001  0.96882  
5386.1  0.97165  
5390.299999999999  0.96577  
5394.5  0.96397  
5398.8  0.9676  
5403.0  0.96665  
5407.200000000001  0.95703  
5411.4  0.95266  
5415.599999999999  0.9496  
5419.9  0.93768  
5424.099999999999  0.92578  
5428.3  0.91025  
5432.5  0.88167  
5436.7  0.84044  
5441.0  0.79259  
5445.2  0.74134  
5449.400000000001  0.68419  
5453.6  0.62219  
5457.9  0.55857  
5462.1  0.49699  
5466.3  0.4376  
5470.5  0.37414  
5474.8  0.31107  
5479.0  0.26011  
5483.200000000001  0.22297  
5487.4  0.1916  
5491.7  0.1601  
5495.900000000001  0.13064  
5500.1  0.10605  
5504.400000000001  0.0868  
5508.6  0.07263  
5512.799999999999  0.0608  
5517.1  0.04783  
5521.3  0.03626  
5525.5  0.02983  
5529.700000000001  0.02583  
5534.0  0.02151  
5538.200000000001  0.01823  
5542.4  0.01683  
5546.7  0.01629  
5550.900000000001  0.01539  
5555.1  0.01332  
5559.400000000001  0.01102  
5563.6  0.01075  
5567.9  0.01188  
5572.1  0.01091  
5576.3  0.00866  
5580.599999999999  0.00793  
5584.8  0.0081  
5589.0  0.00962  
5593.3  0.01198  
5597.5  0.01099  
5601.799999999999  0.00722  
5606.0  0.00531  
5610.2  0.00657  
5614.5  0.00809  
5618.7  0.00718  
5623.0  0.00545  
5627.200000000001  0.00592  
5631.4  0.0067  
5635.700000000001  0.00557  
5639.9  0.0046  
5644.2  0.00497  
5648.400000000001  0.00582  
5652.7  0.00662  
5656.900000000001  0.00694  
5661.1  0.00638  
5665.4  0.0057  
5669.6  0.00466  
5673.9  0.00389  
5678.099999999999  0.00407  
5682.4  0.00424  
5686.599999999999  0.0042  
5690.900000000001  0.00361  
5695.1  0.00241  
5699.400000000001  0.00171  
5703.6  0.00187  
5707.9  0.00232  
5712.1  0.00214  
5716.4  0.00168  
5720.599999999999  0.00167  
5724.9  0.00184  
5729.099999999999  0.00187  
5733.400000000001  0.00185  
5737.6  0.00159  
5741.900000000001  0.0013  
5746.1  0.00137  

