@MEASUREMENT_RADIUS 18.0 cm
#lambda:
#tr:
#end
3803.5  0.00733  
3807.6  0.00686  
3811.6000000000004  0.00556  
3815.7  0.00534  
3819.7000000000003  0.00574  
3823.8  0.00575  
3827.7999999999997  0.00562  
3831.8  0.00598  
3835.8999999999996  0.00634  
3839.9  0.00598  
3844.0  0.00579  
3848.0  0.006  
3852.1  0.00526  
3856.1000000000004  0.0049  
3860.2  0.00595  
3864.2000000000003  0.00639  
3868.2999999999997  0.00577  
3872.3  0.00519  
3876.3999999999996  0.00533  
3880.4  0.00593  
3884.5  0.00597  
3888.5  0.0054  
3892.6  0.00507  
3896.6000000000004  0.00566  
3900.7  0.00636  
3904.8  0.0063  
3908.8  0.00584  
3912.9  0.00554  
3916.9  0.00581  
3921.0  0.00706  
3925.0  0.00835  
3929.1000000000004  0.00855  
3933.1  0.00924  
3937.2000000000003  0.01186  
3941.3  0.01622  
3945.2999999999997  0.02228  
3949.4  0.02983  
3953.3999999999996  0.03931  
3957.5  0.05178  
3961.6000000000004  0.06797  
3965.6  0.08801  
3969.7000000000003  0.11291  
3973.8  0.1464  
3977.7999999999997  0.19254  
3981.9  0.25287  
3985.8999999999996  0.3277  
3990.0  0.41642  
3994.1000000000004  0.51737  
3998.1  0.6265  
4002.2000000000003  0.7332  
4006.3  0.82281  
4010.2999999999997  0.88751  
4014.4  0.93112  
4018.5  0.95548  
4022.5  0.96043  
4026.6000000000004  0.95702  
4030.7  0.95873  
4034.7000000000003  0.96499  
4038.8  0.96655  
4042.9  0.96436  
4047.0  0.96525  
4051.0  0.96639  
4055.1  0.96663  
4059.2000000000003  0.96651  
4063.2999999999997  0.96436  
4067.3  0.96309  
4071.3999999999996  0.96527  
4075.5  0.96684  
4079.5  0.96601  
4083.6000000000004  0.96783  
4087.7  0.97115  
4091.8  0.97406  
4095.8999999999996  0.97648  
4099.9  0.97714  
4104.0  0.97661  
4108.1  0.97473  
4112.200000000001  0.97195  
4116.2  0.9707  
4120.299999999999  0.97278  
4124.4  0.97539  
4128.5  0.97038  
4132.6  0.96221  
4136.7  0.9626  
4140.7  0.96857  
4144.8  0.97032  
4148.9  0.9679  
4153.0  0.96822  
4157.099999999999  0.96949  
4161.2  0.96968  
4165.2  0.97128  
4169.3  0.97103  
4173.4  0.969  
4177.5  0.9693  
4181.6  0.97338  
4185.7  0.97509  
4189.8  0.9697  
4193.8  0.96709  
4197.900000000001  0.9708  
4202.0  0.96998  
4206.1  0.96528  
4210.2  0.96657  
4214.3  0.96958  
4218.4  0.9677  
4222.5  0.96595  
4226.6  0.96904  
4230.7  0.97359  
4234.8  0.97552  
4238.8  0.97602  
4242.900000000001  0.9744  
4247.0  0.97231  
4251.1  0.97374  
4255.2  0.97552  
4259.3  0.97349  
4263.4  0.97035  
4267.5  0.9719  
4271.6  0.9725  
4275.7  0.96753  
4279.8  0.96609  
4283.9  0.96899  
4288.0  0.96887  
4292.099999999999  0.96552  
4296.2  0.964  
4300.299999999999  0.9663  
4304.4  0.97058  
4308.5  0.97259  
4312.6  0.97275  
4316.7  0.97329  
4320.8  0.9752  
4324.9  0.97558  
4329.0  0.97451  
4333.1  0.97689  
4337.200000000001  0.97757  
4341.3  0.97614  
4345.400000000001  0.97579  
4349.5  0.97578  
4353.7  0.97608  
4357.799999999999  0.97546  
4361.9  0.97222  
4366.0  0.97035  
4370.1  0.9715  
4374.2  0.97261  
4378.3  0.97283  
4382.4  0.97099  
4386.5  0.96988  
4390.6  0.97451  
4394.700000000001  0.97853  
4398.9  0.97591  
4403.0  0.97486  
4407.099999999999  0.97823  
4411.2  0.97726  
4415.299999999999  0.97524  
4419.4  0.97573  
4423.5  0.97547  
4427.7  0.97428  
4431.8  0.97482  
4435.9  0.97712  
4440.0  0.9781  
4444.1  0.97795  
4448.2  0.97696  
4452.4  0.97664  
4456.5  0.9791  
4460.6  0.98062  
4464.700000000001  0.97873  
4468.8  0.97663  
4472.900000000001  0.97689  
4477.099999999999  0.97895  
4481.2  0.97768  
4485.299999999999  0.9745  
4489.4  0.97323  
4493.6  0.97288  
4497.7  0.97626  
4501.8  0.97991  
4505.9  0.97745  
4510.1  0.97446  
4514.2  0.97434  
4518.3  0.97257  
4522.4  0.9742  
4526.6  0.97932  
4530.7  0.97889  
4534.8  0.97438  
4538.9  0.973  
4543.1  0.97625  
4547.200000000001  0.97821  
4551.3  0.97709  
4555.400000000001  0.97684  
4559.599999999999  0.97615  
4563.7  0.97494  
4567.799999999999  0.97366  
4572.0  0.97673  
4576.1  0.97871  
4580.2  0.97547  
4584.4  0.97687  
4588.5  0.97932  
4592.6  0.97701  
4596.8  0.97394  
4600.9  0.97466  
4605.0  0.9782  
4609.2  0.97917  
4613.3  0.97681  
4617.4  0.97777  
4621.6  0.97977  
4625.7  0.97622  
4629.9  0.97469  
4634.0  0.9752  
4638.1  0.97399  
4642.3  0.97419  
4646.4  0.97416  
4650.5  0.97446  
4654.700000000001  0.9751  
4658.8  0.97362  
4663.0  0.97146  
4667.099999999999  0.96988  
4671.3  0.97072  
4675.400000000001  0.97718  
4679.5  0.98054  
4683.7  0.97841  
4687.799999999999  0.9783  
4692.0  0.97736  
4696.1  0.97254  
4700.299999999999  0.97027  
4704.4  0.97317  
4708.5  0.97601  
4712.7  0.97727  
4716.8  0.9755  
4721.0  0.96927  
4725.1  0.96602  
4729.3  0.97116  
4733.4  0.9761  
4737.6  0.97364  
4741.7  0.96618  
4745.9  0.95972  
4750.0  0.96502  
4754.2  0.97393  
4758.3  0.97264  
4762.5  0.96696  
4766.6  0.96336  
4770.8  0.96448  
4774.9  0.96535  
4779.1  0.967  
4783.3  0.97092  
4787.4  0.9719  
4791.6  0.97159  
4795.7  0.97262  
4799.9  0.97554  
4804.0  0.97725  
4808.2  0.97483  
4812.3  0.97122  
4816.5  0.96873  
4820.7  0.96843  
4824.8  0.96974  
4829.0  0.97049  
4833.1  0.96988  
4837.3  0.96872  
4841.5  0.96788  
4845.6  0.96854  
4849.8  0.97205  
4853.9  0.97299  
4858.1  0.97542  
4862.3  0.97782  
4866.4  0.97833  
4870.6  0.97867  
4874.8  0.97864  
4878.9  0.97146  
4883.1  0.96943  
4887.3  0.97109  
4891.4  0.97056  
4895.6  0.9723  
4899.8  0.97371  
4903.9  0.97278  
4908.1  0.97303  
4912.3  0.96932  
4916.4  0.96334  
4920.6  0.96565  
4924.8  0.97195  
4928.9  0.97163  
4933.1  0.96235  
4937.3  0.95837  
4941.5  0.96264  
4945.6  0.9649  
4949.8  0.96593  
4954.0  0.96553  
4958.1  0.96361  
4962.3  0.962  
4966.5  0.96188  
4970.7  0.96643  
4974.8  0.97081  
4979.0  0.96823  
4983.2  0.96269  
4987.4  0.96405  
4991.5  0.96957  
4995.7  0.97165  
4999.9  0.96918  
5004.1  0.9673  
5008.3  0.97077  
5012.4  0.97651  
5016.6  0.97855  
5020.8  0.97224  
5025.0  0.96612  
5029.1  0.96989  
5033.3  0.97303  
5037.5  0.96868  
5041.7  0.96558  
5045.9  0.96786  
5050.1  0.96604  
5054.2  0.95716  
5058.4  0.95514  
5062.6  0.9623  
5066.8  0.9659  
5071.0  0.96221  
5075.2  0.96496  
5079.4  0.97268  
5083.5  0.97149  
5087.7  0.97073  
5091.9  0.97003  
5096.1  0.96566  
5100.299999999999  0.96333  
5104.5  0.96607  
5108.7  0.97016  
5112.900000000001  0.96969  
5117.0  0.96945  
5121.2  0.96893  
5125.4  0.96425  
5129.6  0.96145  
5133.8  0.96708  
5138.0  0.97073  
5142.200000000001  0.96301  
5146.4  0.95933  
5150.599999999999  0.96003  
5154.8  0.95548  
5159.0  0.9612  
5163.200000000001  0.96756  
5167.4  0.95878  
5171.599999999999  0.95177  
5175.700000000001  0.95915  
5179.9  0.97055  
5184.099999999999  0.96479  
5188.3  0.95487  
5192.5  0.95778  
5196.7  0.96069  
5200.900000000001  0.9573  
5205.1  0.95505  
5209.299999999999  0.96011  
5213.5  0.95875  
5217.7  0.94991  
5221.900000000001  0.9508  
5226.1  0.9616  
5230.299999999999  0.97023  
5234.5  0.96906  
5238.7  0.95921  
5242.9  0.95382  
5247.1  0.95739  
5251.3  0.95873  
5255.599999999999  0.96328  
5259.8  0.96467  
5264.0  0.95299  
5268.200000000001  0.94626  
5272.4  0.95585  
5276.599999999999  0.96745  
5280.8  0.96759  
5285.0  0.96354  
5289.2  0.96592  
5293.400000000001  0.96902  
5297.6  0.96663  
5301.799999999999  0.96575  
5306.0  0.96293  
5310.2  0.95593  
5314.5  0.95347  
5318.7  0.95515  
5322.9  0.95956  
5327.1  0.96319  
5331.3  0.96567  
5335.5  0.96757  
5339.700000000001  0.96733  
5343.9  0.96841  
5348.200000000001  0.96813  
5352.4  0.96164  
5356.599999999999  0.96126  
5360.8  0.9721  
5365.0  0.97666  
5369.2  0.97229  
5373.400000000001  0.96577  
5377.7  0.96216  
5381.900000000001  0.96984  
5386.1  0.97266  
5390.299999999999  0.96582  
5394.5  0.96423  
5398.8  0.96817  
5403.0  0.9671  
5407.200000000001  0.95614  
5411.4  0.95087  
5415.599999999999  0.94918  
5419.9  0.93858  
5424.099999999999  0.92541  
5428.3  0.90644  
5432.5  0.87611  
5436.7  0.83518  
5441.0  0.78625  
5445.2  0.73363  
5449.400000000001  0.67671  
5453.6  0.61543  
5457.9  0.55066  
5462.1  0.48618  
5466.3  0.42465  
5470.5  0.36229  
5474.8  0.30252  
5479.0  0.25282  
5483.200000000001  0.21521  
5487.4  0.18447  
5491.7  0.15447  
5495.900000000001  0.1262  
5500.1  0.10298  
5504.400000000001  0.08498  
5508.6  0.07196  
5512.799999999999  0.06095  
5517.1  0.04719  
5521.3  0.03455  
5525.5  0.02838  
5529.700000000001  0.02558  
5534.0  0.02239  
5538.200000000001  0.01871  
5542.4  0.0162  
5546.7  0.01521  
5550.900000000001  0.01479  
5555.1  0.0128  
5559.400000000001  0.01074  
5563.6  0.01053  
5567.9  0.01075  
5572.1  0.00981  
5576.3  0.00888  
5580.599999999999  0.00842  
5584.8  0.00835  
5589.0  0.00997  
5593.3  0.01257  
5597.5  0.01176  
5601.799999999999  0.00832  
5606.0  0.00622  
5610.2  0.00642  
5614.5  0.00688  
5618.7  0.00619  
5623.0  0.00601  
5627.200000000001  0.00749  
5631.4  0.00846  
5635.700000000001  0.00775  
5639.9  0.00647  
5644.2  0.00583  
5648.400000000001  0.00605  
5652.7  0.00588  
5656.900000000001  0.00508  
5661.1  0.00495  
5665.4  0.00608  
5669.6  0.00657  
5673.9  0.00545  
5678.099999999999  0.0047  
5682.4  0.00465  
5686.599999999999  0.00424  
5690.900000000001  0.00323  
5695.1  0.00223  
5699.400000000001  0.0018  
5703.6  0.00192  
5707.9  0.00216  
5712.1  0.00196  
5716.4  0.00152  
5720.599999999999  0.0015  
5724.9  0.00196  
5729.099999999999  0.00243  
5733.400000000001  0.00213  
5737.6  0.00149  
5741.900000000001  0.00143  
5746.1  0.00166  

