@MEASUREMENT_RADIUS 19.0 cm
#lambda:
#tr:
#end
3803.5  0.00684  
3807.6  0.00579  
3811.6000000000004  0.00505  
3815.7  0.00599  
3819.7000000000003  0.00674  
3823.8  0.00601  
3827.7999999999997  0.00468  
3831.8  0.0047  
3835.8999999999996  0.00588  
3839.9  0.00586  
3844.0  0.005  
3848.0  0.00509  
3852.1  0.00561  
3856.1000000000004  0.0058  
3860.2  0.00647  
3864.2000000000003  0.00713  
3868.2999999999997  0.00652  
3872.3  0.00569  
3876.3999999999996  0.00571  
3880.4  0.00612  
3884.5  0.00615  
3888.5  0.00593  
3892.6  0.00613  
3896.6000000000004  0.00649  
3900.7  0.00642  
3904.8  0.00612  
3908.8  0.00631  
3912.9  0.00648  
3916.9  0.00658  
3921.0  0.00742  
3925.0  0.00858  
3929.1000000000004  0.00877  
3933.1  0.00936  
3937.2000000000003  0.01196  
3941.3  0.01651  
3945.2999999999997  0.02266  
3949.4  0.03057  
3953.3999999999996  0.04066  
3957.5  0.05292  
3961.6000000000004  0.06888  
3965.6  0.09009  
3969.7000000000003  0.11674  
3973.8  0.15102  
3977.7999999999997  0.19748  
3981.9  0.25882  
3985.8999999999996  0.33562  
3990.0  0.42707  
3994.1000000000004  0.52988  
3998.1  0.63804  
4002.2000000000003  0.74215  
4006.3  0.82937  
4010.2999999999997  0.8918  
4014.4  0.93292  
4018.5  0.95519  
4022.5  0.95967  
4026.6000000000004  0.95697  
4030.7  0.95884  
4034.7000000000003  0.96449  
4038.8  0.96654  
4042.9  0.96519  
4047.0  0.96563  
4051.0  0.96653  
4055.1  0.96731  
4059.2000000000003  0.96718  
4063.2999999999997  0.96399  
4067.3  0.96207  
4071.3999999999996  0.96486  
4075.5  0.96763  
4079.5  0.96701  
4083.6000000000004  0.96768  
4087.7  0.97017  
4091.8  0.97278  
4095.8999999999996  0.97494  
4099.9  0.97658  
4104.0  0.97747  
4108.1  0.97574  
4112.200000000001  0.97289  
4116.2  0.97106  
4120.299999999999  0.97184  
4124.4  0.97449  
4128.5  0.97127  
4132.6  0.96424  
4136.7  0.96434  
4140.7  0.96929  
4144.8  0.97007  
4148.9  0.9673  
4153.0  0.968  
4157.099999999999  0.96949  
4161.2  0.96879  
4165.2  0.96915  
4169.3  0.96917  
4173.4  0.96829  
4177.5  0.9693  
4181.6  0.97354  
4185.7  0.97537  
4189.8  0.97089  
4193.8  0.96922  
4197.900000000001  0.97187  
4202.0  0.96925  
4206.1  0.96491  
4210.2  0.96814  
4214.3  0.97224  
4218.4  0.96892  
4222.5  0.96456  
4226.6  0.96682  
4230.7  0.97297  
4234.8  0.97598  
4238.8  0.97579  
4242.900000000001  0.97367  
4247.0  0.97229  
4251.1  0.97429  
4255.2  0.97578  
4259.3  0.97391  
4263.4  0.97143  
4267.5  0.97241  
4271.6  0.972  
4275.7  0.96749  
4279.8  0.96635  
4283.9  0.96835  
4288.0  0.96763  
4292.099999999999  0.96584  
4296.2  0.96621  
4300.299999999999  0.96802  
4304.4  0.97032  
4308.5  0.97083  
4312.6  0.97092  
4316.7  0.97303  
4320.8  0.97616  
4324.9  0.97585  
4329.0  0.97465  
4333.1  0.97805  
4337.200000000001  0.97824  
4341.3  0.97626  
4345.400000000001  0.9767  
4349.5  0.97738  
4353.7  0.97688  
4357.799999999999  0.97504  
4361.9  0.97167  
4366.0  0.97092  
4370.1  0.9726  
4374.2  0.97282  
4378.3  0.97281  
4382.4  0.97107  
4386.5  0.9694  
4390.6  0.97428  
4394.700000000001  0.97945  
4398.9  0.97677  
4403.0  0.97399  
4407.099999999999  0.97568  
4411.2  0.97525  
4415.299999999999  0.97499  
4419.4  0.97641  
4423.5  0.97594  
4427.7  0.97438  
4431.8  0.97504  
4435.9  0.97672  
4440.0  0.97677  
4444.1  0.97749  
4448.2  0.97783  
4452.4  0.97768  
4456.5  0.97925  
4460.6  0.97976  
4464.700000000001  0.97765  
4468.8  0.97561  
4472.900000000001  0.97571  
4477.099999999999  0.97846  
4481.2  0.97882  
4485.299999999999  0.97649  
4489.4  0.97503  
4493.6  0.97452  
4497.7  0.97705  
4501.8  0.97963  
4505.9  0.97771  
4510.1  0.97546  
4514.2  0.97538  
4518.3  0.97351  
4522.4  0.9743  
4526.6  0.97859  
4530.7  0.97841  
4534.8  0.97444  
4538.9  0.97363  
4543.1  0.97724  
4547.200000000001  0.97774  
4551.3  0.97552  
4555.400000000001  0.97668  
4559.599999999999  0.97752  
4563.7  0.97659  
4567.799999999999  0.97537  
4572.0  0.97729  
4576.1  0.97773  
4580.2  0.97507  
4584.4  0.97771  
4588.5  0.98032  
4592.6  0.97817  
4596.8  0.97562  
4600.9  0.97655  
4605.0  0.97964  
4609.2  0.97962  
4613.3  0.97618  
4617.4  0.97741  
4621.6  0.98115  
4625.7  0.97873  
4629.9  0.97658  
4634.0  0.97637  
4638.1  0.97483  
4642.3  0.97466  
4646.4  0.97472  
4650.5  0.97521  
4654.700000000001  0.97537  
4658.8  0.97304  
4663.0  0.97107  
4667.099999999999  0.97048  
4671.3  0.97131  
4675.400000000001  0.97679  
4679.5  0.98019  
4683.7  0.97898  
4687.799999999999  0.97965  
4692.0  0.97893  
4696.1  0.97343  
4700.299999999999  0.97002  
4704.4  0.97183  
4708.5  0.97407  
4712.7  0.97632  
4716.8  0.97576  
4721.0  0.9697  
4725.1  0.96666  
4729.3  0.97185  
4733.4  0.97568  
4737.6  0.97221  
4741.7  0.9654  
4745.9  0.95967  
4750.0  0.96439  
4754.2  0.97305  
4758.3  0.97217  
4762.5  0.96735  
4766.6  0.96476  
4770.8  0.96562  
4774.9  0.96563  
4779.1  0.96798  
4783.3  0.9728  
4787.4  0.97292  
4791.6  0.97057  
4795.7  0.97072  
4799.9  0.97469  
4804.0  0.97729  
4808.2  0.97515  
4812.3  0.97206  
4816.5  0.9698  
4820.7  0.96923  
4824.8  0.97025  
4829.0  0.97054  
4833.1  0.96929  
4837.3  0.96771  
4841.5  0.96647  
4845.6  0.96761  
4849.8  0.97286  
4853.9  0.97392  
4858.1  0.9757  
4862.3  0.97803  
4866.4  0.97849  
4870.6  0.97856  
4874.8  0.97823  
4878.9  0.97172  
4883.1  0.97038  
4887.3  0.97189  
4891.4  0.97157  
4895.6  0.97438  
4899.8  0.97571  
4903.9  0.97346  
4908.1  0.97294  
4912.3  0.96925  
4916.4  0.96278  
4920.6  0.96511  
4924.8  0.9724  
4928.9  0.97216  
4933.1  0.96205  
4937.3  0.9583  
4941.5  0.96351  
4945.6  0.9652  
4949.8  0.96548  
4954.0  0.96625  
4958.1  0.96577  
4962.3  0.96342  
4966.5  0.96219  
4970.7  0.96621  
4974.8  0.97109  
4979.0  0.96914  
4983.2  0.96269  
4987.4  0.96313  
4991.5  0.96924  
4995.7  0.97221  
4999.9  0.97022  
5004.1  0.9681  
5008.3  0.9705  
5012.4  0.97524  
5016.6  0.97753  
5020.8  0.97242  
5025.0  0.96695  
5029.1  0.97052  
5033.3  0.97369  
5037.5  0.96927  
5041.7  0.96549  
5045.9  0.96744  
5050.1  0.96634  
5054.2  0.95814  
5058.4  0.95628  
5062.6  0.96303  
5066.8  0.96573  
5071.0  0.96123  
5075.2  0.9643  
5079.4  0.97486  
5083.5  0.9753  
5087.7  0.97228  
5091.9  0.969  
5096.1  0.96404  
5100.299999999999  0.96264  
5104.5  0.96675  
5108.7  0.97108  
5112.900000000001  0.96928  
5117.0  0.96835  
5121.2  0.96872  
5125.4  0.96567  
5129.6  0.96328  
5133.8  0.9658  
5138.0  0.96653  
5142.200000000001  0.96067  
5146.4  0.96027  
5150.599999999999  0.96197  
5154.8  0.95581  
5159.0  0.9592  
5163.200000000001  0.96532  
5167.4  0.95874  
5171.599999999999  0.9525  
5175.700000000001  0.95745  
5179.9  0.9679  
5184.099999999999  0.96486  
5188.3  0.95698  
5192.5  0.9584  
5196.7  0.95841  
5200.900000000001  0.95343  
5205.1  0.95271  
5209.299999999999  0.96091  
5213.5  0.95994  
5217.7  0.94888  
5221.900000000001  0.94897  
5226.1  0.96159  
5230.299999999999  0.97177  
5234.5  0.96962  
5238.7  0.95972  
5242.9  0.95593  
5247.1  0.96018  
5251.3  0.96033  
5255.599999999999  0.96268  
5259.8  0.96294  
5264.0  0.95221  
5268.200000000001  0.94652  
5272.4  0.9562  
5276.599999999999  0.96637  
5280.8  0.96432  
5285.0  0.96207  
5289.2  0.96888  
5293.400000000001  0.97216  
5297.6  0.96737  
5301.799999999999  0.96632  
5306.0  0.96411  
5310.2  0.95593  
5314.5  0.95289  
5318.7  0.95516  
5322.9  0.95953  
5327.1  0.96312  
5331.3  0.96596  
5335.5  0.96904  
5339.700000000001  0.96869  
5343.9  0.96724  
5348.200000000001  0.96513  
5352.4  0.95978  
5356.599999999999  0.96236  
5360.8  0.97452  
5365.0  0.9781  
5369.2  0.97256  
5373.400000000001  0.96467  
5377.7  0.9602  
5381.900000000001  0.96938  
5386.1  0.97416  
5390.299999999999  0.96639  
5394.5  0.96285  
5398.8  0.96744  
5403.0  0.96779  
5407.200000000001  0.95636  
5411.4  0.94954  
5415.599999999999  0.94664  
5419.9  0.93583  
5424.099999999999  0.92312  
5428.3  0.90454  
5432.5  0.87314  
5436.7  0.8297  
5441.0  0.7786  
5445.2  0.72441  
5449.400000000001  0.66646  
5453.6  0.60539  
5457.9  0.54217  
5462.1  0.47814  
5466.3  0.41469  
5470.5  0.35076  
5474.8  0.29176  
5479.0  0.24408  
5483.200000000001  0.20789  
5487.4  0.17786  
5491.7  0.14866  
5495.900000000001  0.12109  
5500.1  0.0981  
5504.400000000001  0.08041  
5508.6  0.06833  
5512.799999999999  0.05838  
5517.1  0.04528  
5521.3  0.03401  
5525.5  0.02858  
5529.700000000001  0.0249  
5534.0  0.02106  
5538.200000000001  0.01775  
5542.4  0.01529  
5546.7  0.01402  
5550.900000000001  0.0138  
5555.1  0.01248  
5559.400000000001  0.01011  
5563.6  0.0097  
5567.9  0.01089  
5572.1  0.01077  
5576.3  0.00907  
5580.599999999999  0.00767  
5584.8  0.00753  
5589.0  0.00931  
5593.3  0.01115  
5597.5  0.00986  
5601.799999999999  0.00736  
5606.0  0.00599  
5610.2  0.00602  
5614.5  0.00691  
5618.7  0.00743  
5623.0  0.0074  
5627.200000000001  0.00744  
5631.4  0.00699  
5635.700000000001  0.00668  
5639.9  0.00683  
5644.2  0.00655  
5648.400000000001  0.00563  
5652.7  0.00488  
5656.900000000001  0.00482  
5661.1  0.00498  
5665.4  0.00523  
5669.6  0.00471  
5673.9  0.00359  
5678.099999999999  0.00317  
5682.4  0.00365  
5686.599999999999  0.00417  
5690.900000000001  0.00389  
5695.1  0.00283  
5699.400000000001  0.00187  
5703.6  0.00164  
5707.9  0.00196  
5712.1  0.00193  
5716.4  0.00151  
5720.599999999999  0.00154  
5724.9  0.00185  
5729.099999999999  0.00202  
5733.400000000001  0.00203  
5737.6  0.0017  
5741.900000000001  0.00147  
5746.1  0.0015  

