@MEASUREMENT_RADIUS 20.0 cm
#lambda:
#tr:
#end
3803.5  0.0066  
3807.6  0.00549  
3811.6000000000004  0.00499  
3815.7  0.00557  
3819.7000000000003  0.00634  
3823.8  0.00631  
3827.7999999999997  0.00565  
3831.8  0.00552  
3835.8999999999996  0.00578  
3839.9  0.0053  
3844.0  0.00462  
3848.0  0.00479  
3852.1  0.00478  
3856.1000000000004  0.00485  
3860.2  0.00599  
3864.2000000000003  0.00661  
3868.2999999999997  0.00594  
3872.3  0.00543  
3876.3999999999996  0.00565  
3880.4  0.00579  
3884.5  0.0058  
3888.5  0.00562  
3892.6  0.00516  
3896.6000000000004  0.00533  
3900.7  0.00626  
3904.8  0.00678  
3908.8  0.00664  
3912.9  0.00629  
3916.9  0.00621  
3921.0  0.00683  
3925.0  0.00796  
3929.1000000000004  0.00869  
3933.1  0.0097  
3937.2000000000003  0.01238  
3941.3  0.01671  
3945.2999999999997  0.02298  
3949.4  0.03134  
3953.3999999999996  0.04157  
3957.5  0.05456  
3961.6000000000004  0.0718  
3965.6  0.09327  
3969.7000000000003  0.11974  
3973.8  0.15558  
3977.7999999999997  0.20532  
3981.9  0.26955  
3985.8999999999996  0.34775  
3990.0  0.43949  
3994.1000000000004  0.5422  
3998.1  0.65023  
4002.2000000000003  0.75307  
4006.3  0.83755  
4010.2999999999997  0.89751  
4014.4  0.93693  
4018.5  0.95732  
4022.5  0.96001  
4026.6000000000004  0.95635  
4030.7  0.95865  
4034.7000000000003  0.96518  
4038.8  0.96658  
4042.9  0.96442  
4047.0  0.96552  
4051.0  0.96643  
4055.1  0.96684  
4059.2000000000003  0.96758  
4063.2999999999997  0.9658  
4067.3  0.96419  
4071.3999999999996  0.96528  
4075.5  0.96659  
4079.5  0.96667  
4083.6000000000004  0.96873  
4087.7  0.97118  
4091.8  0.97303  
4095.8999999999996  0.97545  
4099.9  0.97736  
4104.0  0.97793  
4108.1  0.97586  
4112.200000000001  0.97214  
4116.2  0.97055  
4120.299999999999  0.97312  
4124.4  0.97611  
4128.5  0.97138  
4132.6  0.96337  
4136.7  0.96335  
4140.7  0.96879  
4144.8  0.97076  
4148.9  0.96915  
4153.0  0.96927  
4157.099999999999  0.9703  
4161.2  0.97046  
4165.2  0.97082  
4169.3  0.97049  
4173.4  0.96965  
4177.5  0.97033  
4181.6  0.97463  
4185.7  0.97645  
4189.8  0.97143  
4193.8  0.97  
4197.900000000001  0.97319  
4202.0  0.9694  
4206.1  0.96362  
4210.2  0.96676  
4214.3  0.97068  
4218.4  0.96756  
4222.5  0.96466  
4226.6  0.96754  
4230.7  0.97298  
4234.8  0.97615  
4238.8  0.97653  
4242.900000000001  0.97406  
4247.0  0.9722  
4251.1  0.97422  
4255.2  0.97571  
4259.3  0.97367  
4263.4  0.97118  
4267.5  0.9726  
4271.6  0.97245  
4275.7  0.9678  
4279.8  0.96691  
4283.9  0.96863  
4288.0  0.96671  
4292.099999999999  0.96469  
4296.2  0.96589  
4300.299999999999  0.96799  
4304.4  0.96992  
4308.5  0.97067  
4312.6  0.97189  
4316.7  0.97395  
4320.8  0.97552  
4324.9  0.97453  
4329.0  0.97363  
4333.1  0.97747  
4337.200000000001  0.97867  
4341.3  0.97713  
4345.400000000001  0.97761  
4349.5  0.97819  
4353.7  0.97767  
4357.799999999999  0.97591  
4361.9  0.97228  
4366.0  0.9704  
4370.1  0.97163  
4374.2  0.97321  
4378.3  0.97385  
4382.4  0.97156  
4386.5  0.97004  
4390.6  0.97487  
4394.700000000001  0.97914  
4398.9  0.97682  
4403.0  0.97601  
4407.099999999999  0.97832  
4411.2  0.97603  
4415.299999999999  0.97415  
4419.4  0.97568  
4423.5  0.97611  
4427.7  0.97493  
4431.8  0.97553  
4435.9  0.9774  
4440.0  0.97765  
4444.1  0.97759  
4448.2  0.97738  
4452.4  0.97733  
4456.5  0.97905  
4460.6  0.97984  
4464.700000000001  0.9779  
4468.8  0.97604  
4472.900000000001  0.9765  
4477.099999999999  0.9785  
4481.2  0.97752  
4485.299999999999  0.97453  
4489.4  0.97334  
4493.6  0.97403  
4497.7  0.978  
4501.8  0.98091  
4505.9  0.97787  
4510.1  0.97476  
4514.2  0.97525  
4518.3  0.97384  
4522.4  0.97421  
4526.6  0.97887  
4530.7  0.9798  
4534.8  0.97594  
4538.9  0.97363  
4543.1  0.97525  
4547.200000000001  0.97632  
4551.3  0.97652  
4555.400000000001  0.9783  
4559.599999999999  0.97815  
4563.7  0.97644  
4567.799999999999  0.97497  
4572.0  0.97733  
4576.1  0.97842  
4580.2  0.97596  
4584.4  0.97813  
4588.5  0.97986  
4592.6  0.97689  
4596.8  0.97426  
4600.9  0.97599  
4605.0  0.97969  
4609.2  0.97977  
4613.3  0.97663  
4617.4  0.97737  
4621.6  0.97948  
4625.7  0.97663  
4629.9  0.97522  
4634.0  0.97524  
4638.1  0.97399  
4642.3  0.97399  
4646.4  0.97366  
4650.5  0.9744  
4654.700000000001  0.97625  
4658.8  0.97465  
4663.0  0.97104  
4667.099999999999  0.96887  
4671.3  0.97024  
4675.400000000001  0.9775  
4679.5  0.98173  
4683.7  0.97942  
4687.799999999999  0.97835  
4692.0  0.97729  
4696.1  0.97298  
4700.299999999999  0.97093  
4704.4  0.97378  
4708.5  0.97658  
4712.7  0.9774  
4716.8  0.97473  
4721.0  0.96859  
4725.1  0.96689  
4729.3  0.97286  
4733.4  0.97653  
4737.6  0.97298  
4741.7  0.96595  
4745.9  0.95954  
4750.0  0.9638  
4754.2  0.97294  
4758.3  0.97325  
4762.5  0.96889  
4766.6  0.96478  
4770.8  0.96457  
4774.9  0.9657  
4779.1  0.96817  
4783.3  0.97169  
4787.4  0.97139  
4791.6  0.97028  
4795.7  0.97245  
4799.9  0.97679  
4804.0  0.97788  
4808.2  0.97412  
4812.3  0.97125  
4816.5  0.97029  
4820.7  0.96955  
4824.8  0.97047  
4829.0  0.97183  
4833.1  0.97165  
4837.3  0.97059  
4841.5  0.96899  
4845.6  0.9688  
4849.8  0.97164  
4853.9  0.97278  
4858.1  0.97593  
4862.3  0.97847  
4866.4  0.97895  
4870.6  0.97945  
4874.8  0.97956  
4878.9  0.9722  
4883.1  0.96965  
4887.3  0.97085  
4891.4  0.97077  
4895.6  0.97368  
4899.8  0.9752  
4903.9  0.973  
4908.1  0.97222  
4912.3  0.96851  
4916.4  0.96206  
4920.6  0.96416  
4924.8  0.9717  
4928.9  0.97303  
4933.1  0.96449  
4937.3  0.96012  
4941.5  0.963  
4945.6  0.96354  
4949.8  0.96417  
4954.0  0.96583  
4958.1  0.96631  
4962.3  0.96439  
4966.5  0.9627  
4970.7  0.96571  
4974.8  0.96935  
4979.0  0.96709  
4983.2  0.96294  
4987.4  0.9654  
4991.5  0.97151  
4995.7  0.97344  
4999.9  0.96949  
5004.1  0.96594  
5008.3  0.96965  
5012.4  0.97604  
5016.6  0.97834  
5020.8  0.97291  
5025.0  0.96683  
5029.1  0.97002  
5033.3  0.97401  
5037.5  0.96994  
5041.7  0.96514  
5045.9  0.96583  
5050.1  0.96472  
5054.2  0.95815  
5058.4  0.95696  
5062.6  0.9623  
5066.8  0.96405  
5071.0  0.96067  
5075.2  0.9654  
5079.4  0.97567  
5083.5  0.97419  
5087.7  0.97083  
5091.9  0.96895  
5096.1  0.96488  
5100.299999999999  0.9638  
5104.5  0.96825  
5108.7  0.97239  
5112.900000000001  0.96959  
5117.0  0.96754  
5121.2  0.96741  
5125.4  0.96492  
5129.6  0.96347  
5133.8  0.96688  
5138.0  0.96816  
5142.200000000001  0.96214  
5146.4  0.96182  
5150.599999999999  0.96291  
5154.8  0.95445  
5159.0  0.95778  
5163.200000000001  0.9657  
5167.4  0.95895  
5171.599999999999  0.95091  
5175.700000000001  0.95489  
5179.9  0.96607  
5184.099999999999  0.96369  
5188.3  0.9558  
5192.5  0.958  
5196.7  0.95887  
5200.900000000001  0.95469  
5205.1  0.95343  
5209.299999999999  0.95994  
5213.5  0.95828  
5217.7  0.94767  
5221.900000000001  0.94916  
5226.1  0.96328  
5230.299999999999  0.97361  
5234.5  0.97032  
5238.7  0.95845  
5242.9  0.95332  
5247.1  0.95795  
5251.3  0.95946  
5255.599999999999  0.96154  
5259.8  0.96062  
5264.0  0.95093  
5268.200000000001  0.94764  
5272.4  0.95865  
5276.599999999999  0.96933  
5280.8  0.96683  
5285.0  0.96202  
5289.2  0.9658  
5293.400000000001  0.96929  
5297.6  0.96608  
5301.799999999999  0.96596  
5306.0  0.96543  
5310.2  0.95814  
5314.5  0.95442  
5318.7  0.95584  
5322.9  0.95965  
5327.1  0.96266  
5331.3  0.96602  
5335.5  0.96998  
5339.700000000001  0.96907  
5343.9  0.96715  
5348.200000000001  0.9659  
5352.4  0.96131  
5356.599999999999  0.96193  
5360.8  0.97124  
5365.0  0.97403  
5369.2  0.97091  
5373.400000000001  0.96832  
5377.7  0.96538  
5381.900000000001  0.96986  
5386.1  0.97086  
5390.299999999999  0.96374  
5394.5  0.96175  
5398.8  0.96687  
5403.0  0.96832  
5407.200000000001  0.95701  
5411.4  0.94859  
5415.599999999999  0.94558  
5419.9  0.93559  
5424.099999999999  0.92125  
5428.3  0.89952  
5432.5  0.86577  
5436.7  0.82117  
5441.0  0.77062  
5445.2  0.71703  
5449.400000000001  0.65745  
5453.6  0.59279  
5457.9  0.52627  
5462.1  0.46138  
5466.3  0.39993  
5470.5  0.33844  
5474.8  0.28092  
5479.0  0.23489  
5483.200000000001  0.19948  
5487.4  0.16877  
5491.7  0.13999  
5495.900000000001  0.11532  
5500.1  0.09416  
5504.400000000001  0.07554  
5508.6  0.06263  
5512.799999999999  0.05404  
5517.1  0.04352  
5521.3  0.03387  
5525.5  0.02862  
5529.700000000001  0.02444  
5534.0  0.01929  
5538.200000000001  0.0154  
5542.4  0.01433  
5546.7  0.01517  
5550.900000000001  0.01495  
5555.1  0.0119  
5559.400000000001  0.01006  
5563.6  0.01117  
5567.9  0.01147  
5572.1  0.00881  
5576.3  0.0069  
5580.599999999999  0.00825  
5584.8  0.00976  
5589.0  0.01012  
5593.3  0.00985  
5597.5  0.0086  
5601.799999999999  0.00672  
5606.0  0.00569  
5610.2  0.00607  
5614.5  0.00621  
5618.7  0.00603  
5623.0  0.00646  
5627.200000000001  0.0068  
5631.4  0.00638  
5635.700000000001  0.00606  
5639.9  0.0062  
5644.2  0.00653  
5648.400000000001  0.0063  
5652.7  0.00601  
5656.900000000001  0.00553  
5661.1  0.00496  
5665.4  0.00579  
5669.6  0.00603  
5673.9  0.00452  
5678.099999999999  0.00355  
5682.4  0.00357  
5686.599999999999  0.00351  
5690.900000000001  0.00308  
5695.1  0.00269  
5699.400000000001  0.00224  
5703.6  0.00203  
5707.9  0.00207  
5712.1  0.00192  
5716.4  0.00167  
5720.599999999999  0.0015  
5724.9  0.00139  
5729.099999999999  0.00171  
5733.400000000001  0.00227  
5737.6  0.0019  
5741.900000000001  0.00145  
5746.1  0.00151  

