@MEASUREMENT_RADIUS 21.0 cm
#lambda:
#tr:
#end
3803.5  0.00624  
3807.6  0.00541  
3811.6000000000004  0.00549  
3815.7  0.00625  
3819.7000000000003  0.00612  
3823.8  0.00569  
3827.7999999999997  0.00565  
3831.8  0.00553  
3835.8999999999996  0.00526  
3839.9  0.00513  
3844.0  0.00557  
3848.0  0.00612  
3852.1  0.00602  
3856.1000000000004  0.00572  
3860.2  0.00563  
3864.2000000000003  0.00582  
3868.2999999999997  0.00627  
3872.3  0.00612  
3876.3999999999996  0.00546  
3880.4  0.00543  
3884.5  0.00568  
3888.5  0.00577  
3892.6  0.00601  
3896.6000000000004  0.00646  
3900.7  0.00667  
3904.8  0.00659  
3908.8  0.00671  
3912.9  0.00712  
3916.9  0.00725  
3921.0  0.0074  
3925.0  0.00807  
3929.1000000000004  0.00871  
3933.1  0.00997  
3937.2000000000003  0.01297  
3941.3  0.01796  
3945.2999999999997  0.02459  
3949.4  0.03277  
3953.3999999999996  0.04316  
3957.5  0.05637  
3961.6000000000004  0.07387  
3965.6  0.09702  
3969.7000000000003  0.12583  
3973.8  0.16295  
3977.7999999999997  0.21365  
3981.9  0.28036  
3985.8999999999996  0.36174  
3990.0  0.45549  
3994.1000000000004  0.55929  
3998.1  0.66711  
4002.2000000000003  0.76727  
4006.3  0.84711  
4010.2999999999997  0.90291  
4014.4  0.9402  
4018.5  0.95927  
4022.5  0.96028  
4026.6000000000004  0.9563  
4030.7  0.95906  
4034.7000000000003  0.96464  
4038.8  0.96507  
4042.9  0.9633  
4047.0  0.96517  
4051.0  0.96661  
4055.1  0.96721  
4059.2000000000003  0.96738  
4063.2999999999997  0.96498  
4067.3  0.96296  
4071.3999999999996  0.9644  
4075.5  0.96631  
4079.5  0.96663  
4083.6000000000004  0.96903  
4087.7  0.97221  
4091.8  0.97443  
4095.8999999999996  0.9759  
4099.9  0.97699  
4104.0  0.97801  
4108.1  0.97671  
4112.200000000001  0.97328  
4116.2  0.97106  
4120.299999999999  0.97315  
4124.4  0.97657  
4128.5  0.97123  
4132.6  0.962  
4136.7  0.96224  
4140.7  0.96883  
4144.8  0.97089  
4148.9  0.96864  
4153.0  0.97  
4157.099999999999  0.97242  
4161.2  0.97166  
4165.2  0.97095  
4169.3  0.97057  
4173.4  0.97053  
4177.5  0.97133  
4181.6  0.97456  
4185.7  0.97597  
4189.8  0.97058  
4193.8  0.96801  
4197.900000000001  0.97156  
4202.0  0.97028  
4206.1  0.96522  
4210.2  0.9671  
4214.3  0.97073  
4218.4  0.96801  
4222.5  0.96517  
4226.6  0.96847  
4230.7  0.97384  
4234.8  0.97586  
4238.8  0.97588  
4242.900000000001  0.97426  
4247.0  0.9731  
4251.1  0.97467  
4255.2  0.9754  
4259.3  0.97385  
4263.4  0.97268  
4267.5  0.97445  
4271.6  0.97335  
4275.7  0.96772  
4279.8  0.96647  
4283.9  0.96894  
4288.0  0.96803  
4292.099999999999  0.96499  
4296.2  0.96428  
4300.299999999999  0.96688  
4304.4  0.97101  
4308.5  0.97219  
4312.6  0.97141  
4316.7  0.97225  
4320.8  0.9754  
4324.9  0.97632  
4329.0  0.97479  
4333.1  0.97648  
4337.200000000001  0.97676  
4341.3  0.97578  
4345.400000000001  0.97701  
4349.5  0.97814  
4353.7  0.97759  
4357.799999999999  0.97574  
4361.9  0.97237  
4366.0  0.97055  
4370.1  0.97167  
4374.2  0.97281  
4378.3  0.97255  
4382.4  0.97027  
4386.5  0.97012  
4390.6  0.97602  
4394.700000000001  0.97989  
4398.9  0.97604  
4403.0  0.97382  
4407.099999999999  0.97656  
4411.2  0.97605  
4415.299999999999  0.97486  
4419.4  0.97582  
4423.5  0.97639  
4427.7  0.97613  
4431.8  0.97619  
4435.9  0.97693  
4440.0  0.97726  
4444.1  0.97776  
4448.2  0.97757  
4452.4  0.97739  
4456.5  0.97918  
4460.6  0.97995  
4464.700000000001  0.97794  
4468.8  0.97625  
4472.900000000001  0.97711  
4477.099999999999  0.97924  
4481.2  0.97837  
4485.299999999999  0.97666  
4489.4  0.97618  
4493.6  0.97507  
4497.7  0.97718  
4501.8  0.98024  
4505.9  0.97764  
4510.1  0.97458  
4514.2  0.97543  
4518.3  0.97498  
4522.4  0.97575  
4526.6  0.97876  
4530.7  0.97785  
4534.8  0.97437  
4538.9  0.97418  
4543.1  0.97803  
4547.200000000001  0.97892  
4551.3  0.97665  
4555.400000000001  0.97687  
4559.599999999999  0.9769  
4563.7  0.97538  
4567.799999999999  0.97409  
4572.0  0.9774  
4576.1  0.97899  
4580.2  0.97491  
4584.4  0.97605  
4588.5  0.9797  
4592.6  0.97884  
4596.8  0.97618  
4600.9  0.97642  
4605.0  0.97905  
4609.2  0.97949  
4613.3  0.97714  
4617.4  0.97836  
4621.6  0.98105  
4625.7  0.97811  
4629.9  0.97546  
4634.0  0.97475  
4638.1  0.97411  
4642.3  0.9745  
4646.4  0.97375  
4650.5  0.97447  
4654.700000000001  0.97666  
4658.8  0.97517  
4663.0  0.97132  
4667.099999999999  0.9688  
4671.3  0.96974  
4675.400000000001  0.97653  
4679.5  0.98123  
4683.7  0.98032  
4687.799999999999  0.97958  
4692.0  0.97727  
4696.1  0.97203  
4700.299999999999  0.97045  
4704.4  0.97401  
4708.5  0.97672  
4712.7  0.9777  
4716.8  0.97545  
4721.0  0.96875  
4725.1  0.96659  
4729.3  0.97316  
4733.4  0.97714  
4737.6  0.97293  
4741.7  0.9654  
4745.9  0.95945  
4750.0  0.96405  
4754.2  0.97292  
4758.3  0.97303  
4762.5  0.96878  
4766.6  0.96576  
4770.8  0.9658  
4774.9  0.96545  
4779.1  0.96849  
4783.3  0.97347  
4787.4  0.97239  
4791.6  0.97079  
4795.7  0.97369  
4799.9  0.97787  
4804.0  0.97866  
4808.2  0.97481  
4812.3  0.97052  
4816.5  0.96899  
4820.7  0.96996  
4824.8  0.9713  
4829.0  0.97117  
4833.1  0.96979  
4837.3  0.9684  
4841.5  0.9675  
4845.6  0.96843  
4849.8  0.9721  
4853.9  0.97345  
4858.1  0.97649  
4862.3  0.97876  
4866.4  0.97869  
4870.6  0.97816  
4874.8  0.97741  
4878.9  0.97077  
4883.1  0.96942  
4887.3  0.97186  
4891.4  0.97303  
4895.6  0.9757  
4899.8  0.97568  
4903.9  0.97307  
4908.1  0.97307  
4912.3  0.9691  
4916.4  0.96166  
4920.6  0.96341  
4924.8  0.97073  
4928.9  0.97193  
4933.1  0.9641  
4937.3  0.96094  
4941.5  0.96449  
4945.6  0.9644  
4949.8  0.96464  
4954.0  0.96643  
4958.1  0.96636  
4962.3  0.96423  
4966.5  0.96297  
4970.7  0.96712  
4974.8  0.97266  
4979.0  0.97061  
4983.2  0.96314  
4987.4  0.9634  
4991.5  0.97041  
4995.7  0.9735  
4999.9  0.97  
5004.1  0.96697  
5008.3  0.97043  
5012.4  0.97546  
5016.6  0.97594  
5020.8  0.97025  
5025.0  0.96604  
5029.1  0.97027  
5033.3  0.97286  
5037.5  0.96801  
5041.7  0.96441  
5045.9  0.96705  
5050.1  0.96562  
5054.2  0.95708  
5058.4  0.9559  
5062.6  0.96257  
5066.8  0.96441  
5071.0  0.96014  
5075.2  0.96421  
5079.4  0.9741  
5083.5  0.97348  
5087.7  0.97134  
5091.9  0.96939  
5096.1  0.96496  
5100.299999999999  0.96391  
5104.5  0.96855  
5108.7  0.97228  
5112.900000000001  0.96926  
5117.0  0.96782  
5121.2  0.96781  
5125.4  0.96454  
5129.6  0.96225  
5133.8  0.9653  
5138.0  0.96668  
5142.200000000001  0.96058  
5146.4  0.95943  
5150.599999999999  0.9605  
5154.8  0.95351  
5159.0  0.95718  
5163.200000000001  0.96502  
5167.4  0.95804  
5171.599999999999  0.94895  
5175.700000000001  0.95291  
5179.9  0.96509  
5184.099999999999  0.96307  
5188.3  0.95427  
5192.5  0.95604  
5196.7  0.95763  
5200.900000000001  0.95466  
5205.1  0.95515  
5209.299999999999  0.96172  
5213.5  0.95919  
5217.7  0.94889  
5221.900000000001  0.94949  
5226.1  0.96143  
5230.299999999999  0.97037  
5234.5  0.96825  
5238.7  0.95861  
5242.9  0.9534  
5247.1  0.95769  
5251.3  0.96113  
5255.599999999999  0.9653  
5259.8  0.96371  
5264.0  0.95193  
5268.200000000001  0.94817  
5272.4  0.95974  
5276.599999999999  0.9698  
5280.8  0.96612  
5285.0  0.962  
5289.2  0.96735  
5293.400000000001  0.97117  
5297.6  0.96755  
5301.799999999999  0.96647  
5306.0  0.9645  
5310.2  0.95781  
5314.5  0.95569  
5318.7  0.95683  
5322.9  0.96015  
5327.1  0.96347  
5331.3  0.96667  
5335.5  0.96997  
5339.700000000001  0.96877  
5343.9  0.96605  
5348.200000000001  0.96506  
5352.4  0.9626  
5356.599999999999  0.9642  
5360.8  0.97199  
5365.0  0.97317  
5369.2  0.97011  
5373.400000000001  0.9674  
5377.7  0.96381  
5381.900000000001  0.96878  
5386.1  0.97242  
5390.299999999999  0.96824  
5394.5  0.96602  
5398.8  0.96679  
5403.0  0.96448  
5407.200000000001  0.95493  
5411.4  0.95  
5415.599999999999  0.94581  
5419.9  0.93167  
5424.099999999999  0.91555  
5428.3  0.89456  
5432.5  0.86078  
5436.7  0.81366  
5441.0  0.7585  
5445.2  0.70235  
5449.400000000001  0.64265  
5453.6  0.57794  
5457.9  0.51114  
5462.1  0.44629  
5466.3  0.38569  
5470.5  0.32471  
5474.8  0.26743  
5479.0  0.22177  
5483.200000000001  0.18811  
5487.4  0.16095  
5491.7  0.13454  
5495.900000000001  0.10961  
5500.1  0.08885  
5504.400000000001  0.07278  
5508.6  0.06161  
5512.799999999999  0.05188  
5517.1  0.03982  
5521.3  0.03075  
5525.5  0.02668  
5529.700000000001  0.02359  
5534.0  0.02034  
5538.200000000001  0.01739  
5542.4  0.01514  
5546.7  0.0142  
5550.900000000001  0.01357  
5555.1  0.0115  
5559.400000000001  0.01036  
5563.6  0.01143  
5567.9  0.01168  
5572.1  0.01019  
5576.3  0.00924  
5580.599999999999  0.0094  
5584.8  0.00955  
5589.0  0.00943  
5593.3  0.0092  
5597.5  0.00929  
5601.799999999999  0.00845  
5606.0  0.00755  
5610.2  0.00733  
5614.5  0.00659  
5618.7  0.00556  
5623.0  0.00599  
5627.200000000001  0.00778  
5631.4  0.00788  
5635.700000000001  0.00591  
5639.9  0.00479  
5644.2  0.00571  
5648.400000000001  0.00654  
5652.7  0.00616  
5656.900000000001  0.00532  
5661.1  0.00479  
5665.4  0.00521  
5669.6  0.00528  
5673.9  0.004  
5678.099999999999  0.00296  
5682.4  0.00309  
5686.599999999999  0.00384  
5690.900000000001  0.00365  
5695.1  0.00257  
5699.400000000001  0.00184  
5703.6  0.00181  
5707.9  0.00198  
5712.1  0.00194  
5716.4  0.00183  
5720.599999999999  0.00194  
5724.9  0.00193  
5729.099999999999  0.00187  
5733.400000000001  0.00198  
5737.6  0.00177  
5741.900000000001  0.00141  
5746.1  0.0012  

