@MEASUREMENT_RADIUS 22.0 cm
#lambda:
#tr:
#end
3803.5  0.00584  
3807.6  0.00626  
3811.6000000000004  0.00553  
3815.7  0.00569  
3819.7000000000003  0.00678  
3823.8  0.00675  
3827.7999999999997  0.00543  
3831.8  0.005  
3835.8999999999996  0.00534  
3839.9  0.00507  
3844.0  0.00516  
3848.0  0.00616  
3852.1  0.00623  
3856.1000000000004  0.00551  
3860.2  0.00579  
3864.2000000000003  0.00673  
3868.2999999999997  0.00652  
3872.3  0.00518  
3876.3999999999996  0.00498  
3880.4  0.00597  
3884.5  0.00636  
3888.5  0.00596  
3892.6  0.00575  
3896.6000000000004  0.00601  
3900.7  0.00625  
3904.8  0.00591  
3908.8  0.00607  
3912.9  0.00715  
3916.9  0.0078  
3921.0  0.00802  
3925.0  0.00851  
3929.1000000000004  0.00869  
3933.1  0.00984  
3937.2000000000003  0.0133  
3941.3  0.01827  
3945.2999999999997  0.02473  
3949.4  0.03315  
3953.3999999999996  0.04411  
3957.5  0.05821  
3961.6000000000004  0.07711  
3965.6  0.10136  
3969.7000000000003  0.13107  
3973.8  0.17038  
3977.7999999999997  0.22476  
3981.9  0.29511  
3985.8999999999996  0.37934  
3990.0  0.47491  
3994.1000000000004  0.57861  
3998.1  0.68434  
4002.2000000000003  0.7819  
4006.3  0.8591  
4010.2999999999997  0.91063  
4014.4  0.94279  
4018.5  0.95931  
4022.5  0.96101  
4026.6000000000004  0.9574  
4030.7  0.95911  
4034.7000000000003  0.96442  
4038.8  0.96571  
4042.9  0.96442  
4047.0  0.96631  
4051.0  0.96764  
4055.1  0.96753  
4059.2000000000003  0.96751  
4063.2999999999997  0.96621  
4067.3  0.96525  
4071.3999999999996  0.96628  
4075.5  0.96777  
4079.5  0.96809  
4083.6000000000004  0.97022  
4087.7  0.97293  
4091.8  0.97513  
4095.8999999999996  0.97711  
4099.9  0.97793  
4104.0  0.97707  
4108.1  0.97503  
4112.200000000001  0.97329  
4116.2  0.97247  
4120.299999999999  0.97392  
4124.4  0.9755  
4128.5  0.97036  
4132.6  0.96333  
4136.7  0.9645  
4140.7  0.9698  
4144.8  0.9709  
4148.9  0.96918  
4153.0  0.96982  
4157.099999999999  0.97055  
4161.2  0.97011  
4165.2  0.97114  
4169.3  0.97084  
4173.4  0.96932  
4177.5  0.9703  
4181.6  0.97529  
4185.7  0.97754  
4189.8  0.97173  
4193.8  0.96824  
4197.900000000001  0.97127  
4202.0  0.97004  
4206.1  0.96526  
4210.2  0.96761  
4214.3  0.97151  
4218.4  0.96881  
4222.5  0.96564  
4226.6  0.96821  
4230.7  0.97401  
4234.8  0.97755  
4238.8  0.97784  
4242.900000000001  0.97498  
4247.0  0.97277  
4251.1  0.97427  
4255.2  0.97558  
4259.3  0.97371  
4263.4  0.97193  
4267.5  0.97353  
4271.6  0.97248  
4275.7  0.96723  
4279.8  0.96653  
4283.9  0.96935  
4288.0  0.96828  
4292.099999999999  0.9656  
4296.2  0.96577  
4300.299999999999  0.96777  
4304.4  0.9702  
4308.5  0.97112  
4312.6  0.97191  
4316.7  0.97388  
4320.8  0.97622  
4324.9  0.97604  
4329.0  0.97482  
4333.1  0.97787  
4337.200000000001  0.97896  
4341.3  0.97759  
4345.400000000001  0.97767  
4349.5  0.97788  
4353.7  0.97699  
4357.799999999999  0.97477  
4361.9  0.97193  
4366.0  0.97154  
4370.1  0.97292  
4374.2  0.9731  
4378.3  0.97262  
4382.4  0.97044  
4386.5  0.96973  
4390.6  0.97578  
4394.700000000001  0.98129  
4398.9  0.9782  
4403.0  0.97427  
4407.099999999999  0.97574  
4411.2  0.97627  
4415.299999999999  0.97615  
4419.4  0.97708  
4423.5  0.97659  
4427.7  0.97538  
4431.8  0.97604  
4435.9  0.97779  
4440.0  0.97858  
4444.1  0.97927  
4448.2  0.97871  
4452.4  0.97792  
4456.5  0.97975  
4460.6  0.98066  
4464.700000000001  0.97861  
4468.8  0.97618  
4472.900000000001  0.976  
4477.099999999999  0.9785  
4481.2  0.97856  
4485.299999999999  0.97633  
4489.4  0.97492  
4493.6  0.97449  
4497.7  0.97756  
4501.8  0.98066  
4505.9  0.97801  
4510.1  0.97445  
4514.2  0.97429  
4518.3  0.97394  
4522.4  0.97693  
4526.6  0.98133  
4530.7  0.97902  
4534.8  0.97407  
4538.9  0.97384  
4543.1  0.97765  
4547.200000000001  0.97862  
4551.3  0.97707  
4555.400000000001  0.97759  
4559.599999999999  0.97758  
4563.7  0.97629  
4567.799999999999  0.97458  
4572.0  0.97715  
4576.1  0.97944  
4580.2  0.97664  
4584.4  0.97735  
4588.5  0.97933  
4592.6  0.97785  
4596.8  0.97525  
4600.9  0.97555  
4605.0  0.97852  
4609.2  0.97949  
4613.3  0.97752  
4617.4  0.97852  
4621.6  0.98045  
4625.7  0.97755  
4629.9  0.97657  
4634.0  0.97728  
4638.1  0.97571  
4642.3  0.97467  
4646.4  0.97362  
4650.5  0.97416  
4654.700000000001  0.97646  
4658.8  0.97603  
4663.0  0.97257  
4667.099999999999  0.96921  
4671.3  0.96997  
4675.400000000001  0.9775  
4679.5  0.98175  
4683.7  0.9797  
4687.799999999999  0.97906  
4692.0  0.97743  
4696.1  0.97234  
4700.299999999999  0.97069  
4704.4  0.97408  
4708.5  0.97662  
4712.7  0.97761  
4716.8  0.97559  
4721.0  0.96913  
4725.1  0.96582  
4729.3  0.97081  
4733.4  0.97558  
4737.6  0.97374  
4741.7  0.96803  
4745.9  0.96257  
4750.0  0.96622  
4754.2  0.97393  
4758.3  0.97314  
4762.5  0.96776  
4766.6  0.96385  
4770.8  0.96506  
4774.9  0.9666  
4779.1  0.96962  
4783.3  0.97408  
4787.4  0.97377  
4791.6  0.97201  
4795.7  0.97339  
4799.9  0.97713  
4804.0  0.97822  
4808.2  0.97564  
4812.3  0.97312  
4816.5  0.9706  
4820.7  0.96852  
4824.8  0.96925  
4829.0  0.97072  
4833.1  0.96997  
4837.3  0.96818  
4841.5  0.96754  
4845.6  0.96923  
4849.8  0.97355  
4853.9  0.97429  
4858.1  0.97685  
4862.3  0.97918  
4866.4  0.97929  
4870.6  0.97926  
4874.8  0.97953  
4878.9  0.97278  
4883.1  0.96942  
4887.3  0.9707  
4891.4  0.97182  
4895.6  0.97427  
4899.8  0.97424  
4903.9  0.97209  
4908.1  0.97212  
4912.3  0.96882  
4916.4  0.96285  
4920.6  0.96483  
4924.8  0.97126  
4928.9  0.97152  
4933.1  0.96262  
4937.3  0.95986  
4941.5  0.96505  
4945.6  0.96553  
4949.8  0.96521  
4954.0  0.96709  
4958.1  0.96821  
4962.3  0.96646  
4966.5  0.96382  
4970.7  0.96648  
4974.8  0.97107  
4979.0  0.96921  
4983.2  0.96362  
4987.4  0.96493  
4991.5  0.97168  
4995.7  0.97522  
4999.9  0.97259  
5004.1  0.96886  
5008.3  0.97028  
5012.4  0.9749  
5016.6  0.97707  
5020.8  0.97181  
5025.0  0.9657  
5029.1  0.9685  
5033.3  0.97201  
5037.5  0.96846  
5041.7  0.96488  
5045.9  0.96668  
5050.1  0.96481  
5054.2  0.95659  
5058.4  0.95615  
5062.6  0.96385  
5066.8  0.96675  
5071.0  0.96221  
5075.2  0.96512  
5079.4  0.97508  
5083.5  0.97446  
5087.7  0.9711  
5091.9  0.96865  
5096.1  0.96495  
5100.299999999999  0.96421  
5104.5  0.96871  
5108.7  0.97341  
5112.900000000001  0.97144  
5117.0  0.96873  
5121.2  0.96709  
5125.4  0.96345  
5129.6  0.96165  
5133.8  0.96614  
5138.0  0.96823  
5142.200000000001  0.96117  
5146.4  0.95941  
5150.599999999999  0.96059  
5154.8  0.95384  
5159.0  0.957  
5163.200000000001  0.96345  
5167.4  0.9574  
5171.599999999999  0.95147  
5175.700000000001  0.95629  
5179.9  0.96491  
5184.099999999999  0.9602  
5188.3  0.95371  
5192.5  0.95832  
5196.7  0.95908  
5200.900000000001  0.95267  
5205.1  0.95225  
5209.299999999999  0.96297  
5213.5  0.96294  
5217.7  0.95038  
5221.900000000001  0.94853  
5226.1  0.96014  
5230.299999999999  0.97025  
5234.5  0.96815  
5238.7  0.95804  
5242.9  0.95449  
5247.1  0.95946  
5251.3  0.9597  
5255.599999999999  0.96112  
5259.8  0.96125  
5264.0  0.95301  
5268.200000000001  0.94962  
5272.4  0.95941  
5276.599999999999  0.96998  
5280.8  0.96801  
5285.0  0.96242  
5289.2  0.96626  
5293.400000000001  0.9702  
5297.6  0.96644  
5301.799999999999  0.96471  
5306.0  0.9634  
5310.2  0.95803  
5314.5  0.95557  
5318.7  0.95576  
5322.9  0.95969  
5327.1  0.96438  
5331.3  0.96807  
5335.5  0.9705  
5339.700000000001  0.96896  
5343.9  0.968  
5348.200000000001  0.96726  
5352.4  0.96222  
5356.599999999999  0.96315  
5360.8  0.97262  
5365.0  0.97473  
5369.2  0.97197  
5373.400000000001  0.96897  
5377.7  0.96412  
5381.900000000001  0.96892  
5386.1  0.97213  
5390.299999999999  0.96584  
5394.5  0.96214  
5398.8  0.9649  
5403.0  0.96457  
5407.200000000001  0.95318  
5411.4  0.94538  
5415.599999999999  0.94064  
5419.9  0.92651  
5424.099999999999  0.9094  
5428.3  0.88619  
5432.5  0.8493  
5436.7  0.7998  
5441.0  0.74456  
5445.2  0.68831  
5449.400000000001  0.62666  
5453.6  0.55947  
5457.9  0.49159  
5462.1  0.42733  
5466.3  0.36721  
5470.5  0.30871  
5474.8  0.25502  
5479.0  0.21036  
5483.200000000001  0.17615  
5487.4  0.14974  
5491.7  0.1261  
5495.900000000001  0.10383  
5500.1  0.08381  
5504.400000000001  0.06854  
5508.6  0.05853  
5512.799999999999  0.04937  
5517.1  0.03831  
5521.3  0.02978  
5525.5  0.02536  
5529.700000000001  0.02227  
5534.0  0.0189  
5538.200000000001  0.01558  
5542.4  0.01324  
5546.7  0.0123  
5550.900000000001  0.01259  
5555.1  0.01159  
5559.400000000001  0.00965  
5563.6  0.00952  
5567.9  0.01055  
5572.1  0.01037  
5576.3  0.0096  
5580.599999999999  0.00912  
5584.8  0.00832  
5589.0  0.00856  
5593.3  0.00993  
5597.5  0.00972  
5601.799999999999  0.00812  
5606.0  0.00674  
5610.2  0.0065  
5614.5  0.0066  
5618.7  0.00645  
5623.0  0.00697  
5627.200000000001  0.00765  
5631.4  0.00728  
5635.700000000001  0.00661  
5639.9  0.00596  
5644.2  0.00543  
5648.400000000001  0.00524  
5652.7  0.00534  
5656.900000000001  0.00555  
5661.1  0.00555  
5665.4  0.00541  
5669.6  0.0052  
5673.9  0.00468  
5678.099999999999  0.00437  
5682.4  0.00404  
5686.599999999999  0.00343  
5690.900000000001  0.00265  
5695.1  0.00214  
5699.400000000001  0.00215  
5703.6  0.00249  
5707.9  0.00248  
5712.1  0.0016  
5716.4  0.00112  
5720.599999999999  0.00167  
5724.9  0.0024  
5729.099999999999  0.00251  
5733.400000000001  0.00196  
5737.6  0.00145  
5741.900000000001  0.0012  
5746.1  0.00128  

