@MEASUREMENT_RADIUS 23.0 cm
#lambda:
#tr:
#end
3803.5  0.00578  
3807.6  0.00583  
3811.6000000000004  0.00524  
3815.7  0.00534  
3819.7000000000003  0.00603  
3823.8  0.00626  
3827.7999999999997  0.00583  
3831.8  0.00574  
3835.8999999999996  0.00538  
3839.9  0.00459  
3844.0  0.00474  
3848.0  0.00542  
3852.1  0.00517  
3856.1000000000004  0.00465  
3860.2  0.00509  
3864.2000000000003  0.00571  
3868.2999999999997  0.00587  
3872.3  0.00578  
3876.3999999999996  0.00573  
3880.4  0.0055  
3884.5  0.00513  
3888.5  0.00522  
3892.6  0.00582  
3896.6000000000004  0.00633  
3900.7  0.00638  
3904.8  0.00611  
3908.8  0.00656  
3912.9  0.00749  
3916.9  0.00751  
3921.0  0.0075  
3925.0  0.00855  
3929.1000000000004  0.00949  
3933.1  0.01069  
3937.2000000000003  0.01372  
3941.3  0.01905  
3945.2999999999997  0.02625  
3949.4  0.03507  
3953.3999999999996  0.04649  
3957.5  0.06156  
3961.6000000000004  0.08149  
3965.6  0.10707  
3969.7000000000003  0.13912  
3973.8  0.18128  
3977.7999999999997  0.23841  
3981.9  0.31117  
3985.8999999999996  0.39737  
3990.0  0.49484  
3994.1000000000004  0.5997  
3998.1  0.7047  
4002.2000000000003  0.79879  
4006.3  0.87058  
4010.2999999999997  0.91714  
4014.4  0.94665  
4018.5  0.96192  
4022.5  0.96267  
4026.6000000000004  0.95893  
4030.7  0.96067  
4034.7000000000003  0.96533  
4038.8  0.96566  
4042.9  0.96344  
4047.0  0.9643  
4051.0  0.96588  
4055.1  0.96716  
4059.2000000000003  0.96803  
4063.2999999999997  0.96631  
4067.3  0.96437  
4071.3999999999996  0.96493  
4075.5  0.96686  
4079.5  0.9686  
4083.6000000000004  0.97126  
4087.7  0.97344  
4091.8  0.97514  
4095.8999999999996  0.97692  
4099.9  0.97802  
4104.0  0.9784  
4108.1  0.9768  
4112.200000000001  0.9736  
4116.2  0.97119  
4120.299999999999  0.97253  
4124.4  0.97488  
4128.5  0.97028  
4132.6  0.96323  
4136.7  0.96403  
4140.7  0.96942  
4144.8  0.97127  
4148.9  0.96966  
4153.0  0.97054  
4157.099999999999  0.97279  
4161.2  0.97295  
4165.2  0.97265  
4169.3  0.97193  
4173.4  0.97142  
4177.5  0.97228  
4181.6  0.97528  
4185.7  0.97553  
4189.8  0.96964  
4193.8  0.96764  
4197.900000000001  0.97127  
4202.0  0.96932  
4206.1  0.96483  
4210.2  0.96795  
4214.3  0.97196  
4218.4  0.96951  
4222.5  0.96691  
4226.6  0.96936  
4230.7  0.97471  
4234.8  0.97817  
4238.8  0.97815  
4242.900000000001  0.97452  
4247.0  0.97174  
4251.1  0.97359  
4255.2  0.97528  
4259.3  0.97356  
4263.4  0.97215  
4267.5  0.97418  
4271.6  0.97303  
4275.7  0.96723  
4279.8  0.96561  
4283.9  0.96758  
4288.0  0.96735  
4292.099999999999  0.9666  
4296.2  0.96708  
4300.299999999999  0.96854  
4304.4  0.9718  
4308.5  0.97333  
4312.6  0.97285  
4316.7  0.97329  
4320.8  0.97558  
4324.9  0.9761  
4329.0  0.9748  
4333.1  0.97639  
4337.200000000001  0.97733  
4341.3  0.97792  
4345.400000000001  0.97913  
4349.5  0.97837  
4353.7  0.97624  
4357.799999999999  0.97473  
4361.9  0.97232  
4366.0  0.97103  
4370.1  0.9722  
4374.2  0.97341  
4378.3  0.97404  
4382.4  0.97174  
4386.5  0.96937  
4390.6  0.97399  
4394.700000000001  0.97966  
4398.9  0.97776  
4403.0  0.97493  
4407.099999999999  0.97663  
4411.2  0.97619  
4415.299999999999  0.97507  
4419.4  0.97597  
4423.5  0.97633  
4427.7  0.97588  
4431.8  0.97687  
4435.9  0.97868  
4440.0  0.97866  
4444.1  0.97843  
4448.2  0.97796  
4452.4  0.97784  
4456.5  0.97982  
4460.6  0.9808  
4464.700000000001  0.97863  
4468.8  0.97603  
4472.900000000001  0.97609  
4477.099999999999  0.97933  
4481.2  0.97935  
4485.299999999999  0.9759  
4489.4  0.9743  
4493.6  0.97494  
4497.7  0.97842  
4501.8  0.98111  
4505.9  0.97771  
4510.1  0.97407  
4514.2  0.97544  
4518.3  0.97588  
4522.4  0.97621  
4526.6  0.97855  
4530.7  0.97799  
4534.8  0.97529  
4538.9  0.97512  
4543.1  0.97771  
4547.200000000001  0.97752  
4551.3  0.97623  
4555.400000000001  0.97806  
4559.599999999999  0.97795  
4563.7  0.97528  
4567.799999999999  0.97348  
4572.0  0.97741  
4576.1  0.98028  
4580.2  0.97705  
4584.4  0.97725  
4588.5  0.97936  
4592.6  0.9778  
4596.8  0.97473  
4600.9  0.97528  
4605.0  0.97959  
4609.2  0.98064  
4613.3  0.9766  
4617.4  0.97645  
4621.6  0.97911  
4625.7  0.97614  
4629.9  0.97491  
4634.0  0.97624  
4638.1  0.97555  
4642.3  0.9758  
4646.4  0.97527  
4650.5  0.97502  
4654.700000000001  0.9761  
4658.8  0.97456  
4663.0  0.97145  
4667.099999999999  0.97013  
4671.3  0.97192  
4675.400000000001  0.97785  
4679.5  0.98084  
4683.7  0.97931  
4687.799999999999  0.97991  
4692.0  0.97897  
4696.1  0.97355  
4700.299999999999  0.97128  
4704.4  0.97494  
4708.5  0.97753  
4712.7  0.97663  
4716.8  0.97313  
4721.0  0.96729  
4725.1  0.96594  
4729.3  0.97244  
4733.4  0.97678  
4737.6  0.97277  
4741.7  0.96554  
4745.9  0.96052  
4750.0  0.96564  
4754.2  0.97371  
4758.3  0.9723  
4762.5  0.96757  
4766.6  0.96507  
4770.8  0.96589  
4774.9  0.96637  
4779.1  0.96945  
4783.3  0.97463  
4787.4  0.97383  
4791.6  0.97122  
4795.7  0.97279  
4799.9  0.97701  
4804.0  0.97823  
4808.2  0.97468  
4812.3  0.97105  
4816.5  0.96942  
4820.7  0.96957  
4824.8  0.97022  
4829.0  0.97018  
4833.1  0.96988  
4837.3  0.96942  
4841.5  0.96858  
4845.6  0.9691  
4849.8  0.97299  
4853.9  0.97584  
4858.1  0.97868  
4862.3  0.98021  
4866.4  0.9795  
4870.6  0.97888  
4874.8  0.97967  
4878.9  0.97447  
4883.1  0.9702  
4887.3  0.97012  
4891.4  0.97109  
4895.6  0.97523  
4899.8  0.97657  
4903.9  0.97389  
4908.1  0.97301  
4912.3  0.96992  
4916.4  0.96371  
4920.6  0.96394  
4924.8  0.97007  
4928.9  0.97217  
4933.1  0.96427  
4937.3  0.96099  
4941.5  0.96523  
4945.6  0.96549  
4949.8  0.96541  
4954.0  0.96708  
4958.1  0.96759  
4962.3  0.96532  
4966.5  0.96345  
4970.7  0.96718  
4974.8  0.97161  
4979.0  0.96965  
4983.2  0.96538  
4987.4  0.96682  
4991.5  0.97266  
4995.7  0.976  
4999.9  0.97247  
5004.1  0.96783  
5008.3  0.97066  
5012.4  0.9769  
5016.6  0.97877  
5020.8  0.9723  
5025.0  0.96551  
5029.1  0.96856  
5033.3  0.9724  
5037.5  0.96889  
5041.7  0.96515  
5045.9  0.96689  
5050.1  0.9657  
5054.2  0.95868  
5058.4  0.95848  
5062.6  0.96473  
5066.8  0.96598  
5071.0  0.96147  
5075.2  0.96468  
5079.4  0.9737  
5083.5  0.97341  
5087.7  0.97159  
5091.9  0.97011  
5096.1  0.96665  
5100.299999999999  0.96543  
5104.5  0.96801  
5108.7  0.97106  
5112.900000000001  0.96941  
5117.0  0.96797  
5121.2  0.96614  
5125.4  0.96294  
5129.6  0.96301  
5133.8  0.96759  
5138.0  0.96877  
5142.200000000001  0.9607  
5146.4  0.9572  
5150.599999999999  0.9579  
5154.8  0.95233  
5159.0  0.95717  
5163.200000000001  0.96438  
5167.4  0.95663  
5171.599999999999  0.94924  
5175.700000000001  0.95471  
5179.9  0.96548  
5184.099999999999  0.96284  
5188.3  0.95582  
5192.5  0.9578  
5196.7  0.95841  
5200.900000000001  0.95446  
5205.1  0.95425  
5209.299999999999  0.96181  
5213.5  0.95902  
5217.7  0.94637  
5221.900000000001  0.94677  
5226.1  0.96123  
5230.299999999999  0.97237  
5234.5  0.96897  
5238.7  0.95597  
5242.9  0.95071  
5247.1  0.95712  
5251.3  0.9599  
5255.599999999999  0.96266  
5259.8  0.9627  
5264.0  0.95285  
5268.200000000001  0.94942  
5272.4  0.95984  
5276.599999999999  0.9695  
5280.8  0.9673  
5285.0  0.96359  
5289.2  0.96699  
5293.400000000001  0.96908  
5297.6  0.96552  
5301.799999999999  0.96603  
5306.0  0.96541  
5310.2  0.95713  
5314.5  0.95206  
5318.7  0.95322  
5322.9  0.95841  
5327.1  0.96306  
5331.3  0.96693  
5335.5  0.97069  
5339.700000000001  0.96966  
5343.9  0.96766  
5348.200000000001  0.96745  
5352.4  0.9642  
5356.599999999999  0.96484  
5360.8  0.97212  
5365.0  0.9725  
5369.2  0.96917  
5373.400000000001  0.96707  
5377.7  0.96406  
5381.900000000001  0.96937  
5386.1  0.97227  
5390.299999999999  0.96635  
5394.5  0.9634  
5398.8  0.96596  
5403.0  0.965  
5407.200000000001  0.95266  
5411.4  0.94291  
5415.599999999999  0.93692  
5419.9  0.92295  
5424.099999999999  0.90381  
5428.3  0.87667  
5432.5  0.83734  
5436.7  0.78731  
5441.0  0.73039  
5445.2  0.66952  
5449.400000000001  0.6047  
5453.6  0.53919  
5457.9  0.47425  
5462.1  0.40925  
5466.3  0.34681  
5470.5  0.2887  
5474.8  0.23796  
5479.0  0.19759  
5483.200000000001  0.16692  
5487.4  0.14128  
5491.7  0.11732  
5495.900000000001  0.0962  
5500.1  0.07861  
5504.400000000001  0.06417  
5508.6  0.05355  
5512.799999999999  0.04594  
5517.1  0.0378  
5521.3  0.02936  
5525.5  0.02352  
5529.700000000001  0.01992  
5534.0  0.01811  
5538.200000000001  0.01657  
5542.4  0.01407  
5546.7  0.01228  
5550.900000000001  0.01249  
5555.1  0.01163  
5559.400000000001  0.01002  
5563.6  0.01039  
5567.9  0.01065  
5572.1  0.00904  
5576.3  0.00861  
5580.599999999999  0.0092  
5584.8  0.00878  
5589.0  0.00883  
5593.3  0.01  
5597.5  0.01014  
5601.799999999999  0.00848  
5606.0  0.00686  
5610.2  0.00646  
5614.5  0.00643  
5618.7  0.00584  
5623.0  0.00537  
5627.200000000001  0.00599  
5631.4  0.00723  
5635.700000000001  0.00688  
5639.9  0.00513  
5644.2  0.00442  
5648.400000000001  0.00471  
5652.7  0.0047  
5656.900000000001  0.00489  
5661.1  0.00587  
5665.4  0.0069  
5669.6  0.00579  
5673.9  0.00391  
5678.099999999999  0.00358  
5682.4  0.00415  
5686.599999999999  0.00424  
5690.900000000001  0.00335  
5695.1  0.00232  
5699.400000000001  0.00205  
5703.6  0.00227  
5707.9  0.00233  
5712.1  0.002  
5716.4  0.00173  
5720.599999999999  0.00195  
5724.9  0.00215  
5729.099999999999  0.00211  
5733.400000000001  0.00198  
5737.6  0.00156  
5741.900000000001  0.00134  
5746.1  0.00149  

