@MEASUREMENT_RADIUS 24.0 cm
#lambda:
#tr:
#end
3803.5  0.00608  
3807.6  0.00602  
3811.6000000000004  0.00554  
3815.7  0.00559  
3819.7000000000003  0.00577  
3823.8  0.00557  
3827.7999999999997  0.00497  
3831.8  0.00452  
3835.8999999999996  0.00479  
3839.9  0.00529  
3844.0  0.00573  
3848.0  0.00616  
3852.1  0.00609  
3856.1000000000004  0.00537  
3860.2  0.00486  
3864.2000000000003  0.00499  
3868.2999999999997  0.00539  
3872.3  0.00584  
3876.3999999999996  0.00547  
3880.4  0.00459  
3884.5  0.00492  
3888.5  0.00606  
3892.6  0.00659  
3896.6000000000004  0.00704  
3900.7  0.00741  
3904.8  0.00662  
3908.8  0.00575  
3912.9  0.0063  
3916.9  0.00749  
3921.0  0.00844  
3925.0  0.00946  
3929.1000000000004  0.01025  
3933.1  0.0114  
3937.2000000000003  0.01435  
3941.3  0.01996  
3945.2999999999997  0.02773  
3949.4  0.03695  
3953.3999999999996  0.04867  
3957.5  0.06429  
3961.6000000000004  0.08519  
3965.6  0.11217  
3969.7000000000003  0.1464  
3973.8  0.19163  
3977.7999999999997  0.25226  
3981.9  0.32873  
3985.8999999999996  0.41815  
3990.0  0.51646  
3994.1000000000004  0.61969  
3998.1  0.72215  
4002.2000000000003  0.8133  
4006.3  0.88145  
4010.2999999999997  0.92411  
4014.4  0.95026  
4018.5  0.96353  
4022.5  0.96306  
4026.6000000000004  0.9577  
4030.7  0.95913  
4034.7000000000003  0.96499  
4038.8  0.96582  
4042.9  0.96373  
4047.0  0.96522  
4051.0  0.96634  
4055.1  0.96686  
4059.2000000000003  0.9672  
4063.2999999999997  0.96483  
4067.3  0.96393  
4071.3999999999996  0.96707  
4075.5  0.96961  
4079.5  0.96936  
4083.6000000000004  0.97127  
4087.7  0.97392  
4091.8  0.97543  
4095.8999999999996  0.97706  
4099.9  0.9788  
4104.0  0.97893  
4108.1  0.9758  
4112.200000000001  0.97195  
4116.2  0.96988  
4120.299999999999  0.97131  
4124.4  0.97443  
4128.5  0.97054  
4132.6  0.96352  
4136.7  0.96419  
4140.7  0.96957  
4144.8  0.97197  
4148.9  0.97157  
4153.0  0.97223  
4157.099999999999  0.97229  
4161.2  0.97138  
4165.2  0.97198  
4169.3  0.97152  
4173.4  0.97085  
4177.5  0.97221  
4181.6  0.97582  
4185.7  0.97649  
4189.8  0.97086  
4193.8  0.96868  
4197.900000000001  0.9712  
4202.0  0.96834  
4206.1  0.96356  
4210.2  0.9669  
4214.3  0.97219  
4218.4  0.97079  
4222.5  0.96809  
4226.6  0.97027  
4230.7  0.97451  
4234.8  0.97655  
4238.8  0.97713  
4242.900000000001  0.97514  
4247.0  0.97289  
4251.1  0.97436  
4255.2  0.97544  
4259.3  0.97291  
4263.4  0.97058  
4267.5  0.97293  
4271.6  0.97351  
4275.7  0.96886  
4279.8  0.96747  
4283.9  0.96914  
4288.0  0.96773  
4292.099999999999  0.96598  
4296.2  0.96728  
4300.299999999999  0.96953  
4304.4  0.97221  
4308.5  0.97341  
4312.6  0.97314  
4316.7  0.97388  
4320.8  0.97628  
4324.9  0.97581  
4329.0  0.9738  
4333.1  0.97733  
4337.200000000001  0.97903  
4341.3  0.97731  
4345.400000000001  0.97689  
4349.5  0.97684  
4353.7  0.9764  
4357.799999999999  0.97524  
4361.9  0.97229  
4366.0  0.97117  
4370.1  0.97262  
4374.2  0.97323  
4378.3  0.97286  
4382.4  0.97137  
4386.5  0.97131  
4390.6  0.97664  
4394.700000000001  0.98033  
4398.9  0.97606  
4403.0  0.97344  
4407.099999999999  0.97692  
4411.2  0.97728  
4415.299999999999  0.9764  
4419.4  0.97727  
4423.5  0.97703  
4427.7  0.97649  
4431.8  0.97759  
4435.9  0.97868  
4440.0  0.97789  
4444.1  0.97725  
4448.2  0.97641  
4452.4  0.97628  
4456.5  0.97921  
4460.6  0.98097  
4464.700000000001  0.97848  
4468.8  0.97602  
4472.900000000001  0.97638  
4477.099999999999  0.97871  
4481.2  0.9784  
4485.299999999999  0.97656  
4489.4  0.97558  
4493.6  0.9749  
4497.7  0.97734  
4501.8  0.97976  
4505.9  0.97734  
4510.1  0.97492  
4514.2  0.97536  
4518.3  0.97393  
4522.4  0.9752  
4526.6  0.98013  
4530.7  0.98023  
4534.8  0.97561  
4538.9  0.97314  
4543.1  0.97569  
4547.200000000001  0.97811  
4551.3  0.97826  
4555.400000000001  0.97872  
4559.599999999999  0.97788  
4563.7  0.97586  
4567.799999999999  0.97396  
4572.0  0.97666  
4576.1  0.97863  
4580.2  0.97631  
4584.4  0.97815  
4588.5  0.98006  
4592.6  0.97798  
4596.8  0.97555  
4600.9  0.97591  
4605.0  0.97867  
4609.2  0.97967  
4613.3  0.97763  
4617.4  0.97914  
4621.6  0.98143  
4625.7  0.97704  
4629.9  0.97451  
4634.0  0.97557  
4638.1  0.97524  
4642.3  0.97529  
4646.4  0.97466  
4650.5  0.9751  
4654.700000000001  0.9767  
4658.8  0.97557  
4663.0  0.9728  
4667.099999999999  0.9708  
4671.3  0.97181  
4675.400000000001  0.97863  
4679.5  0.98297  
4683.7  0.98138  
4687.799999999999  0.98085  
4692.0  0.97947  
4696.1  0.97399  
4700.299999999999  0.97051  
4704.4  0.97252  
4708.5  0.97562  
4712.7  0.97755  
4716.8  0.97521  
4721.0  0.96798  
4725.1  0.96517  
4729.3  0.97157  
4733.4  0.97685  
4737.6  0.97331  
4741.7  0.96529  
4745.9  0.9589  
4750.0  0.96413  
4754.2  0.97357  
4758.3  0.97374  
4762.5  0.96992  
4766.6  0.96647  
4770.8  0.9657  
4774.9  0.96675  
4779.1  0.97031  
4783.3  0.97389  
4787.4  0.97302  
4791.6  0.97172  
4795.7  0.97284  
4799.9  0.97632  
4804.0  0.97825  
4808.2  0.97533  
4812.3  0.97151  
4816.5  0.96897  
4820.7  0.9682  
4824.8  0.96942  
4829.0  0.97084  
4833.1  0.97132  
4837.3  0.97036  
4841.5  0.96891  
4845.6  0.97006  
4849.8  0.9741  
4853.9  0.97515  
4858.1  0.97794  
4862.3  0.97988  
4866.4  0.97939  
4870.6  0.97881  
4874.8  0.9794  
4878.9  0.97428  
4883.1  0.97108  
4887.3  0.97154  
4891.4  0.97203  
4895.6  0.97428  
4899.8  0.97403  
4903.9  0.97197  
4908.1  0.9722  
4912.3  0.96877  
4916.4  0.96298  
4920.6  0.965  
4924.8  0.97058  
4928.9  0.9707  
4933.1  0.9627  
4937.3  0.96055  
4941.5  0.96588  
4945.6  0.96641  
4949.8  0.96607  
4954.0  0.96767  
4958.1  0.96771  
4962.3  0.9661  
4966.5  0.96533  
4970.7  0.9684  
4974.8  0.97203  
4979.0  0.96998  
4983.2  0.96457  
4987.4  0.96661  
4991.5  0.97368  
4995.7  0.97592  
4999.9  0.97152  
5004.1  0.96758  
5008.3  0.97013  
5012.4  0.97542  
5016.6  0.97783  
5020.8  0.97178  
5025.0  0.96457  
5029.1  0.96747  
5033.3  0.97135  
5037.5  0.96756  
5041.7  0.96437  
5045.9  0.96691  
5050.1  0.9651  
5054.2  0.95751  
5058.4  0.95774  
5062.6  0.96465  
5066.8  0.96638  
5071.0  0.96273  
5075.2  0.96719  
5079.4  0.97672  
5083.5  0.97534  
5087.7  0.97166  
5091.9  0.96953  
5096.1  0.96628  
5100.299999999999  0.96477  
5104.5  0.96765  
5108.7  0.97149  
5112.900000000001  0.96971  
5117.0  0.96829  
5121.2  0.96788  
5125.4  0.96465  
5129.6  0.9627  
5133.8  0.96491  
5138.0  0.96517  
5142.200000000001  0.95926  
5146.4  0.95847  
5150.599999999999  0.95868  
5154.8  0.95178  
5159.0  0.95697  
5163.200000000001  0.96487  
5167.4  0.95738  
5171.599999999999  0.94968  
5175.700000000001  0.95554  
5179.9  0.96747  
5184.099999999999  0.96418  
5188.3  0.95552  
5192.5  0.95825  
5196.7  0.95966  
5200.900000000001  0.95432  
5205.1  0.9534  
5209.299999999999  0.96244  
5213.5  0.96046  
5217.7  0.94721  
5221.900000000001  0.94653  
5226.1  0.96096  
5230.299999999999  0.97172  
5234.5  0.96705  
5238.7  0.95592  
5242.9  0.95361  
5247.1  0.9601  
5251.3  0.96227  
5255.599999999999  0.9645  
5259.8  0.96318  
5264.0  0.95299  
5268.200000000001  0.95031  
5272.4  0.96208  
5276.599999999999  0.97145  
5280.8  0.96731  
5285.0  0.96293  
5289.2  0.96772  
5293.400000000001  0.97045  
5297.6  0.9652  
5301.799999999999  0.96323  
5306.0  0.96218  
5310.2  0.95707  
5314.5  0.95514  
5318.7  0.95545  
5322.9  0.95994  
5327.1  0.96575  
5331.3  0.96912  
5335.5  0.97053  
5339.700000000001  0.96856  
5343.9  0.96749  
5348.200000000001  0.96742  
5352.4  0.96324  
5356.599999999999  0.96391  
5360.8  0.97231  
5365.0  0.97498  
5369.2  0.97291  
5373.400000000001  0.96906  
5377.7  0.96406  
5381.900000000001  0.96923  
5386.1  0.97192  
5390.299999999999  0.96561  
5394.5  0.96339  
5398.8  0.96644  
5403.0  0.96373  
5407.200000000001  0.95  
5411.4  0.94123  
5415.599999999999  0.93458  
5419.9  0.91685  
5424.099999999999  0.89513  
5428.3  0.86697  
5432.5  0.82583  
5436.7  0.77325  
5441.0  0.71451  
5445.2  0.65276  
5449.400000000001  0.58658  
5453.6  0.51814  
5457.9  0.45114  
5462.1  0.38862  
5466.3  0.33085  
5470.5  0.27531  
5474.8  0.22503  
5479.0  0.18493  
5483.200000000001  0.15527  
5487.4  0.13149  
5491.7  0.10959  
5495.900000000001  0.09034  
5500.1  0.07412  
5504.400000000001  0.05999  
5508.6  0.05008  
5512.799999999999  0.04366  
5517.1  0.03576  
5521.3  0.02742  
5525.5  0.02261  
5529.700000000001  0.01963  
5534.0  0.01739  
5538.200000000001  0.01628  
5542.4  0.01439  
5546.7  0.01175  
5550.900000000001  0.0115  
5555.1  0.01141  
5559.400000000001  0.0097  
5563.6  0.00899  
5567.9  0.00936  
5572.1  0.00927  
5576.3  0.00837  
5580.599999999999  0.00742  
5584.8  0.00683  
5589.0  0.00758  
5593.3  0.00944  
5597.5  0.00904  
5601.799999999999  0.00756  
5606.0  0.00718  
5610.2  0.007  
5614.5  0.0067  
5618.7  0.00586  
5623.0  0.00526  
5627.200000000001  0.0065  
5631.4  0.00691  
5635.700000000001  0.00555  
5639.9  0.00513  
5644.2  0.006  
5648.400000000001  0.00613  
5652.7  0.00583  
5656.900000000001  0.00597  
5661.1  0.00565  
5665.4  0.00541  
5669.6  0.00537  
5673.9  0.00445  
5678.099999999999  0.00388  
5682.4  0.00381  
5686.599999999999  0.00344  
5690.900000000001  0.00297  
5695.1  0.00267  
5699.400000000001  0.00235  
5703.6  0.002  
5707.9  0.00186  
5712.1  0.00167  
5716.4  0.00163  
5720.599999999999  0.00199  
5724.9  0.00236  
5729.099999999999  0.00214  
5733.400000000001  0.00167  
5737.6  0.00134  
5741.900000000001  0.00135  
5746.1  0.00158  

