@MEASUREMENT_RADIUS 25.0 cm
#lambda:
#tr:
#end
3803.5  0.00599  
3807.6  0.00639  
3811.6000000000004  0.0061  
3815.7  0.00541  
3819.7000000000003  0.00538  
3823.8  0.00627  
3827.7999999999997  0.00639  
3831.8  0.0058  
3835.8999999999996  0.00562  
3839.9  0.00533  
3844.0  0.00472  
3848.0  0.0047  
3852.1  0.00511  
3856.1000000000004  0.00561  
3860.2  0.00571  
3864.2000000000003  0.00518  
3868.2999999999997  0.00499  
3872.3  0.0055  
3876.3999999999996  0.00615  
3880.4  0.00636  
3884.5  0.00621  
3888.5  0.00602  
3892.6  0.00606  
3896.6000000000004  0.00623  
3900.7  0.00627  
3904.8  0.00599  
3908.8  0.0059  
3912.9  0.00661  
3916.9  0.00737  
3921.0  0.0081  
3925.0  0.00927  
3929.1000000000004  0.0103  
3933.1  0.01168  
3937.2000000000003  0.01518  
3941.3  0.02136  
3945.2999999999997  0.02944  
3949.4  0.03918  
3953.3999999999996  0.05159  
3957.5  0.0674  
3961.6000000000004  0.08844  
3965.6  0.11686  
3969.7000000000003  0.15354  
3973.8  0.20167  
3977.7999999999997  0.26599  
3981.9  0.34533  
3985.8999999999996  0.43574  
3990.0  0.53455  
3994.1000000000004  0.63837  
3998.1  0.73988  
4002.2000000000003  0.82757  
4006.3  0.89091  
4010.2999999999997  0.92925  
4014.4  0.95216  
4018.5  0.96375  
4022.5  0.96335  
4026.6000000000004  0.95849  
4030.7  0.95925  
4034.7000000000003  0.96401  
4038.8  0.96484  
4042.9  0.96308  
4047.0  0.96505  
4051.0  0.96732  
4055.1  0.96813  
4059.2000000000003  0.96791  
4063.2999999999997  0.96563  
4067.3  0.96462  
4071.3999999999996  0.96697  
4075.5  0.96951  
4079.5  0.97006  
4083.6000000000004  0.97169  
4087.7  0.97441  
4091.8  0.97692  
4095.8999999999996  0.97814  
4099.9  0.97776  
4104.0  0.97692  
4108.1  0.97575  
4112.200000000001  0.9742  
4116.2  0.97209  
4120.299999999999  0.97183  
4124.4  0.9734  
4128.5  0.96894  
4132.6  0.96212  
4136.7  0.9634  
4140.7  0.96973  
4144.8  0.97282  
4148.9  0.9722  
4153.0  0.9731  
4157.099999999999  0.9747  
4161.2  0.97452  
4165.2  0.97392  
4169.3  0.9719  
4173.4  0.97017  
4177.5  0.97157  
4181.6  0.97592  
4185.7  0.97619  
4189.8  0.96945  
4193.8  0.96686  
4197.900000000001  0.97012  
4202.0  0.96785  
4206.1  0.9632  
4210.2  0.96761  
4214.3  0.97359  
4218.4  0.9713  
4222.5  0.96794  
4226.6  0.97122  
4230.7  0.97683  
4234.8  0.9785  
4238.8  0.97724  
4242.900000000001  0.97414  
4247.0  0.97219  
4251.1  0.97405  
4255.2  0.97517  
4259.3  0.97255  
4263.4  0.9701  
4267.5  0.97222  
4271.6  0.9728  
4275.7  0.96822  
4279.8  0.96675  
4283.9  0.96924  
4288.0  0.9695  
4292.099999999999  0.96829  
4296.2  0.96844  
4300.299999999999  0.9702  
4304.4  0.97341  
4308.5  0.9745  
4312.6  0.9741  
4316.7  0.97493  
4320.8  0.97699  
4324.9  0.97676  
4329.0  0.9751  
4333.1  0.97755  
4337.200000000001  0.97858  
4341.3  0.97739  
4345.400000000001  0.97722  
4349.5  0.97727  
4353.7  0.97724  
4357.799999999999  0.9757  
4361.9  0.97118  
4366.0  0.96882  
4370.1  0.97046  
4374.2  0.972  
4378.3  0.97303  
4382.4  0.97243  
4386.5  0.9713  
4390.6  0.97475  
4394.700000000001  0.97843  
4398.9  0.97639  
4403.0  0.97499  
4407.099999999999  0.97735  
4411.2  0.9768  
4415.299999999999  0.97626  
4419.4  0.97782  
4423.5  0.97773  
4427.7  0.97594  
4431.8  0.97591  
4435.9  0.97797  
4440.0  0.97875  
4444.1  0.97892  
4448.2  0.97839  
4452.4  0.9778  
4456.5  0.97902  
4460.6  0.97891  
4464.700000000001  0.97685  
4468.8  0.97642  
4472.900000000001  0.97793  
4477.099999999999  0.97987  
4481.2  0.9787  
4485.299999999999  0.97629  
4489.4  0.97529  
4493.6  0.97469  
4497.7  0.97781  
4501.8  0.98177  
4505.9  0.97939  
4510.1  0.97504  
4514.2  0.97404  
4518.3  0.97295  
4522.4  0.9743  
4526.6  0.97886  
4530.7  0.9789  
4534.8  0.97421  
4538.9  0.97228  
4543.1  0.976  
4547.200000000001  0.97847  
4551.3  0.97765  
4555.400000000001  0.97751  
4559.599999999999  0.97682  
4563.7  0.97588  
4567.799999999999  0.97566  
4572.0  0.97945  
4576.1  0.98077  
4580.2  0.9768  
4584.4  0.97805  
4588.5  0.98055  
4592.6  0.97817  
4596.8  0.97498  
4600.9  0.97601  
4605.0  0.97929  
4609.2  0.97864  
4613.3  0.97498  
4617.4  0.97629  
4621.6  0.9795  
4625.7  0.97657  
4629.9  0.97475  
4634.0  0.97551  
4638.1  0.97496  
4642.3  0.9751  
4646.4  0.97458  
4650.5  0.97507  
4654.700000000001  0.97651  
4658.8  0.97504  
4663.0  0.97266  
4667.099999999999  0.97166  
4671.3  0.97259  
4675.400000000001  0.97806  
4679.5  0.98148  
4683.7  0.98012  
4687.799999999999  0.9803  
4692.0  0.9785  
4696.1  0.97247  
4700.299999999999  0.97073  
4704.4  0.97418  
4708.5  0.97609  
4712.7  0.97637  
4716.8  0.97392  
4721.0  0.96748  
4725.1  0.96517  
4729.3  0.97113  
4733.4  0.97539  
4737.6  0.97216  
4741.7  0.96606  
4745.9  0.96167  
4750.0  0.96646  
4754.2  0.97405  
4758.3  0.97286  
4762.5  0.96769  
4766.6  0.96539  
4770.8  0.96773  
4774.9  0.96872  
4779.1  0.97045  
4783.3  0.97457  
4787.4  0.97474  
4791.6  0.97286  
4795.7  0.9736  
4799.9  0.97734  
4804.0  0.97844  
4808.2  0.97434  
4812.3  0.97015  
4816.5  0.96822  
4820.7  0.96869  
4824.8  0.97061  
4829.0  0.97097  
4833.1  0.9696  
4837.3  0.9689  
4841.5  0.96858  
4845.6  0.96951  
4849.8  0.974  
4853.9  0.9766  
4858.1  0.979  
4862.3  0.98038  
4866.4  0.9795  
4870.6  0.97858  
4874.8  0.97825  
4878.9  0.97167  
4883.1  0.96945  
4887.3  0.97188  
4891.4  0.97298  
4895.6  0.97504  
4899.8  0.975  
4903.9  0.9727  
4908.1  0.97181  
4912.3  0.96705  
4916.4  0.96046  
4920.6  0.96326  
4924.8  0.97123  
4928.9  0.97284  
4933.1  0.9643  
4937.3  0.9601  
4941.5  0.96383  
4945.6  0.96471  
4949.8  0.96551  
4954.0  0.96875  
4958.1  0.96996  
4962.3  0.96671  
4966.5  0.96392  
4970.7  0.96718  
4974.8  0.97233  
4979.0  0.97132  
4983.2  0.96524  
4987.4  0.96628  
4991.5  0.97373  
4995.7  0.9764  
4999.9  0.9712  
5004.1  0.96619  
5008.3  0.96899  
5012.4  0.97514  
5016.6  0.97666  
5020.8  0.9698  
5025.0  0.96405  
5029.1  0.96902  
5033.3  0.97384  
5037.5  0.96968  
5041.7  0.96445  
5045.9  0.96549  
5050.1  0.96477  
5054.2  0.95764  
5058.4  0.95705  
5062.6  0.96496  
5066.8  0.96788  
5071.0  0.96221  
5075.2  0.96391  
5079.4  0.97373  
5083.5  0.97494  
5087.7  0.97356  
5091.9  0.97056  
5096.1  0.96493  
5100.299999999999  0.96419  
5104.5  0.9689  
5108.7  0.97172  
5112.900000000001  0.96815  
5117.0  0.96743  
5121.2  0.96839  
5125.4  0.96486  
5129.6  0.96115  
5133.8  0.9633  
5138.0  0.96456  
5142.200000000001  0.95874  
5146.4  0.95828  
5150.599999999999  0.95897  
5154.8  0.9507  
5159.0  0.95497  
5163.200000000001  0.96418  
5167.4  0.95814  
5171.599999999999  0.95018  
5175.700000000001  0.9541  
5179.9  0.96558  
5184.099999999999  0.96455  
5188.3  0.95737  
5192.5  0.95849  
5196.7  0.95838  
5200.900000000001  0.95342  
5205.1  0.95252  
5209.299999999999  0.95972  
5213.5  0.95768  
5217.7  0.94656  
5221.900000000001  0.94755  
5226.1  0.96099  
5230.299999999999  0.97059  
5234.5  0.96762  
5238.7  0.95718  
5242.9  0.95313  
5247.1  0.95884  
5251.3  0.96208  
5255.599999999999  0.96608  
5259.8  0.9652  
5264.0  0.95284  
5268.200000000001  0.94785  
5272.4  0.9587  
5276.599999999999  0.96922  
5280.8  0.96823  
5285.0  0.96489  
5289.2  0.96605  
5293.400000000001  0.96631  
5297.6  0.96385  
5301.799999999999  0.96573  
5306.0  0.96428  
5310.2  0.95664  
5314.5  0.95488  
5318.7  0.9564  
5322.9  0.95782  
5327.1  0.96066  
5331.3  0.96755  
5335.5  0.97359  
5339.700000000001  0.97249  
5343.9  0.96936  
5348.200000000001  0.96746  
5352.4  0.96276  
5356.599999999999  0.96335  
5360.8  0.97178  
5365.0  0.97388  
5369.2  0.9722  
5373.400000000001  0.96933  
5377.7  0.96367  
5381.900000000001  0.96785  
5386.1  0.97115  
5390.299999999999  0.96646  
5394.5  0.96356  
5398.8  0.964  
5403.0  0.96039  
5407.200000000001  0.94675  
5411.4  0.93757  
5415.599999999999  0.93064  
5419.9  0.91221  
5424.099999999999  0.88757  
5428.3  0.85725  
5432.5  0.81656  
5436.7  0.76264  
5441.0  0.69906  
5445.2  0.63401  
5449.400000000001  0.56837  
5453.6  0.50117  
5457.9  0.43384  
5462.1  0.37074  
5466.3  0.31353  
5470.5  0.25966  
5474.8  0.21159  
5479.0  0.17314  
5483.200000000001  0.14501  
5487.4  0.12389  
5491.7  0.10455  
5495.900000000001  0.08617  
5500.1  0.07081  
5504.400000000001  0.0583  
5508.6  0.04769  
5512.799999999999  0.03918  
5517.1  0.03144  
5521.3  0.02487  
5525.5  0.021  
5529.700000000001  0.01901  
5534.0  0.01727  
5538.200000000001  0.01477  
5542.4  0.01291  
5546.7  0.01286  
5550.900000000001  0.01315  
5555.1  0.01087  
5559.400000000001  0.00846  
5563.6  0.00867  
5567.9  0.0099  
5572.1  0.01013  
5576.3  0.01003  
5580.599999999999  0.01017  
5584.8  0.00955  
5589.0  0.00901  
5593.3  0.00934  
5597.5  0.00868  
5601.799999999999  0.00692  
5606.0  0.00624  
5610.2  0.00647  
5614.5  0.00649  
5618.7  0.00622  
5623.0  0.00623  
5627.200000000001  0.00669  
5631.4  0.00655  
5635.700000000001  0.0055  
5639.9  0.00488  
5644.2  0.0056  
5648.400000000001  0.00673  
5652.7  0.00679  
5656.900000000001  0.00559  
5661.1  0.00456  
5665.4  0.00548  
5669.6  0.00587  
5673.9  0.00469  
5678.099999999999  0.00409  
5682.4  0.00429  
5686.599999999999  0.00429  
5690.900000000001  0.00354  
5695.1  0.0027  
5699.400000000001  0.00218  
5703.6  0.0021  
5707.9  0.00214  
5712.1  0.00168  
5716.4  0.00126  
5720.599999999999  0.00149  
5724.9  0.00182  
5729.099999999999  0.00185  
5733.400000000001  0.00172  
5737.6  0.00153  
5741.900000000001  0.00149  
5746.1  0.00146  

