@MEASUREMENT_RADIUS 26.0 cm
#lambda:
#tr:
#end
3803.5  0.00524  
3807.6  0.00567  
3811.6000000000004  0.00515  
3815.7  0.00583  
3819.7000000000003  0.00717  
3823.8  0.00707  
3827.7999999999997  0.00575  
3831.8  0.00526  
3835.8999999999996  0.00609  
3839.9  0.00651  
3844.0  0.00589  
3848.0  0.00528  
3852.1  0.00488  
3856.1000000000004  0.00483  
3860.2  0.00555  
3864.2000000000003  0.00608  
3868.2999999999997  0.00619  
3872.3  0.0063  
3876.3999999999996  0.00631  
3880.4  0.00625  
3884.5  0.00615  
3888.5  0.00592  
3892.6  0.00602  
3896.6000000000004  0.00653  
3900.7  0.00676  
3904.8  0.00653  
3908.8  0.00669  
3912.9  0.00727  
3916.9  0.00772  
3921.0  0.00824  
3925.0  0.00914  
3929.1000000000004  0.00996  
3933.1  0.01123  
3937.2000000000003  0.01496  
3941.3  0.02158  
3945.2999999999997  0.03011  
3949.4  0.04017  
3953.3999999999996  0.05273  
3957.5  0.06948  
3961.6000000000004  0.09292  
3965.6  0.12366  
3969.7000000000003  0.16158  
3973.8  0.2111  
3977.7999999999997  0.27711  
3981.9  0.35774  
3985.8999999999996  0.44957  
3990.0  0.55021  
3994.1000000000004  0.65384  
3998.1  0.75212  
4002.2000000000003  0.83612  
4006.3  0.89662  
4010.2999999999997  0.93234  
4014.4  0.95351  
4018.5  0.96413  
4022.5  0.96246  
4026.6000000000004  0.9571  
4030.7  0.95889  
4034.7000000000003  0.96465  
4038.8  0.96462  
4042.9  0.96154  
4047.0  0.9634  
4051.0  0.96572  
4055.1  0.96663  
4059.2000000000003  0.96763  
4063.2999999999997  0.96635  
4067.3  0.96439  
4071.3999999999996  0.96587  
4075.5  0.96955  
4079.5  0.9712  
4083.6000000000004  0.97255  
4087.7  0.9745  
4091.8  0.97644  
4095.8999999999996  0.97743  
4099.9  0.97714  
4104.0  0.97657  
4108.1  0.97488  
4112.200000000001  0.972  
4116.2  0.96943  
4120.299999999999  0.96974  
4124.4  0.97143  
4128.5  0.96715  
4132.6  0.96148  
4136.7  0.96409  
4140.7  0.97028  
4144.8  0.97216  
4148.9  0.97157  
4153.0  0.97342  
4157.099999999999  0.97448  
4161.2  0.97305  
4165.2  0.9728  
4169.3  0.97179  
4173.4  0.97002  
4177.5  0.97088  
4181.6  0.97469  
4185.7  0.97474  
4189.8  0.96765  
4193.8  0.96497  
4197.900000000001  0.96893  
4202.0  0.96809  
4206.1  0.9648  
4210.2  0.96871  
4214.3  0.97344  
4218.4  0.97192  
4222.5  0.97031  
4226.6  0.97301  
4230.7  0.97638  
4234.8  0.97768  
4238.8  0.97825  
4242.900000000001  0.97545  
4247.0  0.97176  
4251.1  0.97307  
4255.2  0.97488  
4259.3  0.97348  
4263.4  0.9725  
4267.5  0.97413  
4271.6  0.97256  
4275.7  0.96761  
4279.8  0.96742  
4283.9  0.97003  
4288.0  0.96935  
4292.099999999999  0.96823  
4296.2  0.96984  
4300.299999999999  0.97278  
4304.4  0.97532  
4308.5  0.97496  
4312.6  0.97337  
4316.7  0.97394  
4320.8  0.97666  
4324.9  0.97626  
4329.0  0.97399  
4333.1  0.97668  
4337.200000000001  0.97769  
4341.3  0.97634  
4345.400000000001  0.97638  
4349.5  0.97654  
4353.7  0.97608  
4357.799999999999  0.97474  
4361.9  0.97167  
4366.0  0.96964  
4370.1  0.97019  
4374.2  0.97186  
4378.3  0.9736  
4382.4  0.97229  
4386.5  0.97062  
4390.6  0.97479  
4394.700000000001  0.97953  
4398.9  0.97802  
4403.0  0.97664  
4407.099999999999  0.978  
4411.2  0.97602  
4415.299999999999  0.97501  
4419.4  0.97681  
4423.5  0.97755  
4427.7  0.97675  
4431.8  0.9764  
4435.9  0.97708  
4440.0  0.9774  
4444.1  0.97818  
4448.2  0.97823  
4452.4  0.97777  
4456.5  0.97946  
4460.6  0.9802  
4464.700000000001  0.97797  
4468.8  0.97599  
4472.900000000001  0.97645  
4477.099999999999  0.97856  
4481.2  0.97772  
4485.299999999999  0.97555  
4489.4  0.97523  
4493.6  0.97548  
4497.7  0.97816  
4501.8  0.98029  
4505.9  0.97708  
4510.1  0.97451  
4514.2  0.97614  
4518.3  0.97578  
4522.4  0.97616  
4526.6  0.97911  
4530.7  0.97825  
4534.8  0.97431  
4538.9  0.97288  
4543.1  0.97609  
4547.200000000001  0.97891  
4551.3  0.97929  
4555.400000000001  0.9795  
4559.599999999999  0.97806  
4563.7  0.97629  
4567.799999999999  0.97524  
4572.0  0.97773  
4576.1  0.97911  
4580.2  0.97691  
4584.4  0.97894  
4588.5  0.98112  
4592.6  0.9785  
4596.8  0.97488  
4600.9  0.975  
4605.0  0.9781  
4609.2  0.97816  
4613.3  0.97497  
4617.4  0.9768  
4621.6  0.98002  
4625.7  0.97634  
4629.9  0.97437  
4634.0  0.97565  
4638.1  0.97507  
4642.3  0.9748  
4646.4  0.97429  
4650.5  0.97482  
4654.700000000001  0.97691  
4658.8  0.97622  
4663.0  0.97322  
4667.099999999999  0.9708  
4671.3  0.97129  
4675.400000000001  0.97766  
4679.5  0.98206  
4683.7  0.98103  
4687.799999999999  0.98036  
4692.0  0.97768  
4696.1  0.97218  
4700.299999999999  0.97087  
4704.4  0.97429  
4708.5  0.97559  
4712.7  0.97504  
4716.8  0.97328  
4721.0  0.96793  
4725.1  0.96563  
4729.3  0.9709  
4733.4  0.97415  
4737.6  0.97093  
4741.7  0.96625  
4745.9  0.96193  
4750.0  0.96539  
4754.2  0.97299  
4758.3  0.97315  
4762.5  0.96979  
4766.6  0.96732  
4770.8  0.96767  
4774.9  0.96788  
4779.1  0.97007  
4783.3  0.97369  
4787.4  0.97277  
4791.6  0.97168  
4795.7  0.97365  
4799.9  0.97612  
4804.0  0.97647  
4808.2  0.97343  
4812.3  0.96998  
4816.5  0.96818  
4820.7  0.96825  
4824.8  0.96903  
4829.0  0.96902  
4833.1  0.96946  
4837.3  0.97037  
4841.5  0.97012  
4845.6  0.97022  
4849.8  0.97342  
4853.9  0.97614  
4858.1  0.97916  
4862.3  0.98055  
4866.4  0.9795  
4870.6  0.9785  
4874.8  0.979  
4878.9  0.97408  
4883.1  0.97123  
4887.3  0.97215  
4891.4  0.97238  
4895.6  0.97485  
4899.8  0.97539  
4903.9  0.97289  
4908.1  0.97218  
4912.3  0.96822  
4916.4  0.96175  
4920.6  0.96397  
4924.8  0.97087  
4928.9  0.97201  
4933.1  0.96457  
4937.3  0.96233  
4941.5  0.96656  
4945.6  0.96601  
4949.8  0.96504  
4954.0  0.96648  
4958.1  0.96799  
4962.3  0.96707  
4966.5  0.96527  
4970.7  0.96847  
4974.8  0.97273  
4979.0  0.97016  
4983.2  0.96484  
4987.4  0.96767  
4991.5  0.97495  
4995.7  0.97696  
4999.9  0.97204  
5004.1  0.96665  
5008.3  0.96823  
5012.4  0.97379  
5016.6  0.97602  
5020.8  0.9705  
5025.0  0.96512  
5029.1  0.96902  
5033.3  0.97229  
5037.5  0.96736  
5041.7  0.96381  
5045.9  0.96724  
5050.1  0.96668  
5054.2  0.95879  
5058.4  0.95706  
5062.6  0.96347  
5066.8  0.96618  
5071.0  0.96253  
5075.2  0.96683  
5079.4  0.97695  
5083.5  0.97638  
5087.7  0.9739  
5091.9  0.97149  
5096.1  0.96694  
5100.299999999999  0.96576  
5104.5  0.96932  
5108.7  0.97164  
5112.900000000001  0.96813  
5117.0  0.96665  
5121.2  0.96655  
5125.4  0.96327  
5129.6  0.96024  
5133.8  0.96204  
5138.0  0.9633  
5142.200000000001  0.9572  
5146.4  0.95502  
5150.599999999999  0.95555  
5154.8  0.95003  
5159.0  0.95506  
5163.200000000001  0.96257  
5167.4  0.95671  
5171.599999999999  0.95044  
5175.700000000001  0.9559  
5179.9  0.96718  
5184.099999999999  0.96467  
5188.3  0.95692  
5192.5  0.95879  
5196.7  0.95912  
5200.900000000001  0.95398  
5205.1  0.95307  
5209.299999999999  0.96072  
5213.5  0.95807  
5217.7  0.94555  
5221.900000000001  0.94663  
5226.1  0.96132  
5230.299999999999  0.97093  
5234.5  0.96719  
5238.7  0.95709  
5242.9  0.95433  
5247.1  0.96057  
5251.3  0.96224  
5255.599999999999  0.96362  
5259.8  0.96243  
5264.0  0.9534  
5268.200000000001  0.95021  
5272.4  0.9594  
5276.599999999999  0.96862  
5280.8  0.96776  
5285.0  0.96321  
5289.2  0.96465  
5293.400000000001  0.96726  
5297.6  0.96518  
5301.799999999999  0.967  
5306.0  0.9664  
5310.2  0.95678  
5314.5  0.95098  
5318.7  0.95326  
5322.9  0.96042  
5327.1  0.96671  
5331.3  0.97029  
5335.5  0.97134  
5339.700000000001  0.96871  
5343.9  0.96803  
5348.200000000001  0.96873  
5352.4  0.96418  
5356.599999999999  0.96348  
5360.8  0.97124  
5365.0  0.97399  
5369.2  0.97117  
5373.400000000001  0.96585  
5377.7  0.96077  
5381.900000000001  0.9671  
5386.1  0.97142  
5390.299999999999  0.96662  
5394.5  0.96343  
5398.8  0.96285  
5403.0  0.95838  
5407.200000000001  0.94569  
5411.4  0.93667  
5415.599999999999  0.92686  
5419.9  0.9058  
5424.099999999999  0.8822  
5428.3  0.85277  
5432.5  0.80949  
5436.7  0.75221  
5441.0  0.68764  
5445.2  0.6222  
5449.400000000001  0.55459  
5453.6  0.48612  
5457.9  0.41956  
5462.1  0.35675  
5466.3  0.29966  
5470.5  0.24672  
5474.8  0.19988  
5479.0  0.16399  
5483.200000000001  0.13849  
5487.4  0.11815  
5491.7  0.09879  
5495.900000000001  0.0805  
5500.1  0.06497  
5504.400000000001  0.05326  
5508.6  0.04517  
5512.799999999999  0.0384  
5517.1  0.03083  
5521.3  0.02469  
5525.5  0.02126  
5529.700000000001  0.01883  
5534.0  0.01599  
5538.200000000001  0.01354  
5542.4  0.01282  
5546.7  0.013  
5550.900000000001  0.0129  
5555.1  0.0119  
5559.400000000001  0.01061  
5563.6  0.00932  
5567.9  0.00888  
5572.1  0.00929  
5576.3  0.00948  
5580.599999999999  0.00919  
5584.8  0.00851  
5589.0  0.00874  
5593.3  0.01009  
5597.5  0.00963  
5601.799999999999  0.00776  
5606.0  0.00694  
5610.2  0.00691  
5614.5  0.00671  
5618.7  0.00615  
5623.0  0.00563  
5627.200000000001  0.00569  
5631.4  0.00677  
5635.700000000001  0.00722  
5639.9  0.00663  
5644.2  0.0062  
5648.400000000001  0.00608  
5652.7  0.0063  
5656.900000000001  0.00661  
5661.1  0.00638  
5665.4  0.0058  
5669.6  0.00505  
5673.9  0.00414  
5678.099999999999  0.0036  
5682.4  0.00322  
5686.599999999999  0.00322  
5690.900000000001  0.0033  
5695.1  0.00288  
5699.400000000001  0.00221  
5703.6  0.00181  
5707.9  0.00197  
5712.1  0.00208  
5716.4  0.00188  
5720.599999999999  0.0019  
5724.9  0.002  
5729.099999999999  0.002  
5733.400000000001  0.00186  
5737.6  0.00155  
5741.900000000001  0.00149  
5746.1  0.00158  

