@MEASUREMENT_RADIUS 27.0 cm
#lambda:
#tr:
#end
3803.5  0.00643  
3807.6  0.00651  
3811.6000000000004  0.00576  
3815.7  0.00569  
3819.7000000000003  0.00587  
3823.8  0.00574  
3827.7999999999997  0.00565  
3831.8  0.00588  
3835.8999999999996  0.00621  
3839.9  0.00571  
3844.0  0.00533  
3848.0  0.00599  
3852.1  0.00618  
3856.1000000000004  0.00576  
3860.2  0.00605  
3864.2000000000003  0.00641  
3868.2999999999997  0.00637  
3872.3  0.00616  
3876.3999999999996  0.00578  
3880.4  0.0055  
3884.5  0.00612  
3888.5  0.00694  
3892.6  0.00696  
3896.6000000000004  0.0067  
3900.7  0.00642  
3904.8  0.00635  
3908.8  0.00672  
3912.9  0.0071  
3916.9  0.00723  
3921.0  0.00781  
3925.0  0.00948  
3929.1000000000004  0.01114  
3933.1  0.01295  
3937.2000000000003  0.01664  
3941.3  0.02279  
3945.2999999999997  0.03077  
3949.4  0.04068  
3953.3999999999996  0.05429  
3957.5  0.07283  
3961.6000000000004  0.09692  
3965.6  0.12746  
3969.7000000000003  0.16703  
3973.8  0.22002  
3977.7999999999997  0.28893  
3981.9  0.37095  
3985.8999999999996  0.46236  
3990.0  0.56182  
3994.1000000000004  0.66479  
3998.1  0.76247  
4002.2000000000003  0.84466  
4006.3  0.90203  
4010.2999999999997  0.93493  
4014.4  0.95438  
4018.5  0.96383  
4022.5  0.96172  
4026.6000000000004  0.95634  
4030.7  0.95764  
4034.7000000000003  0.96318  
4038.8  0.96461  
4042.9  0.96303  
4047.0  0.96401  
4051.0  0.96466  
4055.1  0.96519  
4059.2000000000003  0.96635  
4063.2999999999997  0.96561  
4067.3  0.96531  
4071.3999999999996  0.96789  
4075.5  0.97067  
4079.5  0.9715  
4083.6000000000004  0.97318  
4087.7  0.97546  
4091.8  0.97667  
4095.8999999999996  0.97649  
4099.9  0.97645  
4104.0  0.97672  
4108.1  0.97465  
4112.200000000001  0.97132  
4116.2  0.96896  
4120.299999999999  0.9692  
4124.4  0.97034  
4128.5  0.96594  
4132.6  0.96079  
4136.7  0.96415  
4140.7  0.97088  
4144.8  0.97313  
4148.9  0.97202  
4153.0  0.97209  
4157.099999999999  0.97252  
4161.2  0.97234  
4165.2  0.9731  
4169.3  0.97246  
4173.4  0.97133  
4177.5  0.97175  
4181.6  0.97394  
4185.7  0.9731  
4189.8  0.96646  
4193.8  0.96425  
4197.900000000001  0.9687  
4202.0  0.96865  
4206.1  0.96596  
4210.2  0.96988  
4214.3  0.97413  
4218.4  0.97249  
4222.5  0.9706  
4226.6  0.9725  
4230.7  0.97602  
4234.8  0.97762  
4238.8  0.97744  
4242.900000000001  0.9747  
4247.0  0.97148  
4251.1  0.97227  
4255.2  0.97407  
4259.3  0.97278  
4263.4  0.97161  
4267.5  0.9739  
4271.6  0.97347  
4275.7  0.96861  
4279.8  0.96802  
4283.9  0.971  
4288.0  0.9709  
4292.099999999999  0.96959  
4296.2  0.97061  
4300.299999999999  0.97242  
4304.4  0.97398  
4308.5  0.97388  
4312.6  0.97322  
4316.7  0.97421  
4320.8  0.97662  
4324.9  0.97614  
4329.0  0.97381  
4333.1  0.97596  
4337.200000000001  0.9774  
4341.3  0.97665  
4345.400000000001  0.9763  
4349.5  0.97544  
4353.7  0.97478  
4357.799999999999  0.97411  
4361.9  0.97107  
4366.0  0.96906  
4370.1  0.96996  
4374.2  0.97157  
4378.3  0.97305  
4382.4  0.97152  
4386.5  0.97032  
4390.6  0.97614  
4394.700000000001  0.98146  
4398.9  0.97849  
4403.0  0.97559  
4407.099999999999  0.97686  
4411.2  0.97597  
4415.299999999999  0.97583  
4419.4  0.97764  
4423.5  0.97778  
4427.7  0.9764  
4431.8  0.97613  
4435.9  0.97737  
4440.0  0.9776  
4444.1  0.97791  
4448.2  0.97823  
4452.4  0.97785  
4456.5  0.97865  
4460.6  0.97914  
4464.700000000001  0.97731  
4468.8  0.97538  
4472.900000000001  0.97611  
4477.099999999999  0.97916  
4481.2  0.97899  
4485.299999999999  0.97681  
4489.4  0.97546  
4493.6  0.97457  
4497.7  0.97773  
4501.8  0.98129  
4505.9  0.97851  
4510.1  0.97454  
4514.2  0.97439  
4518.3  0.97362  
4522.4  0.97508  
4526.6  0.97895  
4530.7  0.97812  
4534.8  0.97435  
4538.9  0.97427  
4543.1  0.97822  
4547.200000000001  0.97903  
4551.3  0.97746  
4555.400000000001  0.97857  
4559.599999999999  0.97886  
4563.7  0.97736  
4567.799999999999  0.97599  
4572.0  0.97904  
4576.1  0.98  
4580.2  0.97574  
4584.4  0.97664  
4588.5  0.97982  
4592.6  0.97882  
4596.8  0.97548  
4600.9  0.97445  
4605.0  0.97598  
4609.2  0.97585  
4613.3  0.97404  
4617.4  0.97631  
4621.6  0.97875  
4625.7  0.97511  
4629.9  0.97427  
4634.0  0.97587  
4638.1  0.97479  
4642.3  0.97438  
4646.4  0.97437  
4650.5  0.97525  
4654.700000000001  0.97644  
4658.8  0.97478  
4663.0  0.97221  
4667.099999999999  0.9711  
4671.3  0.97253  
4675.400000000001  0.97854  
4679.5  0.98179  
4683.7  0.97976  
4687.799999999999  0.97946  
4692.0  0.97827  
4696.1  0.97334  
4700.299999999999  0.97045  
4704.4  0.97196  
4708.5  0.97359  
4712.7  0.97378  
4716.8  0.97166  
4721.0  0.96649  
4725.1  0.96476  
4729.3  0.97062  
4733.4  0.97545  
4737.6  0.97304  
4741.7  0.96671  
4745.9  0.96153  
4750.0  0.96602  
4754.2  0.97396  
4758.3  0.97357  
4762.5  0.96943  
4766.6  0.96658  
4770.8  0.96734  
4774.9  0.96824  
4779.1  0.97063  
4783.3  0.97427  
4787.4  0.97333  
4791.6  0.97147  
4795.7  0.97244  
4799.9  0.97511  
4804.0  0.97631  
4808.2  0.9733  
4812.3  0.96975  
4816.5  0.96883  
4820.7  0.96943  
4824.8  0.96984  
4829.0  0.96981  
4833.1  0.97052  
4837.3  0.97093  
4841.5  0.96936  
4845.6  0.96874  
4849.8  0.97305  
4853.9  0.97727  
4858.1  0.98017  
4862.3  0.98118  
4866.4  0.97953  
4870.6  0.97747  
4874.8  0.97728  
4878.9  0.9736  
4883.1  0.97068  
4887.3  0.97044  
4891.4  0.97014  
4895.6  0.97272  
4899.8  0.97327  
4903.9  0.97107  
4908.1  0.97101  
4912.3  0.96787  
4916.4  0.96206  
4920.6  0.96421  
4924.8  0.9714  
4928.9  0.97314  
4933.1  0.96487  
4937.3  0.96037  
4941.5  0.96369  
4945.6  0.96537  
4949.8  0.96676  
4954.0  0.96778  
4958.1  0.96796  
4962.3  0.96727  
4966.5  0.96622  
4970.7  0.96973  
4974.8  0.9743  
4979.0  0.97114  
4983.2  0.96477  
4987.4  0.9679  
4991.5  0.97518  
4995.7  0.97615  
4999.9  0.97083  
5004.1  0.96693  
5008.3  0.96908  
5012.4  0.9733  
5016.6  0.97399  
5020.8  0.9679  
5025.0  0.96401  
5029.1  0.96937  
5033.3  0.97198  
5037.5  0.96657  
5041.7  0.96352  
5045.9  0.96737  
5050.1  0.96713  
5054.2  0.9598  
5058.4  0.95861  
5062.6  0.96498  
5066.8  0.96781  
5071.0  0.96375  
5075.2  0.96555  
5079.4  0.97436  
5083.5  0.97502  
5087.7  0.97352  
5091.9  0.97161  
5096.1  0.96724  
5100.299999999999  0.96576  
5104.5  0.9685  
5108.7  0.97115  
5112.900000000001  0.9692  
5117.0  0.96824  
5121.2  0.96685  
5125.4  0.96084  
5129.6  0.95753  
5133.8  0.96199  
5138.0  0.96395  
5142.200000000001  0.95759  
5146.4  0.95716  
5150.599999999999  0.95805  
5154.8  0.94992  
5159.0  0.95459  
5163.200000000001  0.96424  
5167.4  0.95864  
5171.599999999999  0.95171  
5175.700000000001  0.95747  
5179.9  0.96928  
5184.099999999999  0.96611  
5188.3  0.95716  
5192.5  0.95918  
5196.7  0.96019  
5200.900000000001  0.95447  
5205.1  0.95222  
5209.299999999999  0.95927  
5213.5  0.95691  
5217.7  0.94588  
5221.900000000001  0.94799  
5226.1  0.96216  
5230.299999999999  0.97138  
5234.5  0.96849  
5238.7  0.959  
5242.9  0.95525  
5247.1  0.95948  
5251.3  0.96154  
5255.599999999999  0.9655  
5259.8  0.9646  
5264.0  0.95394  
5268.200000000001  0.95088  
5272.4  0.96137  
5276.599999999999  0.96877  
5280.8  0.96381  
5285.0  0.96038  
5289.2  0.96668  
5293.400000000001  0.96937  
5297.6  0.96419  
5301.799999999999  0.9647  
5306.0  0.96668  
5310.2  0.96006  
5314.5  0.95387  
5318.7  0.95421  
5322.9  0.96099  
5327.1  0.96696  
5331.3  0.97024  
5335.5  0.97213  
5339.700000000001  0.96941  
5343.9  0.96666  
5348.200000000001  0.96638  
5352.4  0.96334  
5356.599999999999  0.96443  
5360.8  0.97297  
5365.0  0.97482  
5369.2  0.97106  
5373.400000000001  0.96614  
5377.7  0.96202  
5381.900000000001  0.96826  
5386.1  0.97087  
5390.299999999999  0.96369  
5394.5  0.95993  
5398.8  0.96142  
5403.0  0.95872  
5407.200000000001  0.94531  
5411.4  0.93451  
5415.599999999999  0.92415  
5419.9  0.90228  
5424.099999999999  0.87561  
5428.3  0.84321  
5432.5  0.79883  
5436.7  0.74172  
5441.0  0.67677  
5445.2  0.61097  
5449.400000000001  0.54363  
5453.6  0.47518  
5457.9  0.40693  
5462.1  0.34235  
5466.3  0.28649  
5470.5  0.23735  
5474.8  0.19288  
5479.0  0.15695  
5483.200000000001  0.13145  
5487.4  0.11233  
5491.7  0.09437  
5495.900000000001  0.07743  
5500.1  0.06319  
5504.400000000001  0.0513  
5508.6  0.04208  
5512.799999999999  0.03502  
5517.1  0.02824  
5521.3  0.02352  
5525.5  0.02134  
5529.700000000001  0.01932  
5534.0  0.0165  
5538.200000000001  0.01322  
5542.4  0.01124  
5546.7  0.01177  
5550.900000000001  0.01339  
5555.1  0.01242  
5559.400000000001  0.01005  
5563.6  0.00868  
5567.9  0.00864  
5572.1  0.00878  
5576.3  0.00853  
5580.599999999999  0.00788  
5584.8  0.00745  
5589.0  0.00869  
5593.3  0.01069  
5597.5  0.00998  
5601.799999999999  0.00787  
5606.0  0.00699  
5610.2  0.00703  
5614.5  0.00654  
5618.7  0.00552  
5623.0  0.00504  
5627.200000000001  0.00556  
5631.4  0.00605  
5635.700000000001  0.00555  
5639.9  0.00502  
5644.2  0.00533  
5648.400000000001  0.00516  
5652.7  0.00442  
5656.900000000001  0.00465  
5661.1  0.00548  
5665.4  0.00598  
5669.6  0.00535  
5673.9  0.00393  
5678.099999999999  0.00339  
5682.4  0.00387  
5686.599999999999  0.004  
5690.900000000001  0.00306  
5695.1  0.00239  
5699.400000000001  0.00227  
5703.6  0.00209  
5707.9  0.00199  
5712.1  0.00205  
5716.4  0.00184  
5720.599999999999  0.00163  
5724.9  0.00169  
5729.099999999999  0.00191  
5733.400000000001  0.00204  
5737.6  0.00175  
5741.900000000001  0.00148  
5746.1  0.00147  

