@MEASUREMENT_RADIUS 28.0 cm
#lambda:
#tr:
#end
3803.5  0.00715  
3807.6  0.00637  
3811.6000000000004  0.00528  
3815.7  0.00516  
3819.7000000000003  0.0056  
3823.8  0.00575  
3827.7999999999997  0.00548  
3831.8  0.00531  
3835.8999999999996  0.00546  
3839.9  0.00495  
3844.0  0.00431  
3848.0  0.0052  
3852.1  0.00579  
3856.1000000000004  0.00525  
3860.2  0.00519  
3864.2000000000003  0.00552  
3868.2999999999997  0.00515  
3872.3  0.00496  
3876.3999999999996  0.00567  
3880.4  0.00622  
3884.5  0.00578  
3888.5  0.005  
3892.6  0.00481  
3896.6000000000004  0.00592  
3900.7  0.00709  
3904.8  0.00651  
3908.8  0.0055  
3912.9  0.00615  
3916.9  0.00754  
3921.0  0.00865  
3925.0  0.00954  
3929.1000000000004  0.01019  
3933.1  0.01195  
3937.2000000000003  0.01574  
3941.3  0.02145  
3945.2999999999997  0.02892  
3949.4  0.03861  
3953.3999999999996  0.05154  
3957.5  0.06857  
3961.6000000000004  0.09158  
3965.6  0.12184  
3969.7000000000003  0.1604  
3973.8  0.21083  
3977.7999999999997  0.27589  
3981.9  0.35332  
3985.8999999999996  0.43939  
3990.0  0.53167  
3994.1000000000004  0.62634  
3998.1  0.71619  
4002.2000000000003  0.79151  
4006.3  0.84339  
4010.2999999999997  0.87172  
4014.4  0.88775  
4018.5  0.89661  
4022.5  0.89551  
4026.6000000000004  0.89  
4030.7  0.89015  
4034.7000000000003  0.89471  
4038.8  0.89565  
4042.9  0.89406  
4047.0  0.89538  
4051.0  0.89704  
4055.1  0.89844  
4059.2000000000003  0.89996  
4063.2999999999997  0.89949  
4067.3  0.89955  
4071.3999999999996  0.9024  
4075.5  0.90465  
4079.5  0.90488  
4083.6000000000004  0.90668  
4087.7  0.90804  
4091.8  0.90856  
4095.8999999999996  0.90954  
4099.9  0.91007  
4104.0  0.9095  
4108.1  0.90711  
4112.200000000001  0.90408  
4116.2  0.90183  
4120.299999999999  0.90224  
4124.4  0.90482  
4128.5  0.90221  
4132.6  0.89716  
4136.7  0.89896  
4140.7  0.90469  
4144.8  0.90669  
4148.9  0.90572  
4153.0  0.90687  
4157.099999999999  0.90783  
4161.2  0.90683  
4165.2  0.90667  
4169.3  0.90618  
4173.4  0.90528  
4177.5  0.90494  
4181.6  0.90629  
4185.7  0.90537  
4189.8  0.89939  
4193.8  0.89769  
4197.900000000001  0.90274  
4202.0  0.90372  
4206.1  0.90107  
4210.2  0.90485  
4214.3  0.91021  
4218.4  0.90822  
4222.5  0.90472  
4226.6  0.90654  
4230.7  0.91051  
4234.8  0.91152  
4238.8  0.91023  
4242.900000000001  0.9075  
4247.0  0.90619  
4251.1  0.90854  
4255.2  0.90967  
4259.3  0.90741  
4263.4  0.9058  
4267.5  0.90776  
4271.6  0.90807  
4275.7  0.90475  
4279.8  0.90421  
4283.9  0.90611  
4288.0  0.90594  
4292.099999999999  0.90524  
4296.2  0.9059  
4300.299999999999  0.90751  
4304.4  0.90991  
4308.5  0.91008  
4312.6  0.90874  
4316.7  0.90891  
4320.8  0.91079  
4324.9  0.91017  
4329.0  0.90804  
4333.1  0.91026  
4337.200000000001  0.91136  
4341.3  0.91024  
4345.400000000001  0.91028  
4349.5  0.91066  
4353.7  0.91049  
4357.799999999999  0.90868  
4361.9  0.9053  
4366.0  0.90466  
4370.1  0.90676  
4374.2  0.90817  
4378.3  0.90914  
4382.4  0.90799  
4386.5  0.90677  
4390.6  0.91086  
4394.700000000001  0.91501  
4398.9  0.91325  
4403.0  0.91196  
4407.099999999999  0.91417  
4411.2  0.91373  
4415.299999999999  0.91303  
4419.4  0.91402  
4423.5  0.91413  
4427.7  0.91303  
4431.8  0.91271  
4435.9  0.9136  
4440.0  0.91365  
4444.1  0.91363  
4448.2  0.91362  
4452.4  0.91357  
4456.5  0.91491  
4460.6  0.91555  
4464.700000000001  0.91407  
4468.8  0.91306  
4472.900000000001  0.91364  
4477.099999999999  0.91488  
4481.2  0.91376  
4485.299999999999  0.91212  
4489.4  0.91207  
4493.6  0.91236  
4497.7  0.91512  
4501.8  0.91752  
4505.9  0.91461  
4510.1  0.9117  
4514.2  0.9121  
4518.3  0.9112  
4522.4  0.91197  
4526.6  0.91539  
4530.7  0.91472  
4534.8  0.9109  
4538.9  0.91003  
4543.1  0.91304  
4547.200000000001  0.91493  
4551.3  0.9148  
4555.400000000001  0.91503  
4559.599999999999  0.91415  
4563.7  0.9133  
4567.799999999999  0.9131  
4572.0  0.91581  
4576.1  0.91706  
4580.2  0.91412  
4584.4  0.9146  
4588.5  0.91633  
4592.6  0.91559  
4596.8  0.91387  
4600.9  0.91346  
4605.0  0.91407  
4609.2  0.91231  
4613.3  0.90931  
4617.4  0.91143  
4621.6  0.91535  
4625.7  0.91322  
4629.9  0.91128  
4634.0  0.91166  
4638.1  0.91187  
4642.3  0.91291  
4646.4  0.91273  
4650.5  0.91306  
4654.700000000001  0.91461  
4658.8  0.91317  
4663.0  0.90983  
4667.099999999999  0.90852  
4671.3  0.91041  
4675.400000000001  0.9161  
4679.5  0.91925  
4683.7  0.91813  
4687.799999999999  0.91761  
4692.0  0.91535  
4696.1  0.91018  
4700.299999999999  0.90788  
4704.4  0.90968  
4708.5  0.91129  
4712.7  0.91229  
4716.8  0.91032  
4721.0  0.90356  
4725.1  0.90095  
4729.3  0.90768  
4733.4  0.91369  
4737.6  0.91162  
4741.7  0.90526  
4745.9  0.90081  
4750.0  0.90584  
4754.2  0.91315  
4758.3  0.91201  
4762.5  0.90792  
4766.6  0.90541  
4770.8  0.90611  
4774.9  0.90687  
4779.1  0.9095  
4783.3  0.91251  
4787.4  0.91077  
4791.6  0.90923  
4795.7  0.9113  
4799.9  0.91468  
4804.0  0.91528  
4808.2  0.91219  
4812.3  0.90928  
4816.5  0.90778  
4820.7  0.90779  
4824.8  0.90859  
4829.0  0.90958  
4833.1  0.91092  
4837.3  0.90982  
4841.5  0.90679  
4845.6  0.90672  
4849.8  0.91191  
4853.9  0.91671  
4858.1  0.91962  
4862.3  0.92025  
4866.4  0.91832  
4870.6  0.91601  
4874.8  0.91476  
4878.9  0.91085  
4883.1  0.90879  
4887.3  0.90898  
4891.4  0.90981  
4895.6  0.91247  
4899.8  0.91248  
4903.9  0.91007  
4908.1  0.90974  
4912.3  0.90668  
4916.4  0.90165  
4920.6  0.90421  
4924.8  0.91041  
4928.9  0.91115  
4933.1  0.90403  
4937.3  0.90085  
4941.5  0.90408  
4945.6  0.90466  
4949.8  0.90583  
4954.0  0.9081  
4958.1  0.90812  
4962.3  0.90652  
4966.5  0.90616  
4970.7  0.90968  
4974.8  0.91286  
4979.0  0.90975  
4983.2  0.9048  
4987.4  0.90744  
4991.5  0.91369  
4995.7  0.91524  
4999.9  0.91038  
5004.1  0.90548  
5008.3  0.90757  
5012.4  0.91295  
5016.6  0.91438  
5020.8  0.90807  
5025.0  0.90342  
5029.1  0.90928  
5033.3  0.91287  
5037.5  0.90785  
5041.7  0.90423  
5045.9  0.90643  
5050.1  0.90444  
5054.2  0.8971  
5058.4  0.89822  
5062.6  0.90582  
5066.8  0.90751  
5071.0  0.90235  
5075.2  0.90499  
5079.4  0.91438  
5083.5  0.91424  
5087.7  0.91244  
5091.9  0.91127  
5096.1  0.90738  
5100.299999999999  0.90524  
5104.5  0.90827  
5108.7  0.91141  
5112.900000000001  0.90852  
5117.0  0.90677  
5121.2  0.90572  
5125.4  0.90145  
5129.6  0.89902  
5133.8  0.90185  
5138.0  0.90261  
5142.200000000001  0.89652  
5146.4  0.895  
5150.599999999999  0.89491  
5154.8  0.89023  
5159.0  0.89848  
5163.200000000001  0.90806  
5167.4  0.90126  
5171.599999999999  0.89281  
5175.700000000001  0.89718  
5179.9  0.9088  
5184.099999999999  0.90663  
5188.3  0.89924  
5192.5  0.90099  
5196.7  0.90056  
5200.900000000001  0.89502  
5205.1  0.89354  
5209.299999999999  0.90009  
5213.5  0.89849  
5217.7  0.88857  
5221.900000000001  0.88907  
5226.1  0.90067  
5230.299999999999  0.91021  
5234.5  0.90963  
5238.7  0.90074  
5242.9  0.89619  
5247.1  0.9007  
5251.3  0.90343  
5255.599999999999  0.90735  
5259.8  0.90626  
5264.0  0.89584  
5268.200000000001  0.89307  
5272.4  0.90317  
5276.599999999999  0.91061  
5280.8  0.90601  
5285.0  0.90231  
5289.2  0.90762  
5293.400000000001  0.90883  
5297.6  0.90249  
5301.799999999999  0.90331  
5306.0  0.90674  
5310.2  0.90194  
5314.5  0.89788  
5318.7  0.89879  
5322.9  0.90302  
5327.1  0.90678  
5331.3  0.90995  
5335.5  0.91302  
5339.700000000001  0.91329  
5343.9  0.91162  
5348.200000000001  0.90804  
5352.4  0.90281  
5356.599999999999  0.90481  
5360.8  0.91262  
5365.0  0.91263  
5369.2  0.90914  
5373.400000000001  0.90662  
5377.7  0.90364  
5381.900000000001  0.9094  
5386.1  0.91216  
5390.299999999999  0.90536  
5394.5  0.90124  
5398.8  0.902  
5403.0  0.89892  
5407.200000000001  0.88586  
5411.4  0.87601  
5415.599999999999  0.86686  
5419.9  0.84682  
5424.099999999999  0.82217  
5428.3  0.79099  
5432.5  0.7472  
5436.7  0.69164  
5441.0  0.63048  
5445.2  0.56867  
5449.400000000001  0.50412  
5453.6  0.43788  
5457.9  0.37398  
5462.1  0.31555  
5466.3  0.26391  
5470.5  0.21675  
5474.8  0.1754  
5479.0  0.14365  
5483.200000000001  0.12101  
5487.4  0.10298  
5491.7  0.08507  
5495.900000000001  0.06805  
5500.1  0.05545  
5504.400000000001  0.04694  
5508.6  0.04083  
5512.799999999999  0.03555  
5517.1  0.02817  
5521.3  0.0212  
5525.5  0.01804  
5529.700000000001  0.01649  
5534.0  0.01449  
5538.200000000001  0.01271  
5542.4  0.0124  
5546.7  0.0121  
5550.900000000001  0.00992  
5555.1  0.00822  
5559.400000000001  0.00907  
5563.6  0.00966  
5567.9  0.00873  
5572.1  0.00765  
5576.3  0.0076  
5580.599999999999  0.00797  
5584.8  0.00809  
5589.0  0.00791  
5593.3  0.00761  
5597.5  0.00686  
5601.799999999999  0.00637  
5606.0  0.00619  
5610.2  0.00583  
5614.5  0.00537  
5618.7  0.0048  
5623.0  0.00502  
5627.200000000001  0.00629  
5631.4  0.00632  
5635.700000000001  0.00535  
5639.9  0.00534  
5644.2  0.00554  
5648.400000000001  0.0051  
5652.7  0.00457  
5656.900000000001  0.00466  
5661.1  0.0046  
5665.4  0.00444  
5669.6  0.00424  
5673.9  0.00363  
5678.099999999999  0.00325  
5682.4  0.00348  
5686.599999999999  0.00395  
5690.900000000001  0.00363  
5695.1  0.00265  
5699.400000000001  0.00191  
5703.6  0.00172  
5707.9  0.00157  
5712.1  0.0011  
5716.4  0.00097  
5720.599999999999  0.00143  
5724.9  0.00177  
5729.099999999999  0.00186  
5733.400000000001  0.0018  
5737.6  0.00147  
5741.900000000001  0.00141  
5746.1  0.0016  

