@MEASUREMENT_RADIUS 9.0 cm
#lambda:
#tr:
#end
6251.799999999999  0.00218  
6256.1  0.00213  
6260.4  0.00211  
6264.700000000001  0.00213  
6269.0  0.00212  
6273.3  0.00211  
6277.6  0.00229  
6281.900000000001  0.00242  
6286.2  0.00236  
6290.5  0.00223  
6294.8  0.00218  
6299.099999999999  0.00221  
6303.400000000001  0.00232  
6307.7  0.00238  
6312.0  0.00246  
6316.3  0.00255  
6320.599999999999  0.00257  
6325.0  0.00249  
6329.299999999999  0.00248  
6333.6  0.00253  
6337.9  0.00244  
6342.200000000001  0.00243  
6346.5  0.00257  
6350.8  0.0026  
6355.1  0.00266  
6359.400000000001  0.00282  
6363.7  0.00278  
6368.099999999999  0.00269  
6372.4  0.00268  
6376.7  0.00268  
6381.0  0.00279  
6385.299999999999  0.00295  
6389.6  0.00297  
6393.9  0.00288  
6398.200000000001  0.00277  
6402.6  0.00277  
6406.900000000001  0.00292  
6411.2  0.00304  
6415.5  0.003  
6419.8  0.00286  
6424.099999999999  0.00274  
6428.5  0.00281  
6432.799999999999  0.00294  
6437.1  0.00294  
6441.4  0.00299  
6445.700000000001  0.0031  
6450.0  0.00311  
6454.400000000001  0.00309  
6458.7  0.00305  
6463.0  0.00303  
6467.3  0.00307  
6471.599999999999  0.00314  
6476.0  0.00308  
6480.299999999999  0.00291  
6484.6  0.00285  
6488.9  0.00293  
6493.3  0.00296  
6497.6  0.00298  
6501.900000000001  0.00302  
6506.2  0.00302  
6510.5  0.00306  
6514.9  0.00297  
6519.2  0.00286  
6523.5  0.00298  
6527.799999999999  0.0031  
6532.200000000001  0.00308  
6536.5  0.00307  
6540.8  0.00305  
6545.2  0.003  
6549.5  0.00289  
6553.8  0.00279  
6558.099999999999  0.00297  
6562.5  0.00313  
6566.799999999999  0.00312  
6571.1  0.00298  
6575.5  0.00294  
6579.8  0.00299  
6584.099999999999  0.00298  
6588.400000000001  0.00299  
6592.799999999999  0.00297  
6597.1  0.00295  
6601.4  0.00299  
6605.8  0.00303  
6610.1  0.00308  
6614.400000000001  0.00307  
6618.8  0.00296  
6623.099999999999  0.00303  
6627.4  0.00326  
6631.799999999999  0.00331  
6636.1  0.00317  
6640.4  0.00311  
6644.8  0.00311  
6649.099999999999  0.00321  
6653.5  0.00335  
6657.799999999999  0.00324  
6662.1  0.00319  
6666.5  0.00346  
6670.8  0.00356  
6675.1  0.00344  
6679.5  0.00332  
6683.8  0.00339  
6688.200000000001  0.00352  
6692.5  0.00354  
6696.799999999999  0.00349  
6701.2  0.00357  
6705.5  0.00367  
6709.9  0.00375  
6714.2  0.00369  
6718.5  0.00349  
6722.9  0.00339  
6727.200000000001  0.0035  
6731.599999999999  0.00371  
6735.900000000001  0.00386  
6740.299999999999  0.00384  
6744.6  0.00379  
6748.9  0.0038  
6753.3  0.0039  
6757.6  0.00395  
6762.0  0.00369  
6766.3  0.00359  
6770.700000000001  0.00377  
6775.0  0.00383  
6779.400000000001  0.00378  
6783.7  0.00375  
6788.099999999999  0.00382  
6792.4  0.00393  
6796.799999999999  0.00391  
6801.1  0.00379  
6805.5  0.00375  
6809.8  0.00387  
6814.2  0.00393  
6818.5  0.00389  
6822.9  0.00391  
6827.200000000001  0.00389  
6831.599999999999  0.00381  
6835.900000000001  0.00387  
6840.299999999999  0.00412  
6844.6  0.00417  
6849.0  0.00399  
6853.3  0.00396  
6857.7  0.00413  
6862.0  0.00424  
6866.4  0.00431  
6870.700000000001  0.00448  
6875.1  0.00456  
6879.5  0.00466  
6883.8  0.00496  
6888.200000000001  0.00547  
6892.5  0.00612  
6896.900000000001  0.00697  
6901.2  0.00817  
6905.599999999999  0.00985  
6910.0  0.01219  
6914.299999999999  0.01559  
6918.7  0.02027  
6923.0  0.02661  
6927.4  0.03511  
6931.799999999999  0.04656  
6936.1  0.06163  
6940.5  0.08049  
6944.8  0.10312  
6949.2  0.13013  
6953.6  0.16211  
6957.9  0.19931  
6962.3  0.242  
6966.599999999999  0.29003  
6971.0  0.3428  
6975.4  0.39936  
6979.700000000001  0.45878  
6984.099999999999  0.51974  
6988.5  0.58039  
6992.799999999999  0.63796  
6997.200000000001  0.68971  
7001.599999999999  0.73412  
7005.900000000001  0.77035  
7010.299999999999  0.79809  
7014.700000000001  0.81896  
7019.0  0.83519  
7023.400000000001  0.84786  
7027.799999999999  0.85796  
7032.1  0.86666  
7036.5  0.87443  
7040.900000000001  0.88176  
7045.2  0.88804  
7049.6  0.89314  
7054.0  0.89846  
7058.3  0.90357  
7062.7  0.90726  
7067.1  0.90982  
7071.5  0.91236  
7075.8  0.91487  
7080.2  0.91662  
7084.6  0.91792  
7088.9  0.919  
7093.3  0.91953  
7097.7  0.91963  
7102.1  0.91993  
7106.4  0.92033  
7110.8  0.9204  
7115.2  0.92053  
7119.6  0.92026  
7123.9  0.91915  
7128.3  0.91814  
7132.7  0.91713  
7137.1  0.91553  
7141.4  0.91384  
7145.8  0.91263  
7150.2  0.91118  
7154.6  0.90896  
7159.0  0.90722  
7163.3  0.90648  
7167.7  0.90569  
7172.1  0.90463  
7176.5  0.90403  
7180.900000000001  0.90386  
7185.2  0.90395  
7189.6  0.90425  
7194.0  0.90441  
7198.400000000001  0.90457  
7202.799999999999  0.90507  
7207.1  0.90566  
7211.5  0.90628  
7215.900000000001  0.90718  
7220.299999999999  0.90827  
7224.700000000001  0.90939  
7229.099999999999  0.91063  
7233.400000000001  0.91236  
7237.799999999999  0.91464  
7242.200000000001  0.91677  
7246.599999999999  0.91867  
7251.0  0.92073  
7255.4  0.92261  
7259.700000000001  0.92388  
7264.099999999999  0.92514  
7268.5  0.92697  
7272.9  0.92869  
7277.3  0.92952  
7281.7  0.92962  
7286.1  0.92947  
7290.5  0.92979  
7294.9  0.93062  
7299.2  0.93091  
7303.6  0.93053  
7308.0  0.93035  
7312.4  0.93068  
7316.799999999999  0.93044  
7321.2  0.92978  
7325.599999999999  0.92971  
7330.0  0.93013  
7334.400000000001  0.92994  
7338.8  0.92917  
7343.099999999999  0.9292  
7347.5  0.93023  
7351.900000000001  0.93067  
7356.3  0.93045  
7360.700000000001  0.93034  
7365.1  0.93033  
7369.5  0.9301  
7373.9  0.9302  
7378.3  0.93015  
7382.7  0.9296  
7387.1  0.92974  
7391.5  0.93039  
7395.900000000001  0.93088  
7400.299999999999  0.93064  
7404.700000000001  0.93009  
7409.099999999999  0.93007  
7413.5  0.93036  
7417.9  0.93066  
7422.3  0.93052  
7426.7  0.92977  
7431.1  0.92931  
7435.5  0.92914  
7439.9  0.9285  
7444.299999999999  0.92775  
7448.7  0.92768  
7453.099999999999  0.92786  
7457.5  0.92746  
7461.900000000001  0.92693  
7466.3  0.92675  
7470.700000000001  0.9268  
7475.1  0.92691  
7479.5  0.92691  
7483.9  0.92731  
7488.3  0.92759  
7492.7  0.92734  
7497.1  0.92755  
7501.5  0.9279  
7505.900000000001  0.92838  
7510.299999999999  0.92887  
7514.700000000001  0.92809  
7519.099999999999  0.92742  
7523.5  0.92804  
7527.9  0.9288  
7532.3  0.92909  
7536.799999999999  0.92888  
7541.2  0.92876  
7545.599999999999  0.92926  
7550.0  0.92951  
7554.400000000001  0.92956  
7558.8  0.93054  
7563.200000000001  0.93179  
7567.6  0.93217  
7572.0  0.93233  
7576.4  0.93292  
7580.8  0.93356  
7585.299999999999  0.934  
7589.700000000001  0.93473  
7594.099999999999  0.93546  
7598.5  0.93537  
7602.9  0.93472  
7607.3  0.93464  
7611.7  0.93514  
7616.1  0.93538  
7620.599999999999  0.93502  
7625.0  0.93429  
7629.400000000001  0.93396  
7633.8  0.93407  
7638.200000000001  0.93387  
7642.6  0.93332  
7647.0  0.93287  
7651.5  0.93285  
7655.900000000001  0.93269  
7660.299999999999  0.93239  
7664.700000000001  0.9323  
7669.099999999999  0.93275  
7673.5  0.9331  
7678.0  0.9327  
7682.4  0.93241  
7686.799999999999  0.93244  
7691.2  0.93262  
7695.599999999999  0.93249  
7700.0  0.93203  
7704.5  0.93154  
7708.9  0.93106  
7713.3  0.9308  
7717.7  0.93138  
7722.1  0.93178  
7726.599999999999  0.93065  
7731.0  0.92957  
7735.4  0.93  
7739.8  0.93081  
7744.299999999999  0.93023  
7748.7  0.92875  
7753.099999999999  0.92795  
7757.5  0.9277  
7761.900000000001  0.92743  
7766.4  0.92669  
7770.8  0.92583  
7775.2  0.92583  
7779.6  0.92556  
7784.099999999999  0.92426  
7788.5  0.92343  
7792.9  0.92321  
7797.3  0.92284  
7801.799999999999  0.92283  
7806.2  0.92288  
7810.599999999999  0.92223  
7815.0  0.92216  
7819.5  0.92296  
7823.9  0.92327  
7828.3  0.92345  
7832.799999999999  0.92451  
7837.200000000001  0.92532  
7841.599999999999  0.92547  
7846.0  0.92626  
7850.5  0.92724  
7854.9  0.92764  
7859.299999999999  0.92808  
7863.8  0.92871  
7868.200000000001  0.92934  
7872.6  0.92982  
7877.1  0.93009  
7881.5  0.93032  
7885.900000000001  0.9304  
7890.4  0.93027  
7894.8  0.93062  
7899.2  0.93124  
7903.7  0.9311  
7908.099999999999  0.93035  
7912.5  0.92997  
7917.0  0.93045  
7921.4  0.93142  
7925.8  0.93106  
7930.299999999999  0.93032  
7934.700000000001  0.93075  
7939.099999999999  0.93112  
7943.6  0.93121  
7948.0  0.93138  
7952.4  0.93147  
7956.900000000001  0.93121  
7961.3  0.9306  
7965.700000000001  0.93042  
7970.2  0.9306  
7974.6  0.93045  
7979.099999999999  0.92994  
7983.5  0.92933  
7987.9  0.92916  
7992.4  0.92924  
7996.799999999999  0.92899  
8001.3  0.92923  
8005.700000000001  0.92968  
8010.1  0.92895  
8014.6  0.92786  
8019.0  0.92756  
8023.5  0.92728  
8027.9  0.92712  
8032.3  0.92691  
8036.799999999999  0.92622  
8041.2  0.92546  
8045.700000000001  0.92474  
8050.1  0.92435  
8054.6  0.92434  
8059.0  0.92371  
8063.400000000001  0.92289  
8067.9  0.92298  
8072.3  0.9229  
8076.799999999999  0.92215  
8081.2  0.92134  
8085.700000000001  0.92131  
8090.1  0.9217  
8094.6  0.92164  
8099.0  0.92153  
8103.5  0.92201  
8107.9  0.92255  
8112.3  0.92266  
8116.799999999999  0.92212  
8121.2  0.92135  
8125.700000000001  0.92127  
8130.1  0.92196  
8134.6  0.92255  
8139.0  0.92203  
8143.5  0.92109  
8147.9  0.92081  
8152.4  0.92115  
8156.799999999999  0.92123  
8161.3  0.92069  
8165.700000000001  0.92022  
8170.2  0.91997  
8174.6  0.91931  
8179.099999999999  0.91874  
8183.5  0.91876  
8188.0  0.91877  
8192.4  0.91835  
8196.900000000001  0.91791  
8201.4  0.91814  
8205.800000000001  0.91892  
8210.3  0.91876  
8214.7  0.91753  
8219.199999999999  0.91703  
8223.6  0.91774  
8228.099999999999  0.91805  
8232.5  0.91715  
8237.0  0.91601  
8241.4  0.91584  
8245.9  0.91585  
8250.3  0.91539  
8254.8  0.915  
8259.3  0.91483  
8263.7  0.91448  
8268.2  0.91408  
8272.6  0.914  
8277.1  0.91363  
8281.5  0.91295  
8286.0  0.91307  
8290.5  0.9135  
8294.9  0.91346  
8299.400000000001  0.91289  
8303.8  0.91259  
8308.300000000001  0.91293  
8312.8  0.91304  
8317.2  0.91271  
8321.699999999999  0.91174  
8326.1  0.91131  
8330.599999999999  0.9118  
8335.1  0.91136  
8339.5  0.91021  
8344.0  0.90972  
8348.4  0.90971  
8352.9  0.90867  
8357.4  0.90704  
8361.8  0.9061  
8366.3  0.90599  
8370.800000000001  0.90572  
8375.2  0.90453  
8379.7  0.90373  
8384.199999999999  0.90336  
8388.6  0.90229  
8393.099999999999  0.90112  
8397.5  0.90055  
8402.0  0.89992  
8406.5  0.89821  
8410.9  0.89614  
8415.4  0.89418  
8419.9  0.89131  
8424.3  0.88845  
8428.8  0.88714  
8433.300000000001  0.88598  
8437.7  0.88356  
8442.2  0.88012  
8446.699999999999  0.87653  
8451.1  0.87392  
8455.599999999999  0.87125  
8460.1  0.86722  
8464.6  0.86241  
8469.0  0.85755  
8473.5  0.85197  
8478.0  0.84452  
8482.4  0.83527  
8486.900000000001  0.82381  
8491.4  0.81093  
8495.800000000001  0.79673  
8500.3  0.77953  
8504.8  0.75871  
8509.3  0.73455  
8513.7  0.70784  
8518.2  0.67825  
8522.7  0.64583  
8527.1  0.61145  
8531.6  0.57512  
8536.1  0.53669  
8540.599999999999  0.49683  
8545.0  0.45616  
8549.5  0.41427  
8554.0  0.37118  
8558.5  0.32804  
8562.9  0.28589  
8567.4  0.24544  
8571.900000000001  0.20759  
8576.4  0.17305  
8580.800000000001  0.14268  
8585.3  0.11651  
8589.8  0.09425  
8594.3  0.07642  
8598.7  0.06248  
8603.2  0.05146  
8607.7  0.04282  
8612.2  0.03611  
8616.699999999999  0.03123  
8621.1  0.02753  
8625.599999999999  0.02411  
8630.1  0.02125  
8634.6  0.01943  
8639.0  0.01799  
8643.5  0.01641  
8648.0  0.01487  
8652.5  0.01388  
8657.0  0.01324  
8661.4  0.01219  
8665.9  0.01111  
8670.4  0.01084  
8674.9  0.01065  
8679.400000000001  0.0101  
8683.8  0.00933  
8688.300000000001  0.00879  
8692.8  0.00886  
8697.3  0.00895  
8701.8  0.0085  
8706.3  0.00797  
8710.7  0.00782  
8715.2  0.00791  
8719.7  0.00802  
8724.199999999999  0.00793  
8728.7  0.00791  
8733.2  0.00788  
8737.6  0.00735  
8742.1  0.0069  
8746.6  0.00689  
8751.1  0.00713  
8755.599999999999  0.00757  
8760.1  0.00764  
8764.6  0.00752  
8769.0  0.00726  
8773.5  0.00723  
8778.0  0.00746  
8782.5  0.0075  
8787.0  0.00722  
8791.5  0.00716  
8796.0  0.00744  

