@MEASUREMENT_RADIUS 1.0 cm
#lambda:
#tr:
#end
6251.799999999999  0.00217  
6256.1  0.00212  
6260.4  0.00207  
6264.700000000001  0.00211  
6269.0  0.00215  
6273.3  0.00217  
6277.6  0.00221  
6281.900000000001  0.00222  
6286.2  0.00228  
6290.5  0.00232  
6294.8  0.00224  
6299.099999999999  0.00225  
6303.400000000001  0.00236  
6307.7  0.00243  
6312.0  0.00243  
6316.3  0.00233  
6320.599999999999  0.0024  
6325.0  0.00258  
6329.299999999999  0.00266  
6333.6  0.00269  
6337.9  0.00262  
6342.200000000001  0.00254  
6346.5  0.00257  
6350.8  0.00269  
6355.1  0.00282  
6359.400000000001  0.00284  
6363.7  0.00279  
6368.099999999999  0.0027  
6372.4  0.00264  
6376.7  0.00277  
6381.0  0.00292  
6385.299999999999  0.00291  
6389.6  0.00284  
6393.9  0.0029  
6398.200000000001  0.00304  
6402.6  0.00301  
6406.900000000001  0.00291  
6411.2  0.0029  
6415.5  0.00293  
6419.8  0.00294  
6424.099999999999  0.00294  
6428.5  0.00291  
6432.799999999999  0.00299  
6437.1  0.00306  
6441.4  0.00299  
6445.700000000001  0.00293  
6450.0  0.00293  
6454.400000000001  0.00307  
6458.7  0.00312  
6463.0  0.00305  
6467.3  0.00297  
6471.599999999999  0.00299  
6476.0  0.00302  
6480.299999999999  0.00293  
6484.6  0.00284  
6488.9  0.00287  
6493.3  0.00293  
6497.6  0.00299  
6501.900000000001  0.00303  
6506.2  0.00293  
6510.5  0.0028  
6514.9  0.0029  
6519.2  0.00307  
6523.5  0.00308  
6527.799999999999  0.003  
6532.200000000001  0.00299  
6536.5  0.00299  
6540.8  0.003  
6545.2  0.00312  
6549.5  0.00306  
6553.8  0.00281  
6558.099999999999  0.00287  
6562.5  0.00311  
6566.799999999999  0.00314  
6571.1  0.00296  
6575.5  0.00293  
6579.8  0.00297  
6584.099999999999  0.00303  
6588.400000000001  0.003  
6592.799999999999  0.00294  
6597.1  0.00293  
6601.4  0.00292  
6605.8  0.00302  
6610.1  0.00317  
6614.400000000001  0.00318  
6618.8  0.0031  
6623.099999999999  0.00306  
6627.4  0.00299  
6631.799999999999  0.00296  
6636.1  0.00306  
6640.4  0.00325  
6644.8  0.00335  
6649.099999999999  0.00339  
6653.5  0.00333  
6657.799999999999  0.0033  
6662.1  0.00345  
6666.5  0.00352  
6670.8  0.00336  
6675.1  0.00335  
6679.5  0.00346  
6683.8  0.00352  
6688.200000000001  0.00355  
6692.5  0.00361  
6696.799999999999  0.00351  
6701.2  0.00344  
6705.5  0.00357  
6709.9  0.00373  
6714.2  0.00364  
6718.5  0.00347  
6722.9  0.00354  
6727.200000000001  0.00372  
6731.599999999999  0.00381  
6735.900000000001  0.0037  
6740.299999999999  0.00357  
6744.6  0.00365  
6748.9  0.00379  
6753.3  0.00385  
6757.6  0.00374  
6762.0  0.00364  
6766.3  0.00374  
6770.700000000001  0.00382  
6775.0  0.00378  
6779.400000000001  0.00368  
6783.7  0.00364  
6788.099999999999  0.00376  
6792.4  0.00389  
6796.799999999999  0.00393  
6801.1  0.00389  
6805.5  0.00389  
6809.8  0.00385  
6814.2  0.00387  
6818.5  0.00399  
6822.9  0.00402  
6827.200000000001  0.00402  
6831.599999999999  0.00402  
6835.900000000001  0.00388  
6840.299999999999  0.00385  
6844.6  0.00406  
6849.0  0.00419  
6853.3  0.00411  
6857.7  0.00398  
6862.0  0.00414  
6866.4  0.00446  
6870.700000000001  0.0046  
6875.1  0.00468  
6879.5  0.00483  
6883.8  0.00518  
6888.200000000001  0.00583  
6892.5  0.00653  
6896.900000000001  0.00745  
6901.2  0.00897  
6905.599999999999  0.01112  
6910.0  0.01383  
6914.299999999999  0.01763  
6918.7  0.0231  
6923.0  0.03084  
6927.4  0.04112  
6931.799999999999  0.05447  
6936.1  0.07153  
6940.5  0.09254  
6944.8  0.11764  
6949.2  0.14748  
6953.6  0.18251  
6957.9  0.22291  
6962.3  0.26872  
6966.599999999999  0.31943  
6971.0  0.37457  
6975.4  0.43354  
6979.700000000001  0.49463  
6984.099999999999  0.55552  
6988.5  0.61406  
6992.799999999999  0.66786  
6997.200000000001  0.71515  
7001.599999999999  0.75454  
7005.900000000001  0.78514  
7010.299999999999  0.80789  
7014.700000000001  0.825  
7019.0  0.83874  
7023.400000000001  0.84981  
7027.799999999999  0.85862  
7032.1  0.86664  
7036.5  0.87395  
7040.900000000001  0.88053  
7045.2  0.88669  
7049.6  0.89251  
7054.0  0.89829  
7058.3  0.90365  
7062.7  0.90748  
7067.1  0.91001  
7071.5  0.91307  
7075.8  0.91602  
7080.2  0.91741  
7084.6  0.91824  
7088.9  0.91889  
7093.3  0.91924  
7097.7  0.91976  
7102.1  0.91978  
7106.4  0.91889  
7110.8  0.91781  
7115.2  0.91677  
7119.6  0.91564  
7123.9  0.91442  
7128.3  0.91299  
7132.7  0.91103  
7137.1  0.90885  
7141.4  0.90743  
7145.8  0.90633  
7150.2  0.90468  
7154.6  0.903  
7159.0  0.90222  
7163.3  0.90228  
7167.7  0.90237  
7172.1  0.90206  
7176.5  0.90208  
7180.900000000001  0.90279  
7185.2  0.90353  
7189.6  0.90399  
7194.0  0.90439  
7198.400000000001  0.90497  
7202.799999999999  0.90545  
7207.1  0.90573  
7211.5  0.90591  
7215.900000000001  0.90656  
7220.299999999999  0.90757  
7224.700000000001  0.90795  
7229.099999999999  0.90838  
7233.400000000001  0.90985  
7237.799999999999  0.91145  
7242.200000000001  0.91274  
7246.599999999999  0.91451  
7251.0  0.91631  
7255.4  0.91747  
7259.700000000001  0.91866  
7264.099999999999  0.92038  
7268.5  0.92219  
7272.9  0.9238  
7277.3  0.92527  
7281.7  0.92632  
7286.1  0.92661  
7290.5  0.92695  
7294.9  0.92766  
7299.2  0.92841  
7303.6  0.92929  
7308.0  0.92944  
7312.4  0.92887  
7316.799999999999  0.92853  
7321.2  0.92871  
7325.599999999999  0.92872  
7330.0  0.9284  
7334.400000000001  0.92827  
7338.8  0.9282  
7343.099999999999  0.92734  
7347.5  0.92652  
7351.900000000001  0.92636  
7356.3  0.92662  
7360.700000000001  0.92651  
7365.1  0.9258  
7369.5  0.92533  
7373.9  0.92565  
7378.3  0.92626  
7382.7  0.92648  
7387.1  0.9265  
7391.5  0.9266  
7395.900000000001  0.92694  
7400.299999999999  0.92685  
7404.700000000001  0.92683  
7409.099999999999  0.92748  
7413.5  0.92797  
7417.9  0.92808  
7422.3  0.92832  
7426.7  0.92827  
7431.1  0.92743  
7435.5  0.92676  
7439.9  0.92638  
7444.299999999999  0.92564  
7448.7  0.92493  
7453.099999999999  0.92452  
7457.5  0.92403  
7461.900000000001  0.92365  
7466.3  0.92336  
7470.700000000001  0.92306  
7475.1  0.92268  
7479.5  0.92269  
7483.9  0.92306  
7488.3  0.92302  
7492.7  0.9228  
7497.1  0.92319  
7501.5  0.92396  
7505.900000000001  0.92413  
7510.299999999999  0.92423  
7514.700000000001  0.92454  
7519.099999999999  0.92468  
7523.5  0.92469  
7527.9  0.92508  
7532.3  0.92583  
7536.799999999999  0.92632  
7541.2  0.92665  
7545.599999999999  0.927  
7550.0  0.92684  
7554.400000000001  0.92665  
7558.8  0.92732  
7563.200000000001  0.9284  
7567.6  0.92873  
7572.0  0.92809  
7576.4  0.92793  
7580.8  0.9287  
7585.299999999999  0.929  
7589.700000000001  0.92908  
7594.099999999999  0.92952  
7598.5  0.92978  
7602.9  0.92984  
7607.3  0.92997  
7611.7  0.93011  
7616.1  0.93035  
7620.599999999999  0.93057  
7625.0  0.93055  
7629.400000000001  0.93067  
7633.8  0.93082  
7638.200000000001  0.93032  
7642.6  0.93016  
7647.0  0.93103  
7651.5  0.93167  
7655.900000000001  0.93121  
7660.299999999999  0.93045  
7664.700000000001  0.93019  
7669.099999999999  0.9299  
7673.5  0.92937  
7678.0  0.92871  
7682.4  0.92787  
7686.799999999999  0.9273  
7691.2  0.92682  
7695.599999999999  0.92566  
7700.0  0.92437  
7704.5  0.92344  
7708.9  0.92228  
7713.3  0.9213  
7717.7  0.92168  
7722.1  0.92228  
7726.599999999999  0.9212  
7731.0  0.91951  
7735.4  0.91952  
7739.8  0.92064  
7744.299999999999  0.92107  
7748.7  0.92054  
7753.099999999999  0.92004  
7757.5  0.92037  
7761.900000000001  0.92117  
7766.4  0.92116  
7770.8  0.92068  
7775.2  0.9215  
7779.6  0.9224  
7784.099999999999  0.92232  
7788.5  0.92228  
7792.9  0.92245  
7797.3  0.92278  
7801.799999999999  0.92264  
7806.2  0.92264  
7810.599999999999  0.9234  
7815.0  0.92423  
7819.5  0.92472  
7823.9  0.92469  
7828.3  0.9246  
7832.799999999999  0.92525  
7837.200000000001  0.92616  
7841.599999999999  0.92618  
7846.0  0.92601  
7850.5  0.92656  
7854.9  0.9269  
7859.299999999999  0.92676  
7863.8  0.9266  
7868.200000000001  0.92692  
7872.6  0.92717  
7877.1  0.92663  
7881.5  0.92641  
7885.900000000001  0.92656  
7890.4  0.92629  
7894.8  0.92609  
7899.2  0.92594  
7903.7  0.92566  
7908.099999999999  0.9253  
7912.5  0.92506  
7917.0  0.92484  
7921.4  0.92501  
7925.8  0.92503  
7930.299999999999  0.92493  
7934.700000000001  0.92538  
7939.099999999999  0.92538  
7943.6  0.92441  
7948.0  0.92385  
7952.4  0.92431  
7956.900000000001  0.92462  
7961.3  0.92473  
7965.700000000001  0.92417  
7970.2  0.92302  
7974.6  0.92277  
7979.099999999999  0.92323  
7983.5  0.92368  
7987.9  0.92398  
7992.4  0.92357  
7996.799999999999  0.92278  
8001.3  0.92289  
8005.700000000001  0.92349  
8010.1  0.92338  
8014.6  0.92321  
8019.0  0.92333  
8023.5  0.9228  
8027.9  0.9222  
8032.3  0.92195  
8036.799999999999  0.9219  
8041.2  0.92127  
8045.700000000001  0.92002  
8050.1  0.91928  
8054.6  0.91908  
8059.0  0.91904  
8063.400000000001  0.91862  
8067.9  0.91754  
8072.3  0.91656  
8076.799999999999  0.91628  
8081.2  0.91546  
8085.700000000001  0.91428  
8090.1  0.91406  
8094.6  0.91434  
8099.0  0.91427  
8103.5  0.91424  
8107.9  0.91467  
8112.3  0.91497  
8116.799999999999  0.91425  
8121.2  0.91341  
8125.700000000001  0.91334  
8130.1  0.91357  
8134.6  0.91386  
8139.0  0.914  
8143.5  0.91392  
8147.9  0.91416  
8152.4  0.91479  
8156.799999999999  0.91473  
8161.3  0.91419  
8165.700000000001  0.91398  
8170.2  0.91432  
8174.6  0.91491  
8179.099999999999  0.91491  
8183.5  0.91457  
8188.0  0.91449  
8192.4  0.91387  
8196.900000000001  0.91337  
8201.4  0.91382  
8205.800000000001  0.914  
8210.3  0.91363  
8214.7  0.91311  
8219.199999999999  0.91221  
8223.6  0.91196  
8228.099999999999  0.91159  
8232.5  0.91033  
8237.0  0.90879  
8241.4  0.90726  
8245.9  0.90605  
8250.3  0.90556  
8254.8  0.90535  
8259.3  0.90451  
8263.7  0.90342  
8268.2  0.90319  
8272.6  0.90306  
8277.1  0.90259  
8281.5  0.90289  
8286.0  0.90325  
8290.5  0.90296  
8294.9  0.90268  
8299.400000000001  0.90294  
8303.8  0.90408  
8308.300000000001  0.90479  
8312.8  0.90408  
8317.2  0.90363  
8321.699999999999  0.90401  
8326.1  0.90413  
8330.599999999999  0.90433  
8335.1  0.90401  
8339.5  0.90252  
8344.0  0.90096  
8348.4  0.90073  
8352.9  0.90143  
8357.4  0.90082  
8361.8  0.89886  
8366.3  0.89724  
8370.800000000001  0.8963  
8375.2  0.89588  
8379.7  0.89533  
8384.199999999999  0.89365  
8388.6  0.89144  
8393.099999999999  0.88982  
8397.5  0.88835  
8402.0  0.88636  
8406.5  0.88413  
8410.9  0.88179  
8415.4  0.87899  
8419.9  0.876  
8424.3  0.87396  
8428.8  0.87154  
8433.300000000001  0.86795  
8437.7  0.86478  
8442.2  0.86199  
8446.699999999999  0.85866  
8451.1  0.8555  
8455.599999999999  0.85204  
8460.1  0.84666  
8464.6  0.84059  
8469.0  0.83452  
8473.5  0.82657  
8478.0  0.81676  
8482.4  0.80487  
8486.900000000001  0.79043  
8491.4  0.77387  
8495.800000000001  0.75451  
8500.3  0.73229  
8504.8  0.70768  
8509.3  0.67946  
8513.7  0.64809  
8518.2  0.61493  
8522.7  0.57909  
8527.1  0.54033  
8531.6  0.50096  
8536.1  0.46119  
8540.599999999999  0.41987  
8545.0  0.37729  
8549.5  0.33514  
8554.0  0.29401  
8558.5  0.25399  
8562.9  0.21586  
8567.4  0.18042  
8571.900000000001  0.14913  
8576.4  0.12269  
8580.800000000001  0.10041  
8585.3  0.0818  
8589.8  0.0665  
8594.3  0.05426  
8598.7  0.04508  
8603.2  0.03807  
8607.7  0.03201  
8612.2  0.02717  
8616.699999999999  0.02402  
8621.1  0.02162  
8625.599999999999  0.01919  
8630.1  0.0171  
8634.6  0.01588  
8639.0  0.01512  
8643.5  0.01421  
8648.0  0.01313  
8652.5  0.01234  
8657.0  0.01155  
8661.4  0.01074  
8665.9  0.01004  
8670.4  0.00958  
8674.9  0.00935  
8679.400000000001  0.00907  
8683.8  0.0086  
8688.300000000001  0.00821  
8692.8  0.00806  
8697.3  0.00794  
8701.8  0.00789  
8706.3  0.008  
8710.7  0.0079  
8715.2  0.00767  
8719.7  0.00754  
8724.199999999999  0.00745  
8728.7  0.00726  
8733.2  0.0071  
8737.6  0.00702  
8742.1  0.00684  
8746.6  0.00677  
8751.1  0.00689  
8755.599999999999  0.0071  
8760.1  0.00722  
8764.6  0.00735  
8769.0  0.00711  
8773.5  0.00692  
8778.0  0.00721  
8782.5  0.00751  
8787.0  0.00749  
8791.5  0.00754  
8796.0  0.00747  

