@MEASUREMENT_RADIUS 2.0 cm
#lambda:
#tr:
#end
6251.799999999999  0.00219  
6256.1  0.00227  
6260.4  0.00228  
6264.700000000001  0.00213  
6269.0  0.00197  
6273.3  0.00202  
6277.6  0.00225  
6281.900000000001  0.00235  
6286.2  0.0024  
6290.5  0.00246  
6294.8  0.00243  
6299.099999999999  0.00241  
6303.400000000001  0.00249  
6307.7  0.0025  
6312.0  0.00247  
6316.3  0.00249  
6320.599999999999  0.00254  
6325.0  0.00258  
6329.299999999999  0.0027  
6333.6  0.00276  
6337.9  0.00265  
6342.200000000001  0.00256  
6346.5  0.00261  
6350.8  0.0027  
6355.1  0.00282  
6359.400000000001  0.0028  
6363.7  0.00261  
6368.099999999999  0.00256  
6372.4  0.00267  
6376.7  0.00281  
6381.0  0.00281  
6385.299999999999  0.00282  
6389.6  0.00286  
6393.9  0.00284  
6398.200000000001  0.00285  
6402.6  0.00285  
6406.900000000001  0.00285  
6411.2  0.00289  
6415.5  0.0029  
6419.8  0.00293  
6424.099999999999  0.00298  
6428.5  0.00298  
6432.799999999999  0.00295  
6437.1  0.00295  
6441.4  0.00304  
6445.700000000001  0.00318  
6450.0  0.00315  
6454.400000000001  0.00306  
6458.7  0.00308  
6463.0  0.00306  
6467.3  0.00296  
6471.599999999999  0.00306  
6476.0  0.00323  
6480.299999999999  0.00314  
6484.6  0.00299  
6488.9  0.00296  
6493.3  0.00295  
6497.6  0.00303  
6501.900000000001  0.00311  
6506.2  0.00303  
6510.5  0.00287  
6514.9  0.00285  
6519.2  0.00287  
6523.5  0.00295  
6527.799999999999  0.00307  
6532.200000000001  0.00304  
6536.5  0.00301  
6540.8  0.00304  
6545.2  0.00302  
6549.5  0.00292  
6553.8  0.0028  
6558.099999999999  0.0029  
6562.5  0.00303  
6566.799999999999  0.00295  
6571.1  0.00292  
6575.5  0.00301  
6579.8  0.00299  
6584.099999999999  0.00287  
6588.400000000001  0.00287  
6592.799999999999  0.00305  
6597.1  0.00308  
6601.4  0.00294  
6605.8  0.00287  
6610.1  0.00298  
6614.400000000001  0.00313  
6618.8  0.00315  
6623.099999999999  0.00312  
6627.4  0.00308  
6631.799999999999  0.00313  
6636.1  0.00325  
6640.4  0.00328  
6644.8  0.0033  
6649.099999999999  0.00333  
6653.5  0.00341  
6657.799999999999  0.0035  
6662.1  0.00343  
6666.5  0.00346  
6670.8  0.00359  
6675.1  0.00355  
6679.5  0.00334  
6683.8  0.00331  
6688.200000000001  0.00351  
6692.5  0.00371  
6696.799999999999  0.00374  
6701.2  0.00365  
6705.5  0.00355  
6709.9  0.00362  
6714.2  0.00365  
6718.5  0.00355  
6722.9  0.00359  
6727.200000000001  0.00368  
6731.599999999999  0.00361  
6735.900000000001  0.00357  
6740.299999999999  0.00359  
6744.6  0.00363  
6748.9  0.00375  
6753.3  0.00383  
6757.6  0.00376  
6762.0  0.00373  
6766.3  0.00384  
6770.700000000001  0.0038  
6775.0  0.00371  
6779.400000000001  0.00375  
6783.7  0.00373  
6788.099999999999  0.00362  
6792.4  0.00366  
6796.799999999999  0.0039  
6801.1  0.0039  
6805.5  0.00374  
6809.8  0.0038  
6814.2  0.004  
6818.5  0.00411  
6822.9  0.00395  
6827.200000000001  0.00379  
6831.599999999999  0.00385  
6835.900000000001  0.00395  
6840.299999999999  0.00405  
6844.6  0.00413  
6849.0  0.00418  
6853.3  0.00402  
6857.7  0.00389  
6862.0  0.00418  
6866.4  0.00452  
6870.700000000001  0.00459  
6875.1  0.00452  
6879.5  0.00477  
6883.8  0.00541  
6888.200000000001  0.00599  
6892.5  0.00659  
6896.900000000001  0.00749  
6901.2  0.00878  
6905.599999999999  0.01078  
6910.0  0.01355  
6914.299999999999  0.01752  
6918.7  0.02307  
6923.0  0.03046  
6927.4  0.04044  
6931.799999999999  0.05397  
6936.1  0.07106  
6940.5  0.09175  
6944.8  0.11678  
6949.2  0.14681  
6953.6  0.18172  
6957.9  0.22175  
6962.3  0.26736  
6966.599999999999  0.31824  
6971.0  0.37336  
6975.4  0.43161  
6979.700000000001  0.49226  
6984.099999999999  0.55371  
6988.5  0.61287  
6992.799999999999  0.667  
6997.200000000001  0.7145  
7001.599999999999  0.75354  
7005.900000000001  0.78393  
7010.299999999999  0.80717  
7014.700000000001  0.82529  
7019.0  0.8396  
7023.400000000001  0.85013  
7027.799999999999  0.85832  
7032.1  0.86631  
7036.5  0.87366  
7040.900000000001  0.88033  
7045.2  0.88707  
7049.6  0.89314  
7054.0  0.89797  
7058.3  0.90241  
7062.7  0.90664  
7067.1  0.91008  
7071.5  0.91304  
7075.8  0.91571  
7080.2  0.91764  
7084.6  0.91881  
7088.9  0.91933  
7093.3  0.9194  
7097.7  0.91975  
7102.1  0.92024  
7106.4  0.92  
7110.8  0.91885  
7115.2  0.91705  
7119.6  0.91551  
7123.9  0.91476  
7128.3  0.91376  
7132.7  0.91148  
7137.1  0.90894  
7141.4  0.90767  
7145.8  0.90663  
7150.2  0.90487  
7154.6  0.90354  
7159.0  0.9029  
7163.3  0.9024  
7167.7  0.90235  
7172.1  0.90223  
7176.5  0.90185  
7180.900000000001  0.90246  
7185.2  0.90367  
7189.6  0.90456  
7194.0  0.90512  
7198.400000000001  0.90526  
7202.799999999999  0.90574  
7207.1  0.90621  
7211.5  0.90614  
7215.900000000001  0.9068  
7220.299999999999  0.90797  
7224.700000000001  0.90859  
7229.099999999999  0.90936  
7233.400000000001  0.91039  
7237.799999999999  0.91112  
7242.200000000001  0.91249  
7246.599999999999  0.91479  
7251.0  0.91667  
7255.4  0.91801  
7259.700000000001  0.91932  
7264.099999999999  0.92052  
7268.5  0.92205  
7272.9  0.92384  
7277.3  0.92513  
7281.7  0.92621  
7286.1  0.92694  
7290.5  0.92727  
7294.9  0.92812  
7299.2  0.92881  
7303.6  0.92844  
7308.0  0.92808  
7312.4  0.92859  
7316.799999999999  0.92912  
7321.2  0.92928  
7325.599999999999  0.92907  
7330.0  0.92891  
7334.400000000001  0.9288  
7338.8  0.9283  
7343.099999999999  0.92778  
7347.5  0.92749  
7351.900000000001  0.92718  
7356.3  0.92696  
7360.700000000001  0.92681  
7365.1  0.92629  
7369.5  0.92547  
7373.9  0.92577  
7378.3  0.92667  
7382.7  0.92677  
7387.1  0.92648  
7391.5  0.92685  
7395.900000000001  0.92759  
7400.299999999999  0.92744  
7404.700000000001  0.9271  
7409.099999999999  0.92756  
7413.5  0.92809  
7417.9  0.92853  
7422.3  0.92862  
7426.7  0.92779  
7431.1  0.92726  
7435.5  0.92738  
7439.9  0.92673  
7444.299999999999  0.92566  
7448.7  0.92508  
7453.099999999999  0.92474  
7457.5  0.92417  
7461.900000000001  0.92365  
7466.3  0.92339  
7470.700000000001  0.92336  
7475.1  0.92332  
7479.5  0.92322  
7483.9  0.9234  
7488.3  0.9235  
7492.7  0.92317  
7497.1  0.9232  
7501.5  0.92361  
7505.900000000001  0.92397  
7510.299999999999  0.92449  
7514.700000000001  0.92468  
7519.099999999999  0.92464  
7523.5  0.92505  
7527.9  0.92561  
7532.3  0.92609  
7536.799999999999  0.92645  
7541.2  0.92639  
7545.599999999999  0.92665  
7550.0  0.92714  
7554.400000000001  0.92704  
7558.8  0.92746  
7563.200000000001  0.92852  
7567.6  0.92887  
7572.0  0.92872  
7576.4  0.92907  
7580.8  0.92977  
7585.299999999999  0.92984  
7589.700000000001  0.92929  
7594.099999999999  0.9292  
7598.5  0.92966  
7602.9  0.92993  
7607.3  0.93018  
7611.7  0.93023  
7616.1  0.93004  
7620.599999999999  0.93019  
7625.0  0.93042  
7629.400000000001  0.93053  
7633.8  0.93102  
7638.200000000001  0.93114  
7642.6  0.93066  
7647.0  0.93098  
7651.5  0.93173  
7655.900000000001  0.93169  
7660.299999999999  0.93115  
7664.700000000001  0.9305  
7669.099999999999  0.93  
7673.5  0.93013  
7678.0  0.92972  
7682.4  0.9284  
7686.799999999999  0.92803  
7691.2  0.9278  
7695.599999999999  0.92617  
7700.0  0.92473  
7704.5  0.92402  
7708.9  0.92345  
7713.3  0.92334  
7717.7  0.92281  
7722.1  0.92126  
7726.599999999999  0.92007  
7731.0  0.9201  
7735.4  0.92049  
7739.8  0.92063  
7744.299999999999  0.92082  
7748.7  0.92084  
7753.099999999999  0.92092  
7757.5  0.92125  
7761.900000000001  0.92131  
7766.4  0.92113  
7770.8  0.92142  
7775.2  0.92201  
7779.6  0.9219  
7784.099999999999  0.92142  
7788.5  0.92159  
7792.9  0.9226  
7797.3  0.92331  
7801.799999999999  0.92343  
7806.2  0.92354  
7810.599999999999  0.92353  
7815.0  0.92365  
7819.5  0.92464  
7823.9  0.92562  
7828.3  0.92547  
7832.799999999999  0.92542  
7837.200000000001  0.92613  
7841.599999999999  0.92658  
7846.0  0.92623  
7850.5  0.92599  
7854.9  0.92662  
7859.299999999999  0.92728  
7863.8  0.92725  
7868.200000000001  0.92717  
7872.6  0.9272  
7877.1  0.927  
7881.5  0.92708  
7885.900000000001  0.92708  
7890.4  0.92653  
7894.8  0.92626  
7899.2  0.92635  
7903.7  0.92664  
7908.099999999999  0.92658  
7912.5  0.92587  
7917.0  0.92536  
7921.4  0.92552  
7925.8  0.92549  
7930.299999999999  0.9253  
7934.700000000001  0.92529  
7939.099999999999  0.92508  
7943.6  0.9248  
7948.0  0.92509  
7952.4  0.92548  
7956.900000000001  0.92502  
7961.3  0.92452  
7965.700000000001  0.92444  
7970.2  0.92427  
7974.6  0.92373  
7979.099999999999  0.92319  
7983.5  0.92353  
7987.9  0.92425  
7992.4  0.92404  
7996.799999999999  0.92356  
8001.3  0.92362  
8005.700000000001  0.92334  
8010.1  0.92279  
8014.6  0.92291  
8019.0  0.9234  
8023.5  0.92351  
8027.9  0.92309  
8032.3  0.92203  
8036.799999999999  0.92153  
8041.2  0.92167  
8045.700000000001  0.92122  
8050.1  0.92018  
8054.6  0.9195  
8059.0  0.91961  
8063.400000000001  0.91945  
8067.9  0.9187  
8072.3  0.91767  
8076.799999999999  0.91663  
8081.2  0.91571  
8085.700000000001  0.91531  
8090.1  0.91549  
8094.6  0.91552  
8099.0  0.91507  
8103.5  0.91487  
8107.9  0.91483  
8112.3  0.91485  
8116.799999999999  0.91494  
8121.2  0.91449  
8125.700000000001  0.91385  
8130.1  0.9141  
8134.6  0.91474  
8139.0  0.9146  
8143.5  0.9142  
8147.9  0.91422  
8152.4  0.91425  
8156.799999999999  0.91424  
8161.3  0.91442  
8165.700000000001  0.91495  
8170.2  0.91524  
8174.6  0.91505  
8179.099999999999  0.91498  
8183.5  0.91497  
8188.0  0.91456  
8192.4  0.91429  
8196.900000000001  0.91465  
8201.4  0.91531  
8205.800000000001  0.9156  
8210.3  0.91457  
8214.7  0.91327  
8219.199999999999  0.91254  
8223.6  0.91217  
8228.099999999999  0.91142  
8232.5  0.91054  
8237.0  0.91004  
8241.4  0.90898  
8245.9  0.90698  
8250.3  0.90549  
8254.8  0.90559  
8259.3  0.90583  
8263.7  0.9049  
8268.2  0.90424  
8272.6  0.90415  
8277.1  0.90362  
8281.5  0.90343  
8286.0  0.90364  
8290.5  0.90383  
8294.9  0.90392  
8299.400000000001  0.90371  
8303.8  0.90426  
8308.300000000001  0.90533  
8312.8  0.90513  
8317.2  0.90409  
8321.699999999999  0.9039  
8326.1  0.90469  
8330.599999999999  0.90504  
8335.1  0.90481  
8339.5  0.90423  
8344.0  0.90297  
8348.4  0.90201  
8352.9  0.90123  
8357.4  0.90034  
8361.8  0.89958  
8366.3  0.8987  
8370.800000000001  0.89752  
8375.2  0.89648  
8379.7  0.89574  
8384.199999999999  0.89454  
8388.6  0.89315  
8393.099999999999  0.89171  
8397.5  0.88963  
8402.0  0.88723  
8406.5  0.88523  
8410.9  0.88347  
8415.4  0.88079  
8419.9  0.87759  
8424.3  0.87519  
8428.8  0.8723  
8433.300000000001  0.86881  
8437.7  0.86612  
8442.2  0.86367  
8446.699999999999  0.86  
8451.1  0.8558  
8455.599999999999  0.8522  
8460.1  0.84801  
8464.6  0.84228  
8469.0  0.83584  
8473.5  0.82835  
8478.0  0.81843  
8482.4  0.80592  
8486.900000000001  0.79181  
8491.4  0.77634  
8495.800000000001  0.75782  
8500.3  0.73551  
8504.8  0.71052  
8509.3  0.68255  
8513.7  0.65145  
8518.2  0.61793  
8522.7  0.58187  
8527.1  0.54364  
8531.6  0.50518  
8536.1  0.46558  
8540.599999999999  0.42365  
8545.0  0.38144  
8549.5  0.33997  
8554.0  0.29824  
8558.5  0.25692  
8562.9  0.21826  
8567.4  0.1831  
8571.900000000001  0.15189  
8576.4  0.12515  
8580.800000000001  0.10247  
8585.3  0.08326  
8589.8  0.06772  
8594.3  0.05568  
8598.7  0.04604  
8603.2  0.03826  
8607.7  0.03236  
8612.2  0.02793  
8616.699999999999  0.0245  
8621.1  0.02181  
8625.599999999999  0.01954  
8630.1  0.01785  
8634.6  0.01675  
8639.0  0.01521  
8643.5  0.01368  
8648.0  0.01288  
8652.5  0.01217  
8657.0  0.01125  
8661.4  0.01078  
8665.9  0.01041  
8670.4  0.00963  
8674.9  0.00887  
8679.400000000001  0.00858  
8683.8  0.0086  
8688.300000000001  0.00869  
8692.8  0.00839  
8697.3  0.00773  
8701.8  0.00736  
8706.3  0.00746  
8710.7  0.00756  
8715.2  0.00727  
8719.7  0.0072  
8724.199999999999  0.0074  
8728.7  0.00726  
8733.2  0.00689  
8737.6  0.00691  
8742.1  0.00732  
8746.6  0.00746  
8751.1  0.00693  
8755.599999999999  0.00673  
8760.1  0.00693  
8764.6  0.00715  
8769.0  0.00724  
8773.5  0.00733  
8778.0  0.00738  
8782.5  0.00718  
8787.0  0.00736  
8791.5  0.00791  
8796.0  0.00796  

