@MEASUREMENT_RADIUS 5.0 cm
#lambda:
#tr:
#end
6251.799999999999  0.00208  
6256.1  0.0021  
6260.4  0.00228  
6264.700000000001  0.0023  
6269.0  0.00219  
6273.3  0.00218  
6277.6  0.0023  
6281.900000000001  0.0023  
6286.2  0.00222  
6290.5  0.0023  
6294.8  0.00246  
6299.099999999999  0.00251  
6303.400000000001  0.00238  
6307.7  0.00232  
6312.0  0.00249  
6316.3  0.00246  
6320.599999999999  0.00241  
6325.0  0.00255  
6329.299999999999  0.00265  
6333.6  0.00263  
6337.9  0.00263  
6342.200000000001  0.00277  
6346.5  0.00285  
6350.8  0.00275  
6355.1  0.00274  
6359.400000000001  0.00284  
6363.7  0.0028  
6368.099999999999  0.0027  
6372.4  0.00265  
6376.7  0.00273  
6381.0  0.00291  
6385.299999999999  0.0029  
6389.6  0.0027  
6393.9  0.00264  
6398.200000000001  0.00284  
6402.6  0.00299  
6406.900000000001  0.00296  
6411.2  0.00298  
6415.5  0.00299  
6419.8  0.00286  
6424.099999999999  0.00276  
6428.5  0.0029  
6432.799999999999  0.00307  
6437.1  0.00304  
6441.4  0.00296  
6445.700000000001  0.00308  
6450.0  0.00309  
6454.400000000001  0.00294  
6458.7  0.00285  
6463.0  0.00293  
6467.3  0.00305  
6471.599999999999  0.00301  
6476.0  0.00302  
6480.299999999999  0.00312  
6484.6  0.00304  
6488.9  0.00288  
6493.3  0.00283  
6497.6  0.00289  
6501.900000000001  0.00302  
6506.2  0.0031  
6510.5  0.00306  
6514.9  0.00289  
6519.2  0.00278  
6523.5  0.00291  
6527.799999999999  0.00305  
6532.200000000001  0.00307  
6536.5  0.00307  
6540.8  0.00306  
6545.2  0.00298  
6549.5  0.00296  
6553.8  0.00296  
6558.099999999999  0.00292  
6562.5  0.00295  
6566.799999999999  0.00302  
6571.1  0.00296  
6575.5  0.00279  
6579.8  0.00273  
6584.099999999999  0.00284  
6588.400000000001  0.00306  
6592.799999999999  0.00319  
6597.1  0.00303  
6601.4  0.00291  
6605.8  0.00305  
6610.1  0.00307  
6614.400000000001  0.00296  
6618.8  0.00305  
6623.099999999999  0.00328  
6627.4  0.00331  
6631.799999999999  0.00321  
6636.1  0.00312  
6640.4  0.00315  
6644.8  0.00326  
6649.099999999999  0.00331  
6653.5  0.00323  
6657.799999999999  0.00325  
6662.1  0.00336  
6666.5  0.00347  
6670.8  0.00341  
6675.1  0.00332  
6679.5  0.00343  
6683.8  0.00362  
6688.200000000001  0.0037  
6692.5  0.00369  
6696.799999999999  0.00356  
6701.2  0.00347  
6705.5  0.00361  
6709.9  0.00374  
6714.2  0.00368  
6718.5  0.00361  
6722.9  0.00366  
6727.200000000001  0.00374  
6731.599999999999  0.00367  
6735.900000000001  0.00358  
6740.299999999999  0.00365  
6744.6  0.00367  
6748.9  0.00379  
6753.3  0.00392  
6757.6  0.00386  
6762.0  0.00376  
6766.3  0.00376  
6770.700000000001  0.00385  
6775.0  0.00386  
6779.400000000001  0.00373  
6783.7  0.00378  
6788.099999999999  0.0041  
6792.4  0.00413  
6796.799999999999  0.00388  
6801.1  0.00376  
6805.5  0.00388  
6809.8  0.00404  
6814.2  0.00396  
6818.5  0.00384  
6822.9  0.00386  
6827.200000000001  0.0039  
6831.599999999999  0.00402  
6835.900000000001  0.00406  
6840.299999999999  0.00399  
6844.6  0.0039  
6849.0  0.0039  
6853.3  0.00406  
6857.7  0.00414  
6862.0  0.00414  
6866.4  0.00426  
6870.700000000001  0.00443  
6875.1  0.00454  
6879.5  0.00478  
6883.8  0.00511  
6888.200000000001  0.00565  
6892.5  0.00651  
6896.900000000001  0.00759  
6901.2  0.0088  
6905.599999999999  0.01046  
6910.0  0.013  
6914.299999999999  0.01676  
6918.7  0.02188  
6923.0  0.02898  
6927.4  0.03868  
6931.799999999999  0.05151  
6936.1  0.06791  
6940.5  0.08793  
6944.8  0.11203  
6949.2  0.14113  
6953.6  0.17517  
6957.9  0.21432  
6962.3  0.25916  
6966.599999999999  0.30902  
6971.0  0.36321  
6975.4  0.42126  
6979.700000000001  0.48183  
6984.099999999999  0.54331  
6988.5  0.60336  
6992.799999999999  0.65847  
6997.200000000001  0.70704  
7001.599999999999  0.74819  
7005.900000000001  0.78054  
7010.299999999999  0.80479  
7014.700000000001  0.82342  
7019.0  0.83798  
7023.400000000001  0.84898  
7027.799999999999  0.85771  
7032.1  0.86579  
7036.5  0.87331  
7040.900000000001  0.88029  
7045.2  0.88678  
7049.6  0.89217  
7054.0  0.89689  
7058.3  0.90207  
7062.7  0.90676  
7067.1  0.90992  
7071.5  0.91241  
7075.8  0.91477  
7080.2  0.91665  
7084.6  0.91802  
7088.9  0.91923  
7093.3  0.92019  
7097.7  0.92059  
7102.1  0.92068  
7106.4  0.92042  
7110.8  0.9195  
7115.2  0.91864  
7119.6  0.91821  
7123.9  0.91743  
7128.3  0.91554  
7132.7  0.91302  
7137.1  0.91084  
7141.4  0.90965  
7145.8  0.90833  
7150.2  0.90602  
7154.6  0.90408  
7159.0  0.90315  
7163.3  0.90283  
7167.7  0.90274  
7172.1  0.90226  
7176.5  0.9019  
7180.900000000001  0.90241  
7185.2  0.90332  
7189.6  0.90391  
7194.0  0.90426  
7198.400000000001  0.90489  
7202.799999999999  0.90601  
7207.1  0.90703  
7211.5  0.90706  
7215.900000000001  0.90725  
7220.299999999999  0.90842  
7224.700000000001  0.90947  
7229.099999999999  0.91044  
7233.400000000001  0.91198  
7237.799999999999  0.91302  
7242.200000000001  0.91366  
7246.599999999999  0.91574  
7251.0  0.91807  
7255.4  0.91914  
7259.700000000001  0.92021  
7264.099999999999  0.92173  
7268.5  0.92295  
7272.9  0.92428  
7277.3  0.92554  
7281.7  0.92622  
7286.1  0.92679  
7290.5  0.92756  
7294.9  0.92826  
7299.2  0.9286  
7303.6  0.92885  
7308.0  0.92895  
7312.4  0.92906  
7316.799999999999  0.92974  
7321.2  0.93015  
7325.599999999999  0.92976  
7330.0  0.92965  
7334.400000000001  0.92964  
7338.8  0.92921  
7343.099999999999  0.92882  
7347.5  0.92904  
7351.900000000001  0.92894  
7356.3  0.928  
7360.700000000001  0.92741  
7365.1  0.92733  
7369.5  0.92711  
7373.9  0.92736  
7378.3  0.92765  
7382.7  0.92727  
7387.1  0.92698  
7391.5  0.92719  
7395.900000000001  0.92775  
7400.299999999999  0.92768  
7404.700000000001  0.92744  
7409.099999999999  0.92789  
7413.5  0.92848  
7417.9  0.9288  
7422.3  0.92888  
7426.7  0.92889  
7431.1  0.92882  
7435.5  0.92839  
7439.9  0.92748  
7444.299999999999  0.92686  
7448.7  0.92669  
7453.099999999999  0.92629  
7457.5  0.92553  
7461.900000000001  0.92476  
7466.3  0.92459  
7470.700000000001  0.9252  
7475.1  0.92521  
7479.5  0.92479  
7483.9  0.92487  
7488.3  0.9247  
7492.7  0.92448  
7497.1  0.92466  
7501.5  0.92464  
7505.900000000001  0.92486  
7510.299999999999  0.92553  
7514.700000000001  0.92585  
7519.099999999999  0.92596  
7523.5  0.92637  
7527.9  0.92676  
7532.3  0.927  
7536.799999999999  0.92706  
7541.2  0.92682  
7545.599999999999  0.92708  
7550.0  0.92795  
7554.400000000001  0.92854  
7558.8  0.92905  
7563.200000000001  0.92962  
7567.6  0.92987  
7572.0  0.93015  
7576.4  0.93091  
7580.8  0.93125  
7585.299999999999  0.93068  
7589.700000000001  0.93041  
7594.099999999999  0.93069  
7598.5  0.93111  
7602.9  0.93145  
7607.3  0.93154  
7611.7  0.93142  
7616.1  0.93117  
7620.599999999999  0.93093  
7625.0  0.93095  
7629.400000000001  0.9311  
7633.8  0.93136  
7638.200000000001  0.93149  
7642.6  0.93138  
7647.0  0.93147  
7651.5  0.93191  
7655.900000000001  0.93221  
7660.299999999999  0.93182  
7664.700000000001  0.9317  
7669.099999999999  0.93226  
7673.5  0.93185  
7678.0  0.9309  
7682.4  0.93044  
7686.799999999999  0.93011  
7691.2  0.92973  
7695.599999999999  0.9289  
7700.0  0.92815  
7704.5  0.92754  
7708.9  0.9267  
7713.3  0.92599  
7717.7  0.9252  
7722.1  0.92448  
7726.599999999999  0.92386  
7731.0  0.923  
7735.4  0.92243  
7739.8  0.92242  
7744.299999999999  0.9223  
7748.7  0.92202  
7753.099999999999  0.92217  
7757.5  0.92228  
7761.900000000001  0.92209  
7766.4  0.92169  
7770.8  0.92151  
7775.2  0.92189  
7779.6  0.92221  
7784.099999999999  0.92216  
7788.5  0.92195  
7792.9  0.92157  
7797.3  0.92148  
7801.799999999999  0.92203  
7806.2  0.92328  
7810.599999999999  0.92403  
7815.0  0.92381  
7819.5  0.92421  
7823.9  0.92546  
7828.3  0.92625  
7832.799999999999  0.92621  
7837.200000000001  0.92616  
7841.599999999999  0.92629  
7846.0  0.92667  
7850.5  0.92727  
7854.9  0.92768  
7859.299999999999  0.92828  
7863.8  0.9291  
7868.200000000001  0.92879  
7872.6  0.92799  
7877.1  0.92807  
7881.5  0.92846  
7885.900000000001  0.92856  
7890.4  0.92812  
7894.8  0.92772  
7899.2  0.92805  
7903.7  0.92843  
7908.099999999999  0.92796  
7912.5  0.92722  
7917.0  0.92718  
7921.4  0.92774  
7925.8  0.92758  
7930.299999999999  0.92709  
7934.700000000001  0.92684  
7939.099999999999  0.92679  
7943.6  0.92726  
7948.0  0.92746  
7952.4  0.92697  
7956.900000000001  0.92653  
7961.3  0.92658  
7965.700000000001  0.92653  
7970.2  0.92617  
7974.6  0.92562  
7979.099999999999  0.92515  
7983.5  0.92503  
7987.9  0.92512  
7992.4  0.92505  
7996.799999999999  0.92509  
8001.3  0.92528  
8005.700000000001  0.92507  
8010.1  0.92457  
8014.6  0.92392  
8019.0  0.92396  
8023.5  0.92446  
8027.9  0.92455  
8032.3  0.92373  
8036.799999999999  0.92289  
8041.2  0.92293  
8045.700000000001  0.92266  
8050.1  0.92163  
8054.6  0.92082  
8059.0  0.92063  
8063.400000000001  0.92065  
8067.9  0.92025  
8072.3  0.91949  
8076.799999999999  0.91934  
8081.2  0.91903  
8085.700000000001  0.91829  
8090.1  0.91752  
8094.6  0.91675  
8099.0  0.91644  
8103.5  0.91743  
8107.9  0.9186  
8112.3  0.91834  
8116.799999999999  0.91722  
8121.2  0.9167  
8125.700000000001  0.9166  
8130.1  0.91619  
8134.6  0.91555  
8139.0  0.91553  
8143.5  0.91592  
8147.9  0.91581  
8152.4  0.91579  
8156.799999999999  0.91595  
8161.3  0.91582  
8165.700000000001  0.91587  
8170.2  0.91625  
8174.6  0.9163  
8179.099999999999  0.91595  
8183.5  0.91578  
8188.0  0.91588  
8192.4  0.9159  
8196.900000000001  0.91622  
8201.4  0.91673  
8205.800000000001  0.91689  
8210.3  0.91634  
8214.7  0.91533  
8219.199999999999  0.9146  
8223.6  0.91481  
8228.099999999999  0.91459  
8232.5  0.91337  
8237.0  0.91224  
8241.4  0.91181  
8245.9  0.91119  
8250.3  0.90984  
8254.8  0.90927  
8259.3  0.90919  
8263.7  0.90817  
8268.2  0.9075  
8272.6  0.90742  
8277.1  0.90704  
8281.5  0.9064  
8286.0  0.90602  
8290.5  0.9066  
8294.9  0.90703  
8299.400000000001  0.90657  
8303.8  0.90657  
8308.300000000001  0.90726  
8312.8  0.9073  
8317.2  0.90635  
8321.699999999999  0.90569  
8326.1  0.90633  
8330.599999999999  0.90726  
8335.1  0.9069  
8339.5  0.90554  
8344.0  0.90465  
8348.4  0.90452  
8352.9  0.90389  
8357.4  0.90315  
8361.8  0.90298  
8366.3  0.90221  
8370.800000000001  0.90105  
8375.2  0.90037  
8379.7  0.89944  
8384.199999999999  0.89771  
8388.6  0.89645  
8393.099999999999  0.89552  
8397.5  0.89377  
8402.0  0.89159  
8406.5  0.88937  
8410.9  0.88773  
8415.4  0.88604  
8419.9  0.88276  
8424.3  0.8796  
8428.8  0.87751  
8433.300000000001  0.87503  
8437.7  0.87173  
8442.2  0.86818  
8446.699999999999  0.86496  
8451.1  0.86195  
8455.599999999999  0.85834  
8460.1  0.85364  
8464.6  0.84827  
8469.0  0.84282  
8473.5  0.83594  
8478.0  0.82664  
8482.4  0.81562  
8486.900000000001  0.80258  
8491.4  0.7872  
8495.800000000001  0.76943  
8500.3  0.74906  
8504.8  0.72601  
8509.3  0.69933  
8513.7  0.66939  
8518.2  0.63695  
8522.7  0.60184  
8527.1  0.56424  
8531.6  0.52568  
8536.1  0.4865  
8540.599999999999  0.44564  
8545.0  0.40372  
8549.5  0.36151  
8554.0  0.31907  
8558.5  0.27744  
8562.9  0.23761  
8567.4  0.20008  
8571.900000000001  0.16648  
8576.4  0.13753  
8580.800000000001  0.11261  
8585.3  0.09155  
8589.8  0.07418  
8594.3  0.0604  
8598.7  0.04975  
8603.2  0.04152  
8607.7  0.03503  
8612.2  0.03008  
8616.699999999999  0.02648  
8621.1  0.02342  
8625.599999999999  0.02069  
8630.1  0.01868  
8634.6  0.01744  
8639.0  0.01644  
8643.5  0.01499  
8648.0  0.01349  
8652.5  0.0126  
8657.0  0.01183  
8661.4  0.01104  
8665.9  0.01056  
8670.4  0.01007  
8674.9  0.00937  
8679.400000000001  0.00899  
8683.8  0.009  
8688.300000000001  0.00884  
8692.8  0.00841  
8697.3  0.00804  
8701.8  0.00784  
8706.3  0.00766  
8710.7  0.00758  
8715.2  0.00747  
8719.7  0.00745  
8724.199999999999  0.0074  
8728.7  0.00714  
8733.2  0.00694  
8737.6  0.0071  
8742.1  0.00722  
8746.6  0.0071  
8751.1  0.00701  
8755.599999999999  0.00714  
8760.1  0.0072  
8764.6  0.00714  
8769.0  0.0069  
8773.5  0.00707  
8778.0  0.00741  
8782.5  0.00733  
8787.0  0.007  
8791.5  0.00719  
8796.0  0.00765  

