@MEASUREMENT_RADIUS 4.0 cm
#lambda:
#tr:
#end
6251.799999999999  0.00229  
6256.1  0.00219  
6260.4  0.0021  
6264.700000000001  0.00221  
6269.0  0.00237  
6273.3  0.00232  
6277.6  0.00215  
6281.900000000001  0.00209  
6286.2  0.00223  
6290.5  0.00217  
6294.8  0.00201  
6299.099999999999  0.00223  
6303.400000000001  0.00248  
6307.7  0.00241  
6312.0  0.00238  
6316.3  0.00247  
6320.599999999999  0.00247  
6325.0  0.00245  
6329.299999999999  0.00263  
6333.6  0.00277  
6337.9  0.00263  
6342.200000000001  0.00264  
6346.5  0.00283  
6350.8  0.00283  
6355.1  0.0027  
6359.400000000001  0.00274  
6363.7  0.00276  
6368.099999999999  0.00276  
6372.4  0.00284  
6376.7  0.00278  
6381.0  0.00273  
6385.299999999999  0.00273  
6389.6  0.00279  
6393.9  0.0029  
6398.200000000001  0.00299  
6402.6  0.00291  
6406.900000000001  0.00286  
6411.2  0.00297  
6415.5  0.00305  
6419.8  0.00309  
6424.099999999999  0.00309  
6428.5  0.00301  
6432.799999999999  0.00295  
6437.1  0.003  
6441.4  0.00301  
6445.700000000001  0.00301  
6450.0  0.00312  
6454.400000000001  0.00321  
6458.7  0.0031  
6463.0  0.00305  
6467.3  0.00311  
6471.599999999999  0.00306  
6476.0  0.00296  
6480.299999999999  0.00288  
6484.6  0.00282  
6488.9  0.00284  
6493.3  0.00287  
6497.6  0.00292  
6501.900000000001  0.00298  
6506.2  0.00294  
6510.5  0.00284  
6514.9  0.00276  
6519.2  0.0028  
6523.5  0.0029  
6527.799999999999  0.00301  
6532.200000000001  0.00305  
6536.5  0.00295  
6540.8  0.00291  
6545.2  0.003  
6549.5  0.00304  
6553.8  0.00293  
6558.099999999999  0.00295  
6562.5  0.00307  
6566.799999999999  0.00312  
6571.1  0.003  
6575.5  0.00294  
6579.8  0.00297  
6584.099999999999  0.00294  
6588.400000000001  0.00285  
6592.799999999999  0.00291  
6597.1  0.00299  
6601.4  0.00303  
6605.8  0.00312  
6610.1  0.00315  
6614.400000000001  0.00311  
6618.8  0.00307  
6623.099999999999  0.00305  
6627.4  0.00313  
6631.799999999999  0.00325  
6636.1  0.00322  
6640.4  0.00324  
6644.8  0.00332  
6649.099999999999  0.00323  
6653.5  0.00317  
6657.799999999999  0.00327  
6662.1  0.00343  
6666.5  0.00354  
6670.8  0.00344  
6675.1  0.00346  
6679.5  0.00354  
6683.8  0.00355  
6688.200000000001  0.00357  
6692.5  0.00356  
6696.799999999999  0.00347  
6701.2  0.00357  
6705.5  0.00366  
6709.9  0.00355  
6714.2  0.00345  
6718.5  0.00353  
6722.9  0.00371  
6727.200000000001  0.00371  
6731.599999999999  0.00357  
6735.900000000001  0.00353  
6740.299999999999  0.0036  
6744.6  0.00377  
6748.9  0.00383  
6753.3  0.0037  
6757.6  0.00369  
6762.0  0.00378  
6766.3  0.00387  
6770.700000000001  0.00383  
6775.0  0.00365  
6779.400000000001  0.00359  
6783.7  0.00375  
6788.099999999999  0.00396  
6792.4  0.00398  
6796.799999999999  0.00382  
6801.1  0.00366  
6805.5  0.00367  
6809.8  0.00383  
6814.2  0.00397  
6818.5  0.00397  
6822.9  0.00386  
6827.200000000001  0.00379  
6831.599999999999  0.00387  
6835.900000000001  0.0039  
6840.299999999999  0.00388  
6844.6  0.00393  
6849.0  0.00413  
6853.3  0.00429  
6857.7  0.00418  
6862.0  0.00407  
6866.4  0.00419  
6870.700000000001  0.0044  
6875.1  0.00465  
6879.5  0.00492  
6883.8  0.00524  
6888.200000000001  0.00581  
6892.5  0.00667  
6896.900000000001  0.00768  
6901.2  0.00881  
6905.599999999999  0.01061  
6910.0  0.0133  
6914.299999999999  0.01707  
6918.7  0.02233  
6923.0  0.02974  
6927.4  0.03967  
6931.799999999999  0.05261  
6936.1  0.06908  
6940.5  0.08944  
6944.8  0.11405  
6949.2  0.1434  
6953.6  0.17771  
6957.9  0.21735  
6962.3  0.2626  
6966.599999999999  0.31296  
6971.0  0.36747  
6975.4  0.42563  
6979.700000000001  0.48641  
6984.099999999999  0.54764  
6988.5  0.60689  
6992.799999999999  0.66182  
6997.200000000001  0.71046  
7001.599999999999  0.75068  
7005.900000000001  0.78191  
7010.299999999999  0.80572  
7014.700000000001  0.8242  
7019.0  0.83843  
7023.400000000001  0.84944  
7027.799999999999  0.85851  
7032.1  0.86636  
7036.5  0.8733  
7040.900000000001  0.88024  
7045.2  0.88674  
7049.6  0.89206  
7054.0  0.89742  
7058.3  0.9026  
7062.7  0.90646  
7067.1  0.90961  
7071.5  0.91288  
7075.8  0.91539  
7080.2  0.91677  
7084.6  0.91801  
7088.9  0.91937  
7093.3  0.9205  
7097.7  0.92058  
7102.1  0.91989  
7106.4  0.91976  
7110.8  0.91959  
7115.2  0.91844  
7119.6  0.91713  
7123.9  0.91599  
7128.3  0.91448  
7132.7  0.91239  
7137.1  0.90992  
7141.4  0.90816  
7145.8  0.90726  
7150.2  0.90589  
7154.6  0.90392  
7159.0  0.90257  
7163.3  0.90239  
7167.7  0.90259  
7172.1  0.90222  
7176.5  0.90177  
7180.900000000001  0.90231  
7185.2  0.90321  
7189.6  0.90389  
7194.0  0.90467  
7198.400000000001  0.90515  
7202.799999999999  0.90545  
7207.1  0.9061  
7211.5  0.9068  
7215.900000000001  0.90743  
7220.299999999999  0.90844  
7224.700000000001  0.90939  
7229.099999999999  0.91013  
7233.400000000001  0.91103  
7237.799999999999  0.91197  
7242.200000000001  0.91335  
7246.599999999999  0.91555  
7251.0  0.91756  
7255.4  0.91871  
7259.700000000001  0.91981  
7264.099999999999  0.92133  
7268.5  0.92266  
7272.9  0.92381  
7277.3  0.92508  
7281.7  0.92615  
7286.1  0.92693  
7290.5  0.9275  
7294.9  0.92821  
7299.2  0.92867  
7303.6  0.92889  
7308.0  0.92904  
7312.4  0.92937  
7316.799999999999  0.92975  
7321.2  0.92957  
7325.599999999999  0.92893  
7330.0  0.92879  
7334.400000000001  0.92908  
7338.8  0.92894  
7343.099999999999  0.92805  
7347.5  0.92764  
7351.900000000001  0.92796  
7356.3  0.92816  
7360.700000000001  0.92778  
7365.1  0.92689  
7369.5  0.92647  
7373.9  0.9268  
7378.3  0.92689  
7382.7  0.92656  
7387.1  0.9265  
7391.5  0.92679  
7395.900000000001  0.92731  
7400.299999999999  0.92757  
7404.700000000001  0.92765  
7409.099999999999  0.92819  
7413.5  0.92853  
7417.9  0.92835  
7422.3  0.92828  
7426.7  0.92812  
7431.1  0.92818  
7435.5  0.92831  
7439.9  0.92755  
7444.299999999999  0.92638  
7448.7  0.92564  
7453.099999999999  0.92526  
7457.5  0.92493  
7461.900000000001  0.92456  
7466.3  0.92424  
7470.700000000001  0.92402  
7475.1  0.92362  
7479.5  0.92356  
7483.9  0.92384  
7488.3  0.92396  
7492.7  0.92397  
7497.1  0.92421  
7501.5  0.92448  
7505.900000000001  0.92444  
7510.299999999999  0.92461  
7514.700000000001  0.92495  
7519.099999999999  0.92524  
7523.5  0.92575  
7527.9  0.92621  
7532.3  0.92655  
7536.799999999999  0.92705  
7541.2  0.92721  
7545.599999999999  0.92712  
7550.0  0.92747  
7554.400000000001  0.92818  
7558.8  0.9286  
7563.200000000001  0.92887  
7567.6  0.92921  
7572.0  0.92942  
7576.4  0.92986  
7580.8  0.93048  
7585.299999999999  0.93041  
7589.700000000001  0.92999  
7594.099999999999  0.92993  
7598.5  0.93037  
7602.9  0.93092  
7607.3  0.93121  
7611.7  0.9311  
7616.1  0.93075  
7620.599999999999  0.93081  
7625.0  0.93112  
7629.400000000001  0.93115  
7633.8  0.93125  
7638.200000000001  0.9312  
7642.6  0.93104  
7647.0  0.93091  
7651.5  0.93135  
7655.900000000001  0.93221  
7660.299999999999  0.93214  
7664.700000000001  0.93147  
7669.099999999999  0.93099  
7673.5  0.93086  
7678.0  0.93073  
7682.4  0.92998  
7686.799999999999  0.92929  
7691.2  0.92897  
7695.599999999999  0.92823  
7700.0  0.9271  
7704.5  0.92603  
7708.9  0.92512  
7713.3  0.92449  
7717.7  0.92429  
7722.1  0.92408  
7726.599999999999  0.92291  
7731.0  0.9216  
7735.4  0.9216  
7739.8  0.92215  
7744.299999999999  0.92196  
7748.7  0.92163  
7753.099999999999  0.92184  
7757.5  0.92183  
7761.900000000001  0.92142  
7766.4  0.92108  
7770.8  0.92112  
7775.2  0.9219  
7779.6  0.92245  
7784.099999999999  0.92223  
7788.5  0.92203  
7792.9  0.92209  
7797.3  0.92279  
7801.799999999999  0.92347  
7806.2  0.92349  
7810.599999999999  0.92353  
7815.0  0.9241  
7819.5  0.92479  
7823.9  0.92498  
7828.3  0.92525  
7832.799999999999  0.92614  
7837.200000000001  0.92662  
7841.599999999999  0.92665  
7846.0  0.92722  
7850.5  0.92809  
7854.9  0.9283  
7859.299999999999  0.92776  
7863.8  0.92752  
7868.200000000001  0.92753  
7872.6  0.92773  
7877.1  0.92802  
7881.5  0.92792  
7885.900000000001  0.92769  
7890.4  0.92728  
7894.8  0.92714  
7899.2  0.92725  
7903.7  0.92736  
7908.099999999999  0.92728  
7912.5  0.92652  
7917.0  0.92622  
7921.4  0.92687  
7925.8  0.92662  
7930.299999999999  0.92609  
7934.700000000001  0.92625  
7939.099999999999  0.92645  
7943.6  0.92665  
7948.0  0.92671  
7952.4  0.92642  
7956.900000000001  0.92557  
7961.3  0.9247  
7965.700000000001  0.92495  
7970.2  0.92596  
7974.6  0.92584  
7979.099999999999  0.92476  
7983.5  0.9242  
7987.9  0.92406  
7992.4  0.92388  
7996.799999999999  0.92416  
8001.3  0.92468  
8005.700000000001  0.92451  
8010.1  0.92386  
8014.6  0.92375  
8019.0  0.92427  
8023.5  0.92431  
8027.9  0.92383  
8032.3  0.92331  
8036.799999999999  0.92312  
8041.2  0.92256  
8045.700000000001  0.92171  
8050.1  0.92123  
8054.6  0.92096  
8059.0  0.92069  
8063.400000000001  0.92017  
8067.9  0.91959  
8072.3  0.91881  
8076.799999999999  0.91829  
8081.2  0.91794  
8085.700000000001  0.91704  
8090.1  0.91602  
8094.6  0.91592  
8099.0  0.91648  
8103.5  0.91678  
8107.9  0.91647  
8112.3  0.91628  
8116.799999999999  0.91633  
8121.2  0.91614  
8125.700000000001  0.9159  
8130.1  0.91554  
8134.6  0.91524  
8139.0  0.91541  
8143.5  0.91571  
8147.9  0.91563  
8152.4  0.91541  
8156.799999999999  0.91527  
8161.3  0.91544  
8165.700000000001  0.91584  
8170.2  0.91592  
8174.6  0.91589  
8179.099999999999  0.91582  
8183.5  0.91523  
8188.0  0.91499  
8192.4  0.91518  
8196.900000000001  0.91557  
8201.4  0.91668  
8205.800000000001  0.91677  
8210.3  0.91548  
8214.7  0.91433  
8219.199999999999  0.91389  
8223.6  0.91421  
8228.099999999999  0.91413  
8232.5  0.91257  
8237.0  0.91058  
8241.4  0.90952  
8245.9  0.90909  
8250.3  0.90854  
8254.8  0.90786  
8259.3  0.90755  
8263.7  0.90677  
8268.2  0.90593  
8272.6  0.90573  
8277.1  0.90562  
8281.5  0.90536  
8286.0  0.90501  
8290.5  0.90488  
8294.9  0.90559  
8299.400000000001  0.90582  
8303.8  0.9057  
8308.300000000001  0.9064  
8312.8  0.90627  
8317.2  0.90546  
8321.699999999999  0.90543  
8326.1  0.90574  
8330.599999999999  0.90607  
8335.1  0.90587  
8339.5  0.90459  
8344.0  0.90375  
8348.4  0.90385  
8352.9  0.90335  
8357.4  0.90206  
8361.8  0.901  
8366.3  0.90046  
8370.800000000001  0.90029  
8375.2  0.89943  
8379.7  0.89757  
8384.199999999999  0.89599  
8388.6  0.89544  
8393.099999999999  0.89446  
8397.5  0.89229  
8402.0  0.88985  
8406.5  0.88813  
8410.9  0.88642  
8415.4  0.88363  
8419.9  0.88034  
8424.3  0.87749  
8428.8  0.87553  
8433.300000000001  0.87361  
8437.7  0.87033  
8442.2  0.8666  
8446.699999999999  0.86308  
8451.1  0.86026  
8455.599999999999  0.85719  
8460.1  0.85152  
8464.6  0.84508  
8469.0  0.84016  
8473.5  0.83389  
8478.0  0.82401  
8482.4  0.81183  
8486.900000000001  0.79802  
8491.4  0.78238  
8495.800000000001  0.76431  
8500.3  0.74329  
8504.8  0.7195  
8509.3  0.69223  
8513.7  0.66143  
8518.2  0.62808  
8522.7  0.59289  
8527.1  0.55602  
8531.6  0.51765  
8536.1  0.4776  
8540.599999999999  0.43621  
8545.0  0.3943  
8549.5  0.35209  
8554.0  0.30996  
8558.5  0.26888  
8562.9  0.22965  
8567.4  0.19307  
8571.900000000001  0.16036  
8576.4  0.13235  
8580.800000000001  0.10873  
8585.3  0.08846  
8589.8  0.07162  
8594.3  0.05857  
8598.7  0.04838  
8603.2  0.04024  
8607.7  0.03391  
8612.2  0.02886  
8616.699999999999  0.02499  
8621.1  0.02237  
8625.599999999999  0.02031  
8630.1  0.01847  
8634.6  0.01697  
8639.0  0.01565  
8643.5  0.01451  
8648.0  0.0133  
8652.5  0.01216  
8657.0  0.01152  
8661.4  0.01128  
8665.9  0.01068  
8670.4  0.01001  
8674.9  0.00949  
8679.400000000001  0.00888  
8683.8  0.00828  
8688.300000000001  0.00814  
8692.8  0.00833  
8697.3  0.00824  
8701.8  0.00779  
8706.3  0.00761  
8710.7  0.00765  
8715.2  0.00753  
8719.7  0.00737  
8724.199999999999  0.00733  
8728.7  0.00716  
8733.2  0.00703  
8737.6  0.00727  
8742.1  0.0073  
8746.6  0.00709  
8751.1  0.00703  
8755.599999999999  0.00723  
8760.1  0.00745  
8764.6  0.00754  
8769.0  0.00751  
8773.5  0.00749  
8778.0  0.0073  
8782.5  0.00727  
8787.0  0.00733  
8791.5  0.00732  
8796.0  0.00741  

