@MEASUREMENT_RADIUS 6.0 cm
#lambda:
#tr:
#end
6251.799999999999  0.00197  
6256.1  0.00199  
6260.4  0.00216  
6264.700000000001  0.00234  
6269.0  0.00237  
6273.3  0.00219  
6277.6  0.0021  
6281.900000000001  0.0022  
6286.2  0.00227  
6290.5  0.00231  
6294.8  0.00249  
6299.099999999999  0.00246  
6303.400000000001  0.00227  
6307.7  0.00226  
6312.0  0.00233  
6316.3  0.00244  
6320.599999999999  0.00259  
6325.0  0.00266  
6329.299999999999  0.00262  
6333.6  0.00252  
6337.9  0.00253  
6342.200000000001  0.00262  
6346.5  0.00273  
6350.8  0.00282  
6355.1  0.0028  
6359.400000000001  0.00282  
6363.7  0.00271  
6368.099999999999  0.00243  
6372.4  0.00246  
6376.7  0.00274  
6381.0  0.00292  
6385.299999999999  0.00292  
6389.6  0.00281  
6393.9  0.00271  
6398.200000000001  0.00277  
6402.6  0.00296  
6406.900000000001  0.00307  
6411.2  0.00297  
6415.5  0.00286  
6419.8  0.00291  
6424.099999999999  0.00295  
6428.5  0.00289  
6432.799999999999  0.00295  
6437.1  0.00305  
6441.4  0.00299  
6445.700000000001  0.00286  
6450.0  0.00287  
6454.400000000001  0.00307  
6458.7  0.00318  
6463.0  0.00308  
6467.3  0.003  
6471.599999999999  0.003  
6476.0  0.00296  
6480.299999999999  0.00292  
6484.6  0.00296  
6488.9  0.00302  
6493.3  0.00298  
6497.6  0.00287  
6501.900000000001  0.00294  
6506.2  0.00302  
6510.5  0.00301  
6514.9  0.00299  
6519.2  0.00308  
6523.5  0.00313  
6527.799999999999  0.00306  
6532.200000000001  0.00296  
6536.5  0.00289  
6540.8  0.00292  
6545.2  0.00298  
6549.5  0.00303  
6553.8  0.00305  
6558.099999999999  0.00296  
6562.5  0.00286  
6566.799999999999  0.00294  
6571.1  0.00298  
6575.5  0.00288  
6579.8  0.00281  
6584.099999999999  0.00297  
6588.400000000001  0.0031  
6592.799999999999  0.00296  
6597.1  0.0029  
6601.4  0.003  
6605.8  0.00301  
6610.1  0.00302  
6614.400000000001  0.00312  
6618.8  0.00307  
6623.099999999999  0.003  
6627.4  0.00302  
6631.799999999999  0.00297  
6636.1  0.00299  
6640.4  0.00324  
6644.8  0.00328  
6649.099999999999  0.00314  
6653.5  0.00328  
6657.799999999999  0.00348  
6662.1  0.00342  
6666.5  0.00332  
6670.8  0.00337  
6675.1  0.00356  
6679.5  0.0036  
6683.8  0.00363  
6688.200000000001  0.00365  
6692.5  0.00357  
6696.799999999999  0.00355  
6701.2  0.00364  
6705.5  0.00367  
6709.9  0.00358  
6714.2  0.00347  
6718.5  0.00346  
6722.9  0.00358  
6727.200000000001  0.00373  
6731.599999999999  0.00378  
6735.900000000001  0.00373  
6740.299999999999  0.00366  
6744.6  0.00368  
6748.9  0.00372  
6753.3  0.00375  
6757.6  0.00386  
6762.0  0.00383  
6766.3  0.00374  
6770.700000000001  0.00386  
6775.0  0.00401  
6779.400000000001  0.00398  
6783.7  0.0039  
6788.099999999999  0.00383  
6792.4  0.00374  
6796.799999999999  0.00383  
6801.1  0.00407  
6805.5  0.00413  
6809.8  0.0039  
6814.2  0.00369  
6818.5  0.00373  
6822.9  0.00388  
6827.200000000001  0.00396  
6831.599999999999  0.00405  
6835.900000000001  0.00405  
6840.299999999999  0.00393  
6844.6  0.00391  
6849.0  0.00409  
6853.3  0.00406  
6857.7  0.00397  
6862.0  0.00423  
6866.4  0.00448  
6870.700000000001  0.0044  
6875.1  0.00442  
6879.5  0.00481  
6883.8  0.0054  
6888.200000000001  0.00592  
6892.5  0.00644  
6896.900000000001  0.0073  
6901.2  0.00858  
6905.599999999999  0.01046  
6910.0  0.01306  
6914.299999999999  0.01657  
6918.7  0.02148  
6923.0  0.02846  
6927.4  0.03803  
6931.799999999999  0.05058  
6936.1  0.06639  
6940.5  0.08605  
6944.8  0.10998  
6949.2  0.1387  
6953.6  0.17234  
6957.9  0.21089  
6962.3  0.25492  
6966.599999999999  0.30441  
6971.0  0.35854  
6975.4  0.41626  
6979.700000000001  0.4767  
6984.099999999999  0.53806  
6988.5  0.59794  
6992.799999999999  0.65398  
6997.200000000001  0.70389  
7001.599999999999  0.74545  
7005.900000000001  0.77802  
7010.299999999999  0.80308  
7014.700000000001  0.82265  
7019.0  0.83769  
7023.400000000001  0.84875  
7027.799999999999  0.85797  
7032.1  0.86641  
7036.5  0.87377  
7040.900000000001  0.88082  
7045.2  0.88677  
7049.6  0.89182  
7054.0  0.89696  
7058.3  0.90193  
7062.7  0.90618  
7067.1  0.9092  
7071.5  0.9118  
7075.8  0.91461  
7080.2  0.91681  
7084.6  0.9182  
7088.9  0.91891  
7093.3  0.91931  
7097.7  0.91996  
7102.1  0.92074  
7106.4  0.92126  
7110.8  0.92075  
7115.2  0.91937  
7119.6  0.91845  
7123.9  0.91801  
7128.3  0.91665  
7132.7  0.91435  
7137.1  0.91235  
7141.4  0.91093  
7145.8  0.90914  
7150.2  0.90696  
7154.6  0.90515  
7159.0  0.90395  
7163.3  0.90321  
7167.7  0.90264  
7172.1  0.90195  
7176.5  0.90173  
7180.900000000001  0.9025  
7185.2  0.90318  
7189.6  0.90319  
7194.0  0.90358  
7198.400000000001  0.9049  
7202.799999999999  0.90612  
7207.1  0.90645  
7211.5  0.90667  
7215.900000000001  0.9078  
7220.299999999999  0.90907  
7224.700000000001  0.90969  
7229.099999999999  0.91089  
7233.400000000001  0.91281  
7237.799999999999  0.91409  
7242.200000000001  0.91532  
7246.599999999999  0.9173  
7251.0  0.919  
7255.4  0.92018  
7259.700000000001  0.92145  
7264.099999999999  0.92259  
7268.5  0.92345  
7272.9  0.92517  
7277.3  0.92701  
7281.7  0.92732  
7286.1  0.92693  
7290.5  0.92743  
7294.9  0.92848  
7299.2  0.92902  
7303.6  0.92897  
7308.0  0.92854  
7312.4  0.92879  
7316.799999999999  0.92982  
7321.2  0.93027  
7325.599999999999  0.92974  
7330.0  0.92932  
7334.400000000001  0.92969  
7338.8  0.93007  
7343.099999999999  0.92957  
7347.5  0.9291  
7351.900000000001  0.92906  
7356.3  0.929  
7360.700000000001  0.92857  
7365.1  0.92806  
7369.5  0.92755  
7373.9  0.92748  
7378.3  0.92796  
7382.7  0.92796  
7387.1  0.92746  
7391.5  0.92741  
7395.900000000001  0.92808  
7400.299999999999  0.92849  
7404.700000000001  0.92873  
7409.099999999999  0.92871  
7413.5  0.92823  
7417.9  0.92836  
7422.3  0.9289  
7426.7  0.92882  
7431.1  0.92841  
7435.5  0.92831  
7439.9  0.9281  
7444.299999999999  0.92729  
7448.7  0.92697  
7453.099999999999  0.92693  
7457.5  0.92638  
7461.900000000001  0.92607  
7466.3  0.92565  
7470.700000000001  0.92512  
7475.1  0.92507  
7479.5  0.92522  
7483.9  0.92543  
7488.3  0.92536  
7492.7  0.92484  
7497.1  0.9248  
7501.5  0.92546  
7505.900000000001  0.92599  
7510.299999999999  0.92594  
7514.700000000001  0.92565  
7519.099999999999  0.92574  
7523.5  0.92636  
7527.9  0.92713  
7532.3  0.92765  
7536.799999999999  0.92776  
7541.2  0.92785  
7545.599999999999  0.92829  
7550.0  0.92874  
7554.400000000001  0.92944  
7558.8  0.92999  
7563.200000000001  0.9299  
7567.6  0.93011  
7572.0  0.93113  
7576.4  0.93206  
7580.8  0.93203  
7585.299999999999  0.93154  
7589.700000000001  0.93173  
7594.099999999999  0.9321  
7598.5  0.93214  
7602.9  0.93208  
7607.3  0.93211  
7611.7  0.93213  
7616.1  0.93194  
7620.599999999999  0.93188  
7625.0  0.93152  
7629.400000000001  0.93118  
7633.8  0.93189  
7638.200000000001  0.93227  
7642.6  0.9317  
7647.0  0.93147  
7651.5  0.93186  
7655.900000000001  0.93198  
7660.299999999999  0.93184  
7664.700000000001  0.93196  
7669.099999999999  0.93221  
7673.5  0.93195  
7678.0  0.93116  
7682.4  0.93068  
7686.799999999999  0.93078  
7691.2  0.93086  
7695.599999999999  0.93016  
7700.0  0.92952  
7704.5  0.92925  
7708.9  0.92801  
7713.3  0.92663  
7717.7  0.92629  
7722.1  0.92652  
7726.599999999999  0.92621  
7731.0  0.92471  
7735.4  0.92381  
7739.8  0.92418  
7744.299999999999  0.92438  
7748.7  0.92379  
7753.099999999999  0.92301  
7757.5  0.92278  
7761.900000000001  0.92291  
7766.4  0.92264  
7770.8  0.92212  
7775.2  0.92233  
7779.6  0.9227  
7784.099999999999  0.92228  
7788.5  0.92161  
7792.9  0.92117  
7797.3  0.92125  
7801.799999999999  0.92171  
7806.2  0.92235  
7810.599999999999  0.92316  
7815.0  0.92405  
7819.5  0.92456  
7823.9  0.92478  
7828.3  0.92526  
7832.799999999999  0.92565  
7837.200000000001  0.92609  
7841.599999999999  0.92683  
7846.0  0.92713  
7850.5  0.92749  
7854.9  0.92824  
7859.299999999999  0.9288  
7863.8  0.92933  
7868.200000000001  0.92965  
7872.6  0.92951  
7877.1  0.92879  
7881.5  0.92827  
7885.900000000001  0.9288  
7890.4  0.929  
7894.8  0.92875  
7899.2  0.92869  
7903.7  0.92869  
7908.099999999999  0.9284  
7912.5  0.92802  
7917.0  0.92832  
7921.4  0.92885  
7925.8  0.92831  
7930.299999999999  0.9276  
7934.700000000001  0.92758  
7939.099999999999  0.92781  
7943.6  0.92823  
7948.0  0.92841  
7952.4  0.92798  
7956.900000000001  0.92746  
7961.3  0.92731  
7965.700000000001  0.92706  
7970.2  0.92702  
7974.6  0.92719  
7979.099999999999  0.92699  
7983.5  0.92635  
7987.9  0.92598  
7992.4  0.9258  
7996.799999999999  0.92554  
8001.3  0.92587  
8005.700000000001  0.9262  
8010.1  0.92549  
8014.6  0.9248  
8019.0  0.92491  
8023.5  0.92503  
8027.9  0.92493  
8032.3  0.92403  
8036.799999999999  0.92358  
8041.2  0.92338  
8045.700000000001  0.9224  
8050.1  0.92188  
8054.6  0.92192  
8059.0  0.92184  
8063.400000000001  0.92124  
8067.9  0.92069  
8072.3  0.92035  
8076.799999999999  0.9199  
8081.2  0.91933  
8085.700000000001  0.91908  
8090.1  0.91894  
8094.6  0.91854  
8099.0  0.91869  
8103.5  0.91939  
8107.9  0.91949  
8112.3  0.91905  
8116.799999999999  0.91831  
8121.2  0.91784  
8125.700000000001  0.918  
8130.1  0.91813  
8134.6  0.91752  
8139.0  0.91683  
8143.5  0.91722  
8147.9  0.91724  
8152.4  0.91623  
8156.799999999999  0.91634  
8161.3  0.91737  
8165.700000000001  0.91746  
8170.2  0.91664  
8174.6  0.91563  
8179.099999999999  0.91531  
8183.5  0.91561  
8188.0  0.91626  
8192.4  0.91704  
8196.900000000001  0.91728  
8201.4  0.91716  
8205.800000000001  0.91715  
8210.3  0.91694  
8214.7  0.91647  
8219.199999999999  0.91607  
8223.6  0.9155  
8228.099999999999  0.91513  
8232.5  0.91518  
8237.0  0.91434  
8241.4  0.91314  
8245.9  0.91217  
8250.3  0.91081  
8254.8  0.91007  
8259.3  0.91026  
8263.7  0.90991  
8268.2  0.90947  
8272.6  0.90911  
8277.1  0.90866  
8281.5  0.90811  
8286.0  0.90756  
8290.5  0.90755  
8294.9  0.90776  
8299.400000000001  0.90824  
8303.8  0.90837  
8308.300000000001  0.9079  
8312.8  0.90792  
8317.2  0.90809  
8321.699999999999  0.90781  
8326.1  0.90732  
8330.599999999999  0.90726  
8335.1  0.90718  
8339.5  0.90648  
8344.0  0.90612  
8348.4  0.90561  
8352.9  0.90451  
8357.4  0.90386  
8361.8  0.9034  
8366.3  0.90259  
8370.800000000001  0.90188  
8375.2  0.90103  
8379.7  0.89986  
8384.199999999999  0.89908  
8388.6  0.89869  
8393.099999999999  0.89733  
8397.5  0.8951  
8402.0  0.89324  
8406.5  0.89189  
8410.9  0.89037  
8415.4  0.88782  
8419.9  0.88477  
8424.3  0.88221  
8428.8  0.87965  
8433.300000000001  0.87708  
8437.7  0.87449  
8442.2  0.87194  
8446.699999999999  0.86872  
8451.1  0.86456  
8455.599999999999  0.86051  
8460.1  0.85643  
8464.6  0.8517  
8469.0  0.84631  
8473.5  0.83944  
8478.0  0.83004  
8482.4  0.81913  
8486.900000000001  0.80737  
8491.4  0.79296  
8495.800000000001  0.77532  
8500.3  0.75569  
8504.8  0.73349  
8509.3  0.70737  
8513.7  0.67806  
8518.2  0.64566  
8522.7  0.6108  
8527.1  0.57399  
8531.6  0.53587  
8536.1  0.49705  
8540.599999999999  0.45658  
8545.0  0.41459  
8549.5  0.37226  
8554.0  0.32967  
8558.5  0.28761  
8562.9  0.2476  
8567.4  0.20977  
8571.900000000001  0.17492  
8576.4  0.14417  
8580.800000000001  0.118  
8585.3  0.09636  
8589.8  0.07851  
8594.3  0.06414  
8598.7  0.05261  
8603.2  0.04357  
8607.7  0.03669  
8612.2  0.0314  
8616.699999999999  0.02745  
8621.1  0.02437  
8625.599999999999  0.02174  
8630.1  0.01937  
8634.6  0.01763  
8639.0  0.01619  
8643.5  0.01483  
8648.0  0.01397  
8652.5  0.01326  
8657.0  0.01224  
8661.4  0.01119  
8665.9  0.01035  
8670.4  0.00989  
8674.9  0.00959  
8679.400000000001  0.00937  
8683.8  0.00911  
8688.300000000001  0.00865  
8692.8  0.00808  
8697.3  0.00778  
8701.8  0.008  
8706.3  0.0081  
8710.7  0.00753  
8715.2  0.00698  
8719.7  0.00718  
8724.199999999999  0.00758  
8728.7  0.00755  
8733.2  0.00714  
8737.6  0.00682  
8742.1  0.00687  
8746.6  0.00712  
8751.1  0.00713  
8755.599999999999  0.00713  
8760.1  0.00718  
8764.6  0.00708  
8769.0  0.00692  
8773.5  0.00724  
8778.0  0.00766  
8782.5  0.0074  
8787.0  0.0071  
8791.5  0.00753  
8796.0  0.00792  

