@MEASUREMENT_RADIUS 7.0 cm
#lambda:
#tr:
#end
6251.799999999999  0.00225  
6256.1  0.0022  
6260.4  0.00223  
6264.700000000001  0.00221  
6269.0  0.00218  
6273.3  0.00224  
6277.6  0.00225  
6281.900000000001  0.00211  
6286.2  0.00217  
6290.5  0.00236  
6294.8  0.00237  
6299.099999999999  0.00223  
6303.400000000001  0.00221  
6307.7  0.00231  
6312.0  0.00239  
6316.3  0.00243  
6320.599999999999  0.00243  
6325.0  0.00244  
6329.299999999999  0.00251  
6333.6  0.00255  
6337.9  0.00262  
6342.200000000001  0.00263  
6346.5  0.00255  
6350.8  0.00267  
6355.1  0.00285  
6359.400000000001  0.0028  
6363.7  0.00278  
6368.099999999999  0.00284  
6372.4  0.00281  
6376.7  0.00271  
6381.0  0.0027  
6385.299999999999  0.00289  
6389.6  0.00302  
6393.9  0.00296  
6398.200000000001  0.00287  
6402.6  0.0028  
6406.900000000001  0.0028  
6411.2  0.00288  
6415.5  0.00292  
6419.8  0.00293  
6424.099999999999  0.00301  
6428.5  0.00301  
6432.799999999999  0.00299  
6437.1  0.003  
6441.4  0.00295  
6445.700000000001  0.00294  
6450.0  0.00303  
6454.400000000001  0.0032  
6458.7  0.00324  
6463.0  0.00317  
6467.3  0.00302  
6471.599999999999  0.00291  
6476.0  0.00294  
6480.299999999999  0.00305  
6484.6  0.00307  
6488.9  0.00299  
6493.3  0.00289  
6497.6  0.00292  
6501.900000000001  0.00302  
6506.2  0.00293  
6510.5  0.00289  
6514.9  0.00309  
6519.2  0.00317  
6523.5  0.00305  
6527.799999999999  0.003  
6532.200000000001  0.003  
6536.5  0.00298  
6540.8  0.00291  
6545.2  0.00281  
6549.5  0.00289  
6553.8  0.00304  
6558.099999999999  0.003  
6562.5  0.00285  
6566.799999999999  0.00294  
6571.1  0.003  
6575.5  0.00295  
6579.8  0.00289  
6584.099999999999  0.0029  
6588.400000000001  0.00299  
6592.799999999999  0.00309  
6597.1  0.00304  
6601.4  0.00297  
6605.8  0.00301  
6610.1  0.00298  
6614.400000000001  0.00294  
6618.8  0.00306  
6623.099999999999  0.0032  
6627.4  0.00318  
6631.799999999999  0.00318  
6636.1  0.00327  
6640.4  0.00334  
6644.8  0.00325  
6649.099999999999  0.00321  
6653.5  0.00335  
6657.799999999999  0.00345  
6662.1  0.00338  
6666.5  0.00332  
6670.8  0.00339  
6675.1  0.00355  
6679.5  0.00359  
6683.8  0.00349  
6688.200000000001  0.00338  
6692.5  0.00344  
6696.799999999999  0.00361  
6701.2  0.00362  
6705.5  0.00355  
6709.9  0.00367  
6714.2  0.00372  
6718.5  0.00356  
6722.9  0.0035  
6727.200000000001  0.00363  
6731.599999999999  0.00365  
6735.900000000001  0.00361  
6740.299999999999  0.00374  
6744.6  0.00384  
6748.9  0.00381  
6753.3  0.00379  
6757.6  0.00386  
6762.0  0.00389  
6766.3  0.00378  
6770.700000000001  0.00367  
6775.0  0.00369  
6779.400000000001  0.00374  
6783.7  0.00379  
6788.099999999999  0.00382  
6792.4  0.00383  
6796.799999999999  0.00385  
6801.1  0.00382  
6805.5  0.00379  
6809.8  0.0038  
6814.2  0.00385  
6818.5  0.00391  
6822.9  0.00384  
6827.200000000001  0.0038  
6831.599999999999  0.00385  
6835.900000000001  0.00397  
6840.299999999999  0.00402  
6844.6  0.00398  
6849.0  0.00398  
6853.3  0.00399  
6857.7  0.00402  
6862.0  0.00415  
6866.4  0.00431  
6870.700000000001  0.00448  
6875.1  0.00461  
6879.5  0.00478  
6883.8  0.00514  
6888.200000000001  0.00563  
6892.5  0.00627  
6896.900000000001  0.00727  
6901.2  0.00858  
6905.599999999999  0.01033  
6910.0  0.01263  
6914.299999999999  0.01604  
6918.7  0.02096  
6923.0  0.02779  
6927.4  0.03698  
6931.799999999999  0.04921  
6936.1  0.06489  
6940.5  0.08418  
6944.8  0.10763  
6949.2  0.13589  
6953.6  0.1689  
6957.9  0.2071  
6962.3  0.2509  
6966.599999999999  0.2998  
6971.0  0.35338  
6975.4  0.41094  
6979.700000000001  0.47137  
6984.099999999999  0.53287  
6988.5  0.5929  
6992.799999999999  0.64909  
6997.200000000001  0.69952  
7001.599999999999  0.74209  
7005.900000000001  0.77609  
7010.299999999999  0.8025  
7014.700000000001  0.82239  
7019.0  0.83706  
7023.400000000001  0.84864  
7027.799999999999  0.85846  
7032.1  0.86705  
7036.5  0.87452  
7040.900000000001  0.88107  
7045.2  0.88701  
7049.6  0.89222  
7054.0  0.89725  
7058.3  0.90255  
7062.7  0.90669  
7067.1  0.90903  
7071.5  0.9114  
7075.8  0.91432  
7080.2  0.91672  
7084.6  0.91829  
7088.9  0.91915  
7093.3  0.91978  
7097.7  0.92029  
7102.1  0.9205  
7106.4  0.92061  
7110.8  0.9205  
7115.2  0.92025  
7119.6  0.92006  
7123.9  0.91906  
7128.3  0.91713  
7132.7  0.91535  
7137.1  0.91358  
7141.4  0.91184  
7145.8  0.9102  
7150.2  0.90813  
7154.6  0.90641  
7159.0  0.90542  
7163.3  0.90443  
7167.7  0.90317  
7172.1  0.90206  
7176.5  0.9019  
7180.900000000001  0.90283  
7185.2  0.90354  
7189.6  0.90342  
7194.0  0.90374  
7198.400000000001  0.90475  
7202.799999999999  0.90543  
7207.1  0.90602  
7211.5  0.90699  
7215.900000000001  0.90806  
7220.299999999999  0.90904  
7224.700000000001  0.90992  
7229.099999999999  0.9111  
7233.400000000001  0.91265  
7237.799999999999  0.91431  
7242.200000000001  0.9163  
7246.599999999999  0.91832  
7251.0  0.91988  
7255.4  0.92093  
7259.700000000001  0.92214  
7264.099999999999  0.92359  
7268.5  0.9249  
7272.9  0.92608  
7277.3  0.92695  
7281.7  0.92774  
7286.1  0.92825  
7290.5  0.9286  
7294.9  0.92916  
7299.2  0.92943  
7303.6  0.92933  
7308.0  0.92905  
7312.4  0.92897  
7316.799999999999  0.92927  
7321.2  0.92969  
7325.599999999999  0.93009  
7330.0  0.93049  
7334.400000000001  0.93001  
7338.8  0.92939  
7343.099999999999  0.92937  
7347.5  0.92953  
7351.900000000001  0.92991  
7356.3  0.93015  
7360.700000000001  0.92953  
7365.1  0.92891  
7369.5  0.92886  
7373.9  0.92878  
7378.3  0.92827  
7382.7  0.92788  
7387.1  0.92825  
7391.5  0.92869  
7395.900000000001  0.92907  
7400.299999999999  0.92883  
7404.700000000001  0.92806  
7409.099999999999  0.92822  
7413.5  0.92911  
7417.9  0.92958  
7422.3  0.92941  
7426.7  0.92889  
7431.1  0.9287  
7435.5  0.92904  
7439.9  0.92885  
7444.299999999999  0.92781  
7448.7  0.92716  
7453.099999999999  0.92734  
7457.5  0.92708  
7461.900000000001  0.92601  
7466.3  0.92528  
7470.700000000001  0.92566  
7475.1  0.92597  
7479.5  0.92603  
7483.9  0.92606  
7488.3  0.9255  
7492.7  0.9253  
7497.1  0.9259  
7501.5  0.9262  
7505.900000000001  0.926  
7510.299999999999  0.9264  
7514.700000000001  0.92667  
7519.099999999999  0.92632  
7523.5  0.92636  
7527.9  0.92698  
7532.3  0.9275  
7536.799999999999  0.92769  
7541.2  0.9281  
7545.599999999999  0.9287  
7550.0  0.92883  
7554.400000000001  0.92922  
7558.8  0.93041  
7563.200000000001  0.93102  
7567.6  0.93089  
7572.0  0.93109  
7576.4  0.93202  
7580.8  0.93279  
7585.299999999999  0.93289  
7589.700000000001  0.93294  
7594.099999999999  0.93276  
7598.5  0.93287  
7602.9  0.93332  
7607.3  0.93339  
7611.7  0.93305  
7616.1  0.93247  
7620.599999999999  0.93241  
7625.0  0.93253  
7629.400000000001  0.93235  
7633.8  0.93236  
7638.200000000001  0.93213  
7642.6  0.93186  
7647.0  0.93201  
7651.5  0.93238  
7655.900000000001  0.93231  
7660.299999999999  0.93188  
7664.700000000001  0.93209  
7669.099999999999  0.93253  
7673.5  0.93221  
7678.0  0.93163  
7682.4  0.93147  
7686.799999999999  0.93181  
7691.2  0.932  
7695.599999999999  0.93108  
7700.0  0.93023  
7704.5  0.9298  
7708.9  0.92936  
7713.3  0.929  
7717.7  0.92828  
7722.1  0.92781  
7726.599999999999  0.92791  
7731.0  0.92736  
7735.4  0.92636  
7739.8  0.92579  
7744.299999999999  0.9256  
7748.7  0.92523  
7753.099999999999  0.92491  
7757.5  0.92495  
7761.900000000001  0.92458  
7766.4  0.92376  
7770.8  0.92316  
7775.2  0.92314  
7779.6  0.92305  
7784.099999999999  0.92237  
7788.5  0.92158  
7792.9  0.9218  
7797.3  0.92276  
7801.799999999999  0.92298  
7806.2  0.9225  
7810.599999999999  0.9223  
7815.0  0.92329  
7819.5  0.92429  
7823.9  0.92445  
7828.3  0.92498  
7832.799999999999  0.92596  
7837.200000000001  0.92635  
7841.599999999999  0.92648  
7846.0  0.92718  
7850.5  0.92776  
7854.9  0.92818  
7859.299999999999  0.92871  
7863.8  0.9291  
7868.200000000001  0.92965  
7872.6  0.93013  
7877.1  0.92952  
7881.5  0.92897  
7885.900000000001  0.92956  
7890.4  0.92985  
7894.8  0.92959  
7899.2  0.92962  
7903.7  0.92996  
7908.099999999999  0.92958  
7912.5  0.92896  
7917.0  0.92912  
7921.4  0.92945  
7925.8  0.92928  
7930.299999999999  0.92907  
7934.700000000001  0.92913  
7939.099999999999  0.92908  
7943.6  0.92913  
7948.0  0.92916  
7952.4  0.92891  
7956.900000000001  0.92815  
7961.3  0.92761  
7965.700000000001  0.92797  
7970.2  0.92836  
7974.6  0.92816  
7979.099999999999  0.92774  
7983.5  0.92703  
7987.9  0.92668  
7992.4  0.92701  
7996.799999999999  0.92722  
8001.3  0.92714  
8005.700000000001  0.92673  
8010.1  0.92629  
8014.6  0.9262  
8019.0  0.92642  
8023.5  0.92585  
8027.9  0.92499  
8032.3  0.92483  
8036.799999999999  0.92473  
8041.2  0.92387  
8045.700000000001  0.92298  
8050.1  0.92312  
8054.6  0.92304  
8059.0  0.9225  
8063.400000000001  0.92266  
8067.9  0.92245  
8072.3  0.92143  
8076.799999999999  0.92121  
8081.2  0.92127  
8085.700000000001  0.92077  
8090.1  0.91999  
8094.6  0.91972  
8099.0  0.92009  
8103.5  0.92007  
8107.9  0.91991  
8112.3  0.92038  
8116.799999999999  0.92038  
8121.2  0.91946  
8125.700000000001  0.91911  
8130.1  0.91915  
8134.6  0.9187  
8139.0  0.91873  
8143.5  0.91911  
8147.9  0.9185  
8152.4  0.91786  
8156.799999999999  0.91807  
8161.3  0.91823  
8165.700000000001  0.91791  
8170.2  0.91765  
8174.6  0.91729  
8179.099999999999  0.91707  
8183.5  0.91706  
8188.0  0.91705  
8192.4  0.91684  
8196.900000000001  0.91668  
8201.4  0.91714  
8205.800000000001  0.91775  
8210.3  0.91757  
8214.7  0.91703  
8219.199999999999  0.91702  
8223.6  0.91758  
8228.099999999999  0.9173  
8232.5  0.91564  
8237.0  0.91435  
8241.4  0.91438  
8245.9  0.91441  
8250.3  0.91325  
8254.8  0.91228  
8259.3  0.91196  
8263.7  0.91077  
8268.2  0.91024  
8272.6  0.91075  
8277.1  0.91031  
8281.5  0.90941  
8286.0  0.90998  
8290.5  0.91074  
8294.9  0.90994  
8299.400000000001  0.90927  
8303.8  0.90964  
8308.300000000001  0.90966  
8312.8  0.90927  
8317.2  0.90877  
8321.699999999999  0.90819  
8326.1  0.90846  
8330.599999999999  0.90888  
8335.1  0.90806  
8339.5  0.90727  
8344.0  0.90725  
8348.4  0.90707  
8352.9  0.90635  
8357.4  0.90533  
8361.8  0.90453  
8366.3  0.90394  
8370.800000000001  0.90333  
8375.2  0.90259  
8379.7  0.90201  
8384.199999999999  0.90143  
8388.6  0.90048  
8393.099999999999  0.89931  
8397.5  0.89777  
8402.0  0.8955  
8406.5  0.8934  
8410.9  0.89238  
8415.4  0.89067  
8419.9  0.8872  
8424.3  0.88451  
8428.8  0.8827  
8433.300000000001  0.88021  
8437.7  0.87706  
8442.2  0.8743  
8446.699999999999  0.87152  
8451.1  0.86798  
8455.599999999999  0.86414  
8460.1  0.85999  
8464.6  0.85534  
8469.0  0.85003  
8473.5  0.84361  
8478.0  0.83548  
8482.4  0.82518  
8486.900000000001  0.8129  
8491.4  0.7991  
8495.800000000001  0.78279  
8500.3  0.76343  
8504.8  0.74151  
8509.3  0.71615  
8513.7  0.68776  
8518.2  0.65659  
8522.7  0.62246  
8527.1  0.58622  
8531.6  0.54879  
8536.1  0.50958  
8540.599999999999  0.4687  
8545.0  0.42724  
8549.5  0.38519  
8554.0  0.3424  
8558.5  0.29987  
8562.9  0.25907  
8567.4  0.22047  
8571.900000000001  0.18458  
8576.4  0.1525  
8580.800000000001  0.12508  
8585.3  0.10217  
8589.8  0.0832  
8594.3  0.06772  
8598.7  0.05525  
8603.2  0.0457  
8607.7  0.03841  
8612.2  0.03258  
8616.699999999999  0.02822  
8621.1  0.02504  
8625.599999999999  0.02237  
8630.1  0.02008  
8634.6  0.01829  
8639.0  0.01669  
8643.5  0.01519  
8648.0  0.01389  
8652.5  0.01312  
8657.0  0.01226  
8661.4  0.01132  
8665.9  0.01098  
8670.4  0.01066  
8674.9  0.00966  
8679.400000000001  0.00891  
8683.8  0.00876  
8688.300000000001  0.00886  
8692.8  0.00863  
8697.3  0.00825  
8701.8  0.00805  
8706.3  0.00787  
8710.7  0.0077  
8715.2  0.00768  
8719.7  0.00765  
8724.199999999999  0.00765  
8728.7  0.00744  
8733.2  0.00697  
8737.6  0.00695  
8742.1  0.00742  
8746.6  0.00757  
8751.1  0.00721  
8755.599999999999  0.00724  
8760.1  0.0075  
8764.6  0.00751  
8769.0  0.00734  
8773.5  0.00745  
8778.0  0.00745  
8782.5  0.00736  
8787.0  0.00757  
8791.5  0.00785  
8796.0  0.00766  

