@MEASUREMENT_RADIUS 8.0 cm
#lambda:
#tr:
#end
6251.799999999999  0.00205  
6256.1  0.00188  
6260.4  0.00195  
6264.700000000001  0.00227  
6269.0  0.00248  
6273.3  0.00234  
6277.6  0.00219  
6281.900000000001  0.00215  
6286.2  0.00213  
6290.5  0.00215  
6294.8  0.00229  
6299.099999999999  0.00246  
6303.400000000001  0.00243  
6307.7  0.00225  
6312.0  0.00227  
6316.3  0.00237  
6320.599999999999  0.00248  
6325.0  0.00257  
6329.299999999999  0.00254  
6333.6  0.00253  
6337.9  0.00258  
6342.200000000001  0.00255  
6346.5  0.00258  
6350.8  0.00272  
6355.1  0.00277  
6359.400000000001  0.00284  
6363.7  0.00289  
6368.099999999999  0.00272  
6372.4  0.00253  
6376.7  0.00262  
6381.0  0.00286  
6385.299999999999  0.00297  
6389.6  0.00291  
6393.9  0.00286  
6398.200000000001  0.00285  
6402.6  0.00287  
6406.900000000001  0.00292  
6411.2  0.00291  
6415.5  0.00275  
6419.8  0.00269  
6424.099999999999  0.00285  
6428.5  0.00302  
6432.799999999999  0.0031  
6437.1  0.00302  
6441.4  0.00294  
6445.700000000001  0.00291  
6450.0  0.00282  
6454.400000000001  0.00291  
6458.7  0.00311  
6463.0  0.00318  
6467.3  0.00309  
6471.599999999999  0.00303  
6476.0  0.00297  
6480.299999999999  0.00285  
6484.6  0.00283  
6488.9  0.00293  
6493.3  0.00288  
6497.6  0.00279  
6501.900000000001  0.0029  
6506.2  0.00299  
6510.5  0.00295  
6514.9  0.00293  
6519.2  0.003  
6523.5  0.00305  
6527.799999999999  0.00311  
6532.200000000001  0.00309  
6536.5  0.00289  
6540.8  0.00276  
6545.2  0.00282  
6549.5  0.00293  
6553.8  0.00288  
6558.099999999999  0.00287  
6562.5  0.00293  
6566.799999999999  0.00289  
6571.1  0.0029  
6575.5  0.00302  
6579.8  0.00299  
6584.099999999999  0.00293  
6588.400000000001  0.00293  
6592.799999999999  0.00293  
6597.1  0.00296  
6601.4  0.00306  
6605.8  0.00319  
6610.1  0.00316  
6614.400000000001  0.003  
6618.8  0.00301  
6623.099999999999  0.00307  
6627.4  0.00302  
6631.799999999999  0.00316  
6636.1  0.00334  
6640.4  0.00334  
6644.8  0.00326  
6649.099999999999  0.00322  
6653.5  0.00322  
6657.799999999999  0.00332  
6662.1  0.00338  
6666.5  0.00334  
6670.8  0.00339  
6675.1  0.00358  
6679.5  0.00364  
6683.8  0.00359  
6688.200000000001  0.0035  
6692.5  0.00344  
6696.799999999999  0.00344  
6701.2  0.00358  
6705.5  0.00365  
6709.9  0.00363  
6714.2  0.00357  
6718.5  0.00351  
6722.9  0.00361  
6727.200000000001  0.00383  
6731.599999999999  0.00384  
6735.900000000001  0.00371  
6740.299999999999  0.00371  
6744.6  0.00376  
6748.9  0.00371  
6753.3  0.00369  
6757.6  0.00377  
6762.0  0.00381  
6766.3  0.00387  
6770.700000000001  0.00387  
6775.0  0.00381  
6779.400000000001  0.00387  
6783.7  0.00404  
6788.099999999999  0.00397  
6792.4  0.0038  
6796.799999999999  0.0038  
6801.1  0.00385  
6805.5  0.00398  
6809.8  0.0041  
6814.2  0.00402  
6818.5  0.00391  
6822.9  0.00398  
6827.200000000001  0.00405  
6831.599999999999  0.00396  
6835.900000000001  0.00391  
6840.299999999999  0.00398  
6844.6  0.00396  
6849.0  0.00394  
6853.3  0.00406  
6857.7  0.00417  
6862.0  0.00416  
6866.4  0.00414  
6870.700000000001  0.00426  
6875.1  0.00447  
6879.5  0.00469  
6883.8  0.00509  
6888.200000000001  0.00569  
6892.5  0.0064  
6896.900000000001  0.00728  
6901.2  0.00837  
6905.599999999999  0.01001  
6910.0  0.01237  
6914.299999999999  0.01573  
6918.7  0.02061  
6923.0  0.02719  
6927.4  0.03596  
6931.799999999999  0.04801  
6936.1  0.06352  
6940.5  0.08238  
6944.8  0.10516  
6949.2  0.13284  
6953.6  0.16552  
6957.9  0.20332  
6962.3  0.24648  
6966.599999999999  0.29488  
6971.0  0.34821  
6975.4  0.40559  
6979.700000000001  0.46573  
6984.099999999999  0.5268  
6988.5  0.58678  
6992.799999999999  0.64377  
6997.200000000001  0.69544  
7001.599999999999  0.73893  
7005.900000000001  0.77324  
7010.299999999999  0.79972  
7014.700000000001  0.82026  
7019.0  0.83628  
7023.400000000001  0.84879  
7027.799999999999  0.85889  
7032.1  0.86721  
7036.5  0.87433  
7040.900000000001  0.88112  
7045.2  0.88736  
7049.6  0.89263  
7054.0  0.89774  
7058.3  0.9027  
7062.7  0.9064  
7067.1  0.90891  
7071.5  0.91157  
7075.8  0.91464  
7080.2  0.91671  
7084.6  0.91764  
7088.9  0.91846  
7093.3  0.91949  
7097.7  0.91999  
7102.1  0.92009  
7106.4  0.92075  
7110.8  0.92135  
7115.2  0.92085  
7119.6  0.91973  
7123.9  0.91908  
7128.3  0.91844  
7132.7  0.91678  
7137.1  0.91442  
7141.4  0.9127  
7145.8  0.91183  
7150.2  0.91011  
7154.6  0.90747  
7159.0  0.90556  
7163.3  0.90485  
7167.7  0.90455  
7172.1  0.90329  
7176.5  0.90203  
7180.900000000001  0.90267  
7185.2  0.90374  
7189.6  0.90344  
7194.0  0.90321  
7198.400000000001  0.904  
7202.799999999999  0.90516  
7207.1  0.906  
7211.5  0.90643  
7215.900000000001  0.90745  
7220.299999999999  0.90892  
7224.700000000001  0.90996  
7229.099999999999  0.91121  
7233.400000000001  0.91304  
7237.799999999999  0.91458  
7242.200000000001  0.9159  
7246.599999999999  0.918  
7251.0  0.92044  
7255.4  0.92185  
7259.700000000001  0.92277  
7264.099999999999  0.92425  
7268.5  0.9259  
7272.9  0.92744  
7277.3  0.92823  
7281.7  0.92836  
7286.1  0.92885  
7290.5  0.9296  
7294.9  0.92995  
7299.2  0.92966  
7303.6  0.9296  
7308.0  0.9298  
7312.4  0.9298  
7316.799999999999  0.92961  
7321.2  0.92955  
7325.599999999999  0.92976  
7330.0  0.93006  
7334.400000000001  0.93035  
7338.8  0.93032  
7343.099999999999  0.93006  
7347.5  0.93  
7351.900000000001  0.92987  
7356.3  0.92985  
7360.700000000001  0.92983  
7365.1  0.92965  
7369.5  0.92942  
7373.9  0.92931  
7378.3  0.92941  
7382.7  0.92937  
7387.1  0.92928  
7391.5  0.92943  
7395.900000000001  0.92975  
7400.299999999999  0.92959  
7404.700000000001  0.92905  
7409.099999999999  0.92911  
7413.5  0.93  
7417.9  0.93062  
7422.3  0.92992  
7426.7  0.92881  
7431.1  0.92877  
7435.5  0.92919  
7439.9  0.92877  
7444.299999999999  0.92787  
7448.7  0.92757  
7453.099999999999  0.9275  
7457.5  0.92701  
7461.900000000001  0.92651  
7466.3  0.9261  
7470.700000000001  0.9262  
7475.1  0.92648  
7479.5  0.9264  
7483.9  0.92654  
7488.3  0.92656  
7492.7  0.92636  
7497.1  0.92645  
7501.5  0.92652  
7505.900000000001  0.92692  
7510.299999999999  0.92782  
7514.700000000001  0.92811  
7519.099999999999  0.92765  
7523.5  0.92748  
7527.9  0.92793  
7532.3  0.92817  
7536.799999999999  0.92796  
7541.2  0.92798  
7545.599999999999  0.92874  
7550.0  0.92937  
7554.400000000001  0.92999  
7558.8  0.93099  
7563.200000000001  0.93131  
7567.6  0.9311  
7572.0  0.93168  
7576.4  0.93315  
7580.8  0.9338  
7585.299999999999  0.9332  
7589.700000000001  0.93305  
7594.099999999999  0.93384  
7598.5  0.93435  
7602.9  0.93393  
7607.3  0.93378  
7611.7  0.93392  
7616.1  0.93346  
7620.599999999999  0.93345  
7625.0  0.93386  
7629.400000000001  0.93337  
7633.8  0.93284  
7638.200000000001  0.93273  
7642.6  0.93256  
7647.0  0.93255  
7651.5  0.9328  
7655.900000000001  0.93248  
7660.299999999999  0.93206  
7664.700000000001  0.9324  
7669.099999999999  0.93283  
7673.5  0.93277  
7678.0  0.93238  
7682.4  0.93217  
7686.799999999999  0.93226  
7691.2  0.93218  
7695.599999999999  0.9317  
7700.0  0.93135  
7704.5  0.93112  
7708.9  0.93068  
7713.3  0.93025  
7717.7  0.93014  
7722.1  0.93025  
7726.599999999999  0.92949  
7731.0  0.92828  
7735.4  0.92791  
7739.8  0.92814  
7744.299999999999  0.92795  
7748.7  0.92674  
7753.099999999999  0.9259  
7757.5  0.9258  
7761.900000000001  0.92546  
7766.4  0.92517  
7770.8  0.92472  
7775.2  0.92413  
7779.6  0.92375  
7784.099999999999  0.92357  
7788.5  0.9234  
7792.9  0.92279  
7797.3  0.92223  
7801.799999999999  0.92209  
7806.2  0.92238  
7810.599999999999  0.92259  
7815.0  0.9227  
7819.5  0.92317  
7823.9  0.92381  
7828.3  0.92434  
7832.799999999999  0.92488  
7837.200000000001  0.92552  
7841.599999999999  0.92624  
7846.0  0.92697  
7850.5  0.92784  
7854.9  0.92869  
7859.299999999999  0.92905  
7863.8  0.92904  
7868.200000000001  0.92912  
7872.6  0.92968  
7877.1  0.93036  
7881.5  0.93046  
7885.900000000001  0.93018  
7890.4  0.93025  
7894.8  0.93028  
7899.2  0.92984  
7903.7  0.93008  
7908.099999999999  0.93041  
7912.5  0.93004  
7917.0  0.92993  
7921.4  0.93033  
7925.8  0.93025  
7930.299999999999  0.92973  
7934.700000000001  0.92967  
7939.099999999999  0.93019  
7943.6  0.93037  
7948.0  0.92985  
7952.4  0.92963  
7956.900000000001  0.92986  
7961.3  0.93003  
7965.700000000001  0.93013  
7970.2  0.92988  
7974.6  0.92929  
7979.099999999999  0.92861  
7983.5  0.92802  
7987.9  0.92838  
7992.4  0.92866  
7996.799999999999  0.92823  
8001.3  0.92834  
8005.700000000001  0.92837  
8010.1  0.92747  
8014.6  0.92699  
8019.0  0.92693  
8023.5  0.92646  
8027.9  0.92637  
8032.3  0.92609  
8036.799999999999  0.92534  
8041.2  0.92435  
8045.700000000001  0.92341  
8050.1  0.92305  
8054.6  0.92303  
8059.0  0.92344  
8063.400000000001  0.92353  
8067.9  0.92285  
8072.3  0.92227  
8076.799999999999  0.92194  
8081.2  0.92126  
8085.700000000001  0.92126  
8090.1  0.92176  
8094.6  0.92161  
8099.0  0.92107  
8103.5  0.92082  
8107.9  0.92115  
8112.3  0.922  
8116.799999999999  0.92213  
8121.2  0.9211  
8125.700000000001  0.92022  
8130.1  0.92039  
8134.6  0.92087  
8139.0  0.92031  
8143.5  0.91952  
8147.9  0.91925  
8152.4  0.91907  
8156.799999999999  0.91905  
8161.3  0.91897  
8165.700000000001  0.91859  
8170.2  0.91835  
8174.6  0.91844  
8179.099999999999  0.91799  
8183.5  0.91732  
8188.0  0.91745  
8192.4  0.91781  
8196.900000000001  0.91774  
8201.4  0.91757  
8205.800000000001  0.91803  
8210.3  0.91888  
8214.7  0.91861  
8219.199999999999  0.91734  
8223.6  0.91706  
8228.099999999999  0.91725  
8232.5  0.9168  
8237.0  0.9163  
8241.4  0.916  
8245.9  0.91535  
8250.3  0.91411  
8254.8  0.91356  
8259.3  0.91377  
8263.7  0.9135  
8268.2  0.91297  
8272.6  0.9122  
8277.1  0.91154  
8281.5  0.91142  
8286.0  0.91141  
8290.5  0.91115  
8294.9  0.91144  
8299.400000000001  0.91195  
8303.8  0.9117  
8308.300000000001  0.9112  
8312.8  0.91075  
8317.2  0.91039  
8321.699999999999  0.9107  
8326.1  0.91103  
8330.599999999999  0.91027  
8335.1  0.90894  
8339.5  0.90837  
8344.0  0.90833  
8348.4  0.90799  
8352.9  0.90723  
8357.4  0.90651  
8361.8  0.90567  
8366.3  0.90484  
8370.800000000001  0.90403  
8375.2  0.90317  
8379.7  0.9027  
8384.199999999999  0.90212  
8388.6  0.90177  
8393.099999999999  0.90149  
8397.5  0.89989  
8402.0  0.89772  
8406.5  0.89622  
8410.9  0.89448  
8415.4  0.89175  
8419.9  0.88932  
8424.3  0.88753  
8428.8  0.88529  
8433.300000000001  0.88327  
8437.7  0.88114  
8442.2  0.87771  
8446.699999999999  0.87381  
8451.1  0.87051  
8455.599999999999  0.86778  
8460.1  0.86421  
8464.6  0.85901  
8469.0  0.85356  
8473.5  0.84751  
8478.0  0.83932  
8482.4  0.82967  
8486.900000000001  0.81874  
8491.4  0.80552  
8495.800000000001  0.78995  
8500.3  0.77173  
8504.8  0.75038  
8509.3  0.72556  
8513.7  0.6976  
8518.2  0.667  
8522.7  0.6339  
8527.1  0.59882  
8531.6  0.56206  
8536.1  0.52301  
8540.599999999999  0.48214  
8545.0  0.4407  
8549.5  0.39916  
8554.0  0.35669  
8558.5  0.3136  
8562.9  0.27177  
8567.4  0.23204  
8571.900000000001  0.19508  
8576.4  0.16202  
8580.800000000001  0.13328  
8585.3  0.10876  
8589.8  0.08813  
8594.3  0.07141  
8598.7  0.05844  
8603.2  0.04827  
8607.7  0.04025  
8612.2  0.03441  
8616.699999999999  0.02988  
8621.1  0.02602  
8625.599999999999  0.02286  
8630.1  0.02042  
8634.6  0.01857  
8639.0  0.0169  
8643.5  0.01555  
8648.0  0.01449  
8652.5  0.01366  
8657.0  0.01279  
8661.4  0.01172  
8665.9  0.01067  
8670.4  0.01026  
8674.9  0.01009  
8679.400000000001  0.00976  
8683.8  0.00924  
8688.300000000001  0.0087  
8692.8  0.00851  
8697.3  0.00858  
8701.8  0.00837  
8706.3  0.00816  
8710.7  0.00815  
8715.2  0.00785  
8719.7  0.00738  
8724.199999999999  0.00725  
8728.7  0.00747  
8733.2  0.00746  
8737.6  0.00732  
8742.1  0.00736  
8746.6  0.00727  
8751.1  0.00697  
8755.599999999999  0.00714  
8760.1  0.00733  
8764.6  0.00732  
8769.0  0.00728  
8773.5  0.00752  
8778.0  0.00774  
8782.5  0.00763  
8787.0  0.00748  
8791.5  0.00769  
8796.0  0.00772  

