@MEASUREMENT_RADIUS 0.0 cm
#lambda:
#tr:
#end
6251.799999999999  0.00206  
6256.1  0.00215  
6260.4  0.00223  
6264.700000000001  0.00217  
6269.0  0.00216  
6273.3  0.0023  
6277.6  0.00233  
6281.900000000001  0.00218  
6286.2  0.00221  
6290.5  0.00231  
6294.8  0.00233  
6299.099999999999  0.00234  
6303.400000000001  0.00229  
6307.7  0.00224  
6312.0  0.0024  
6316.3  0.00255  
6320.599999999999  0.00253  
6325.0  0.00248  
6329.299999999999  0.00256  
6333.6  0.00258  
6337.9  0.00251  
6342.200000000001  0.0026  
6346.5  0.00278  
6350.8  0.00275  
6355.1  0.00267  
6359.400000000001  0.00261  
6363.7  0.00258  
6368.099999999999  0.0027  
6372.4  0.00286  
6376.7  0.00282  
6381.0  0.00275  
6385.299999999999  0.00282  
6389.6  0.00291  
6393.9  0.00275  
6398.200000000001  0.00259  
6402.6  0.00269  
6406.900000000001  0.00293  
6411.2  0.00292  
6415.5  0.0027  
6419.8  0.00283  
6424.099999999999  0.00307  
6428.5  0.00298  
6432.799999999999  0.00288  
6437.1  0.00296  
6441.4  0.00298  
6445.700000000001  0.00284  
6450.0  0.00276  
6454.400000000001  0.0029  
6458.7  0.00301  
6463.0  0.00299  
6467.3  0.00292  
6471.599999999999  0.00292  
6476.0  0.00285  
6480.299999999999  0.00278  
6484.6  0.00296  
6488.9  0.003  
6493.3  0.00284  
6497.6  0.00275  
6501.900000000001  0.00275  
6506.2  0.00283  
6510.5  0.00293  
6514.9  0.0029  
6519.2  0.0028  
6523.5  0.00279  
6527.799999999999  0.00287  
6532.200000000001  0.00307  
6536.5  0.00311  
6540.8  0.00294  
6545.2  0.00285  
6549.5  0.00285  
6553.8  0.00284  
6558.099999999999  0.00296  
6562.5  0.00301  
6566.799999999999  0.00297  
6571.1  0.003  
6575.5  0.00299  
6579.8  0.00295  
6584.099999999999  0.00302  
6588.400000000001  0.00298  
6592.799999999999  0.00292  
6597.1  0.00292  
6601.4  0.00296  
6605.8  0.00297  
6610.1  0.003  
6614.400000000001  0.00305  
6618.8  0.00304  
6623.099999999999  0.003  
6627.4  0.00296  
6631.799999999999  0.00298  
6636.1  0.0031  
6640.4  0.00327  
6644.8  0.00323  
6649.099999999999  0.00315  
6653.5  0.00324  
6657.799999999999  0.00337  
6662.1  0.00342  
6666.5  0.00338  
6670.8  0.00328  
6675.1  0.00334  
6679.5  0.00342  
6683.8  0.00349  
6688.200000000001  0.00355  
6692.5  0.00353  
6696.799999999999  0.0035  
6701.2  0.0035  
6705.5  0.00348  
6709.9  0.00354  
6714.2  0.00358  
6718.5  0.0036  
6722.9  0.0037  
6727.200000000001  0.00377  
6731.599999999999  0.00369  
6735.900000000001  0.00363  
6740.299999999999  0.00364  
6744.6  0.00358  
6748.9  0.00355  
6753.3  0.00364  
6757.6  0.00371  
6762.0  0.00367  
6766.3  0.00371  
6770.700000000001  0.00382  
6775.0  0.00378  
6779.400000000001  0.00365  
6783.7  0.00364  
6788.099999999999  0.00372  
6792.4  0.00385  
6796.799999999999  0.00387  
6801.1  0.00367  
6805.5  0.00364  
6809.8  0.00388  
6814.2  0.00388  
6818.5  0.00377  
6822.9  0.00387  
6827.200000000001  0.00397  
6831.599999999999  0.00403  
6835.900000000001  0.00405  
6840.299999999999  0.00398  
6844.6  0.00389  
6849.0  0.00391  
6853.3  0.00404  
6857.7  0.00416  
6862.0  0.00417  
6866.4  0.0042  
6870.700000000001  0.00441  
6875.1  0.00455  
6879.5  0.00481  
6883.8  0.00537  
6888.200000000001  0.00602  
6892.5  0.00666  
6896.900000000001  0.00754  
6901.2  0.00898  
6905.599999999999  0.011  
6910.0  0.01368  
6914.299999999999  0.01762  
6918.7  0.02321  
6923.0  0.03091  
6927.4  0.04111  
6931.799999999999  0.0545  
6936.1  0.07168  
6940.5  0.09267  
6944.8  0.11769  
6949.2  0.14763  
6953.6  0.18302  
6957.9  0.22341  
6962.3  0.26891  
6966.599999999999  0.31981  
6971.0  0.3754  
6975.4  0.43413  
6979.700000000001  0.49436  
6984.099999999999  0.5553  
6988.5  0.61475  
6992.799999999999  0.66888  
6997.200000000001  0.71577  
7001.599999999999  0.7546  
7005.900000000001  0.78504  
7010.299999999999  0.80794  
7014.700000000001  0.82519  
7019.0  0.83871  
7023.400000000001  0.84955  
7027.799999999999  0.85858  
7032.1  0.86672  
7036.5  0.87393  
7040.900000000001  0.88091  
7045.2  0.88757  
7049.6  0.89297  
7054.0  0.89801  
7058.3  0.90309  
7062.7  0.90724  
7067.1  0.91059  
7071.5  0.91358  
7075.8  0.91581  
7080.2  0.91719  
7084.6  0.91863  
7088.9  0.91989  
7093.3  0.92014  
7097.7  0.91978  
7102.1  0.91941  
7106.4  0.91894  
7110.8  0.91768  
7115.2  0.91624  
7119.6  0.91572  
7123.9  0.91487  
7128.3  0.91277  
7132.7  0.91055  
7137.1  0.90883  
7141.4  0.90738  
7145.8  0.906  
7150.2  0.90448  
7154.6  0.90312  
7159.0  0.90243  
7163.3  0.90244  
7167.7  0.90232  
7172.1  0.90188  
7176.5  0.90214  
7180.900000000001  0.90292  
7185.2  0.90346  
7189.6  0.90372  
7194.0  0.90412  
7198.400000000001  0.90489  
7202.799999999999  0.90584  
7207.1  0.90668  
7211.5  0.90665  
7215.900000000001  0.90625  
7220.299999999999  0.90665  
7224.700000000001  0.90747  
7229.099999999999  0.90866  
7233.400000000001  0.91014  
7237.799999999999  0.91127  
7242.200000000001  0.91234  
7246.599999999999  0.91423  
7251.0  0.91632  
7255.4  0.91766  
7259.700000000001  0.91882  
7264.099999999999  0.9205  
7268.5  0.9224  
7272.9  0.92407  
7277.3  0.92505  
7281.7  0.92571  
7286.1  0.92632  
7290.5  0.92709  
7294.9  0.92809  
7299.2  0.92866  
7303.6  0.92892  
7308.0  0.92897  
7312.4  0.92886  
7316.799999999999  0.9289  
7321.2  0.92895  
7325.599999999999  0.92881  
7330.0  0.92862  
7334.400000000001  0.92825  
7338.8  0.92807  
7343.099999999999  0.92767  
7347.5  0.92684  
7351.900000000001  0.92643  
7356.3  0.9264  
7360.700000000001  0.9261  
7365.1  0.92568  
7369.5  0.92563  
7373.9  0.92572  
7378.3  0.92558  
7382.7  0.92582  
7387.1  0.92659  
7391.5  0.92719  
7395.900000000001  0.92737  
7400.299999999999  0.92728  
7404.700000000001  0.92737  
7409.099999999999  0.92762  
7413.5  0.92814  
7417.9  0.92865  
7422.3  0.92831  
7426.7  0.9275  
7431.1  0.92732  
7435.5  0.92767  
7439.9  0.92701  
7444.299999999999  0.92552  
7448.7  0.92465  
7453.099999999999  0.92469  
7457.5  0.92453  
7461.900000000001  0.92374  
7466.3  0.9229  
7470.700000000001  0.92242  
7475.1  0.92227  
7479.5  0.92242  
7483.9  0.92292  
7488.3  0.92345  
7492.7  0.92317  
7497.1  0.92271  
7501.5  0.92321  
7505.900000000001  0.92408  
7510.299999999999  0.92474  
7514.700000000001  0.92488  
7519.099999999999  0.92475  
7523.5  0.92491  
7527.9  0.92523  
7532.3  0.92568  
7536.799999999999  0.92609  
7541.2  0.92617  
7545.599999999999  0.9265  
7550.0  0.92681  
7554.400000000001  0.9267  
7558.8  0.9271  
7563.200000000001  0.92778  
7567.6  0.92809  
7572.0  0.92841  
7576.4  0.92902  
7580.8  0.92948  
7585.299999999999  0.92922  
7589.700000000001  0.92902  
7594.099999999999  0.92938  
7598.5  0.92953  
7602.9  0.92953  
7607.3  0.93018  
7611.7  0.93053  
7616.1  0.92983  
7620.599999999999  0.92971  
7625.0  0.93055  
7629.400000000001  0.93119  
7633.8  0.93132  
7638.200000000001  0.93102  
7642.6  0.93059  
7647.0  0.93055  
7651.5  0.93109  
7655.900000000001  0.93114  
7660.299999999999  0.9304  
7664.700000000001  0.93012  
7669.099999999999  0.93026  
7673.5  0.92958  
7678.0  0.92853  
7682.4  0.92789  
7686.799999999999  0.92705  
7691.2  0.92602  
7695.599999999999  0.92528  
7700.0  0.92453  
7704.5  0.92349  
7708.9  0.92262  
7713.3  0.92202  
7717.7  0.92142  
7722.1  0.92112  
7726.599999999999  0.92087  
7731.0  0.92025  
7735.4  0.91991  
7739.8  0.92015  
7744.299999999999  0.92047  
7748.7  0.92053  
7753.099999999999  0.92039  
7757.5  0.92041  
7761.900000000001  0.9207  
7766.4  0.92077  
7770.8  0.92065  
7775.2  0.92109  
7779.6  0.92172  
7784.099999999999  0.92213  
7788.5  0.92265  
7792.9  0.92258  
7797.3  0.92206  
7801.799999999999  0.92228  
7806.2  0.92345  
7810.599999999999  0.92427  
7815.0  0.92428  
7819.5  0.92431  
7823.9  0.92447  
7828.3  0.92504  
7832.799999999999  0.92561  
7837.200000000001  0.92543  
7841.599999999999  0.92548  
7846.0  0.9262  
7850.5  0.92672  
7854.9  0.92674  
7859.299999999999  0.92661  
7863.8  0.92684  
7868.200000000001  0.92717  
7872.6  0.92723  
7877.1  0.92705  
7881.5  0.9267  
7885.900000000001  0.92614  
7890.4  0.9257  
7894.8  0.92623  
7899.2  0.92644  
7903.7  0.92577  
7908.099999999999  0.92537  
7912.5  0.92487  
7917.0  0.92454  
7921.4  0.92521  
7925.8  0.92554  
7930.299999999999  0.92495  
7934.700000000001  0.92461  
7939.099999999999  0.92495  
7943.6  0.92502  
7948.0  0.92453  
7952.4  0.92431  
7956.900000000001  0.92398  
7961.3  0.92334  
7965.700000000001  0.92307  
7970.2  0.92331  
7974.6  0.92335  
7979.099999999999  0.92344  
7983.5  0.92336  
7987.9  0.92291  
7992.4  0.92286  
7996.799999999999  0.92333  
8001.3  0.92372  
8005.700000000001  0.92313  
8010.1  0.92235  
8014.6  0.92224  
8019.0  0.92253  
8023.5  0.92246  
8027.9  0.92206  
8032.3  0.92185  
8036.799999999999  0.92162  
8041.2  0.92081  
8045.700000000001  0.91979  
8050.1  0.91935  
8054.6  0.91902  
8059.0  0.91863  
8063.400000000001  0.91808  
8067.9  0.91734  
8072.3  0.91668  
8076.799999999999  0.91619  
8081.2  0.91563  
8085.700000000001  0.91511  
8090.1  0.91432  
8094.6  0.91333  
8099.0  0.91333  
8103.5  0.9141  
8107.9  0.91439  
8112.3  0.91433  
8116.799999999999  0.91443  
8121.2  0.91412  
8125.700000000001  0.91361  
8130.1  0.91329  
8134.6  0.91332  
8139.0  0.91353  
8143.5  0.91364  
8147.9  0.91383  
8152.4  0.91386  
8156.799999999999  0.91403  
8161.3  0.91452  
8165.700000000001  0.91426  
8170.2  0.9136  
8174.6  0.91365  
8179.099999999999  0.91439  
8183.5  0.91477  
8188.0  0.91469  
8192.4  0.91441  
8196.900000000001  0.91376  
8201.4  0.91396  
8205.800000000001  0.91471  
8210.3  0.91427  
8214.7  0.91283  
8219.199999999999  0.91201  
8223.6  0.91176  
8228.099999999999  0.91106  
8232.5  0.90983  
8237.0  0.90829  
8241.4  0.90723  
8245.9  0.90621  
8250.3  0.90528  
8254.8  0.90502  
8259.3  0.90457  
8263.7  0.90319  
8268.2  0.90246  
8272.6  0.90281  
8277.1  0.90257  
8281.5  0.90229  
8286.0  0.90276  
8290.5  0.90273  
8294.9  0.90227  
8299.400000000001  0.9026  
8303.8  0.90361  
8308.300000000001  0.90414  
8312.8  0.90382  
8317.2  0.90353  
8321.699999999999  0.90363  
8326.1  0.90364  
8330.599999999999  0.90377  
8335.1  0.90362  
8339.5  0.90257  
8344.0  0.90181  
8348.4  0.90167  
8352.9  0.90073  
8357.4  0.89955  
8361.8  0.899  
8366.3  0.89789  
8370.800000000001  0.89645  
8375.2  0.89565  
8379.7  0.89485  
8384.199999999999  0.89353  
8388.6  0.89157  
8393.099999999999  0.88954  
8397.5  0.88755  
8402.0  0.88529  
8406.5  0.88327  
8410.9  0.88139  
8415.4  0.87889  
8419.9  0.87571  
8424.3  0.87282  
8428.8  0.87046  
8433.300000000001  0.86815  
8437.7  0.8651  
8442.2  0.86166  
8446.699999999999  0.85864  
8451.1  0.85475  
8455.599999999999  0.85003  
8460.1  0.84573  
8464.6  0.8407  
8469.0  0.83424  
8473.5  0.82624  
8478.0  0.81567  
8482.4  0.80316  
8486.900000000001  0.78936  
8491.4  0.77328  
8495.800000000001  0.75423  
8500.3  0.73199  
8504.8  0.70698  
8509.3  0.67873  
8513.7  0.64688  
8518.2  0.61284  
8522.7  0.57689  
8527.1  0.53881  
8531.6  0.49973  
8536.1  0.45955  
8540.599999999999  0.41837  
8545.0  0.3768  
8549.5  0.33461  
8554.0  0.29282  
8558.5  0.25266  
8562.9  0.21487  
8567.4  0.18009  
8571.900000000001  0.14897  
8576.4  0.12215  
8580.800000000001  0.09973  
8585.3  0.08154  
8589.8  0.06666  
8594.3  0.05427  
8598.7  0.04449  
8603.2  0.03713  
8607.7  0.03171  
8612.2  0.02758  
8616.699999999999  0.02417  
8621.1  0.02148  
8625.599999999999  0.01948  
8630.1  0.01781  
8634.6  0.01636  
8639.0  0.01495  
8643.5  0.01396  
8648.0  0.01331  
8652.5  0.01241  
8657.0  0.01139  
8661.4  0.01061  
8665.9  0.01021  
8670.4  0.00985  
8674.9  0.00935  
8679.400000000001  0.00899  
8683.8  0.00868  
8688.300000000001  0.00841  
8692.8  0.00797  
8697.3  0.00743  
8701.8  0.00734  
8706.3  0.00761  
8710.7  0.00756  
8715.2  0.00724  
8719.7  0.00726  
8724.199999999999  0.00741  
8728.7  0.00718  
8733.2  0.00684  
8737.6  0.00683  
8742.1  0.00687  
8746.6  0.00691  
8751.1  0.00693  
8755.599999999999  0.00682  
8760.1  0.00681  
8764.6  0.0073  
8769.0  0.0074  
8773.5  0.00701  
8778.0  0.00682  
8782.5  0.0071  
8787.0  0.00718  
8791.5  0.00703  
8796.0  0.00711  

