@MEASUREMENT_RADIUS 3.0 cm
#lambda:
#tr:
#end
6251.799999999999  0.00227  
6256.1  0.00204  
6260.4  0.00194  
6264.700000000001  0.00214  
6269.0  0.00234  
6273.3  0.00227  
6277.6  0.00211  
6281.900000000001  0.00203  
6286.2  0.00215  
6290.5  0.00234  
6294.8  0.00243  
6299.099999999999  0.00244  
6303.400000000001  0.00244  
6307.7  0.00241  
6312.0  0.00235  
6316.3  0.00235  
6320.599999999999  0.0025  
6325.0  0.00267  
6329.299999999999  0.00263  
6333.6  0.00248  
6337.9  0.00247  
6342.200000000001  0.00261  
6346.5  0.00269  
6350.8  0.00266  
6355.1  0.00267  
6359.400000000001  0.00274  
6363.7  0.00283  
6368.099999999999  0.00281  
6372.4  0.00274  
6376.7  0.00282  
6381.0  0.00278  
6385.299999999999  0.00274  
6389.6  0.00293  
6393.9  0.00299  
6398.200000000001  0.0029  
6402.6  0.0029  
6406.900000000001  0.00291  
6411.2  0.00284  
6415.5  0.00277  
6419.8  0.00276  
6424.099999999999  0.0028  
6428.5  0.00293  
6432.799999999999  0.00307  
6437.1  0.00295  
6441.4  0.00277  
6445.700000000001  0.00292  
6450.0  0.00308  
6454.400000000001  0.00306  
6458.7  0.00308  
6463.0  0.00315  
6467.3  0.00301  
6471.599999999999  0.00288  
6476.0  0.00294  
6480.299999999999  0.00299  
6484.6  0.00297  
6488.9  0.00292  
6493.3  0.0029  
6497.6  0.00302  
6501.900000000001  0.00304  
6506.2  0.00296  
6510.5  0.00302  
6514.9  0.00307  
6519.2  0.00308  
6523.5  0.00312  
6527.799999999999  0.00307  
6532.200000000001  0.00304  
6536.5  0.00306  
6540.8  0.00301  
6545.2  0.00292  
6549.5  0.0029  
6553.8  0.0029  
6558.099999999999  0.00305  
6562.5  0.00309  
6566.799999999999  0.003  
6571.1  0.00294  
6575.5  0.00295  
6579.8  0.00298  
6584.099999999999  0.00307  
6588.400000000001  0.00298  
6592.799999999999  0.00293  
6597.1  0.0031  
6601.4  0.0032  
6605.8  0.0031  
6610.1  0.00294  
6614.400000000001  0.00291  
6618.8  0.00304  
6623.099999999999  0.00318  
6627.4  0.00318  
6631.799999999999  0.00318  
6636.1  0.00318  
6640.4  0.00307  
6644.8  0.003  
6649.099999999999  0.00318  
6653.5  0.00345  
6657.799999999999  0.00357  
6662.1  0.00354  
6666.5  0.00348  
6670.8  0.00346  
6675.1  0.00359  
6679.5  0.00354  
6683.8  0.00346  
6688.200000000001  0.00348  
6692.5  0.00353  
6696.799999999999  0.00356  
6701.2  0.00363  
6705.5  0.00353  
6709.9  0.00348  
6714.2  0.0036  
6718.5  0.00364  
6722.9  0.00362  
6727.200000000001  0.00367  
6731.599999999999  0.00376  
6735.900000000001  0.00379  
6740.299999999999  0.00374  
6744.6  0.00373  
6748.9  0.00372  
6753.3  0.00374  
6757.6  0.00391  
6762.0  0.00399  
6766.3  0.00385  
6770.700000000001  0.00373  
6775.0  0.00379  
6779.400000000001  0.00388  
6783.7  0.00388  
6788.099999999999  0.00392  
6792.4  0.00399  
6796.799999999999  0.00397  
6801.1  0.00384  
6805.5  0.00377  
6809.8  0.00379  
6814.2  0.00381  
6818.5  0.00392  
6822.9  0.00401  
6827.200000000001  0.004  
6831.599999999999  0.00395  
6835.900000000001  0.004  
6840.299999999999  0.00418  
6844.6  0.00417  
6849.0  0.00404  
6853.3  0.00406  
6857.7  0.0042  
6862.0  0.00426  
6866.4  0.0043  
6870.700000000001  0.00449  
6875.1  0.0046  
6879.5  0.00468  
6883.8  0.00519  
6888.200000000001  0.00586  
6892.5  0.00649  
6896.900000000001  0.00738  
6901.2  0.00874  
6905.599999999999  0.01078  
6910.0  0.0136  
6914.299999999999  0.01749  
6918.7  0.02277  
6923.0  0.03015  
6927.4  0.04029  
6931.799999999999  0.05348  
6936.1  0.07004  
6940.5  0.0907  
6944.8  0.11575  
6949.2  0.14532  
6953.6  0.17999  
6957.9  0.21992  
6962.3  0.26495  
6966.599999999999  0.31556  
6971.0  0.3711  
6975.4  0.42947  
6979.700000000001  0.48959  
6984.099999999999  0.55068  
6988.5  0.61017  
6992.799999999999  0.66492  
6997.200000000001  0.71295  
7001.599999999999  0.75251  
7005.900000000001  0.7831  
7010.299999999999  0.8065  
7014.700000000001  0.82457  
7019.0  0.83855  
7023.400000000001  0.84975  
7027.799999999999  0.85881  
7032.1  0.86662  
7036.5  0.87378  
7040.900000000001  0.88085  
7045.2  0.88758  
7049.6  0.89297  
7054.0  0.89782  
7058.3  0.90288  
7062.7  0.90715  
7067.1  0.91024  
7071.5  0.91321  
7075.8  0.91596  
7080.2  0.91765  
7084.6  0.91875  
7088.9  0.91971  
7093.3  0.92011  
7097.7  0.91984  
7102.1  0.91965  
7106.4  0.91968  
7110.8  0.91924  
7115.2  0.91812  
7119.6  0.91677  
7123.9  0.91558  
7128.3  0.91403  
7132.7  0.912  
7137.1  0.91007  
7141.4  0.90838  
7145.8  0.90664  
7150.2  0.90482  
7154.6  0.90355  
7159.0  0.903  
7163.3  0.90274  
7167.7  0.90216  
7172.1  0.90169  
7176.5  0.90189  
7180.900000000001  0.90275  
7185.2  0.90383  
7189.6  0.90433  
7194.0  0.90468  
7198.400000000001  0.9056  
7202.799999999999  0.90618  
7207.1  0.90612  
7211.5  0.90648  
7215.900000000001  0.9075  
7220.299999999999  0.90832  
7224.700000000001  0.90843  
7229.099999999999  0.90882  
7233.400000000001  0.91029  
7237.799999999999  0.91179  
7242.200000000001  0.91314  
7246.599999999999  0.91509  
7251.0  0.91681  
7255.4  0.91814  
7259.700000000001  0.91959  
7264.099999999999  0.92079  
7268.5  0.92236  
7272.9  0.92451  
7277.3  0.92591  
7281.7  0.9264  
7286.1  0.92658  
7290.5  0.92714  
7294.9  0.9283  
7299.2  0.92887  
7303.6  0.92881  
7308.0  0.92881  
7312.4  0.92916  
7316.799999999999  0.92932  
7321.2  0.9293  
7325.599999999999  0.92911  
7330.0  0.92878  
7334.400000000001  0.92839  
7338.8  0.92803  
7343.099999999999  0.92778  
7347.5  0.92766  
7351.900000000001  0.92733  
7356.3  0.92718  
7360.700000000001  0.92725  
7365.1  0.92674  
7369.5  0.92607  
7373.9  0.92601  
7378.3  0.92607  
7382.7  0.92612  
7387.1  0.9265  
7391.5  0.92726  
7395.900000000001  0.92799  
7400.299999999999  0.92774  
7404.700000000001  0.9276  
7409.099999999999  0.9283  
7413.5  0.92842  
7417.9  0.92811  
7422.3  0.92838  
7426.7  0.92853  
7431.1  0.92809  
7435.5  0.92758  
7439.9  0.92684  
7444.299999999999  0.92603  
7448.7  0.92566  
7453.099999999999  0.92558  
7457.5  0.92493  
7461.900000000001  0.92407  
7466.3  0.92375  
7470.700000000001  0.9238  
7475.1  0.92374  
7479.5  0.92378  
7483.9  0.92407  
7488.3  0.92395  
7492.7  0.9235  
7497.1  0.92352  
7501.5  0.92399  
7505.900000000001  0.92467  
7510.299999999999  0.92562  
7514.700000000001  0.92543  
7519.099999999999  0.92439  
7523.5  0.92464  
7527.9  0.92614  
7532.3  0.92723  
7536.799999999999  0.92698  
7541.2  0.92647  
7545.599999999999  0.92718  
7550.0  0.92799  
7554.400000000001  0.92765  
7558.8  0.92774  
7563.200000000001  0.92868  
7567.6  0.92914  
7572.0  0.92911  
7576.4  0.92933  
7580.8  0.92969  
7585.299999999999  0.92948  
7589.700000000001  0.92972  
7594.099999999999  0.93043  
7598.5  0.93061  
7602.9  0.93039  
7607.3  0.93025  
7611.7  0.93019  
7616.1  0.93021  
7620.599999999999  0.93077  
7625.0  0.93135  
7629.400000000001  0.93137  
7633.8  0.93141  
7638.200000000001  0.93114  
7642.6  0.93065  
7647.0  0.93118  
7651.5  0.9322  
7655.900000000001  0.93232  
7660.299999999999  0.93171  
7664.700000000001  0.93069  
7669.099999999999  0.93011  
7673.5  0.93017  
7678.0  0.92974  
7682.4  0.92887  
7686.799999999999  0.92822  
7691.2  0.92777  
7695.599999999999  0.92707  
7700.0  0.92606  
7704.5  0.9249  
7708.9  0.92374  
7713.3  0.92325  
7717.7  0.92346  
7722.1  0.92294  
7726.599999999999  0.92143  
7731.0  0.92053  
7735.4  0.92079  
7739.8  0.92131  
7744.299999999999  0.92141  
7748.7  0.92077  
7753.099999999999  0.92021  
7757.5  0.9205  
7761.900000000001  0.92128  
7766.4  0.9218  
7770.8  0.92202  
7775.2  0.92226  
7779.6  0.92196  
7784.099999999999  0.92189  
7788.5  0.92267  
7792.9  0.9231  
7797.3  0.92249  
7801.799999999999  0.92229  
7806.2  0.92357  
7810.599999999999  0.92454  
7815.0  0.92464  
7819.5  0.92489  
7823.9  0.92523  
7828.3  0.92549  
7832.799999999999  0.92623  
7837.200000000001  0.92694  
7841.599999999999  0.9269  
7846.0  0.92678  
7850.5  0.92703  
7854.9  0.92725  
7859.299999999999  0.92711  
7863.8  0.92731  
7868.200000000001  0.9281  
7872.6  0.92828  
7877.1  0.92739  
7881.5  0.92695  
7885.900000000001  0.9273  
7890.4  0.92728  
7894.8  0.9271  
7899.2  0.92706  
7903.7  0.92708  
7908.099999999999  0.9268  
7912.5  0.92645  
7917.0  0.92625  
7921.4  0.92623  
7925.8  0.92623  
7930.299999999999  0.92617  
7934.700000000001  0.92605  
7939.099999999999  0.92608  
7943.6  0.92601  
7948.0  0.92583  
7952.4  0.92591  
7956.900000000001  0.92533  
7961.3  0.92474  
7965.700000000001  0.92506  
7970.2  0.92509  
7974.6  0.92459  
7979.099999999999  0.92442  
7983.5  0.92432  
7987.9  0.92442  
7992.4  0.9244  
7996.799999999999  0.92423  
8001.3  0.92438  
8005.700000000001  0.9241  
8010.1  0.92357  
8014.6  0.92339  
8019.0  0.92351  
8023.5  0.92352  
8027.9  0.92325  
8032.3  0.92256  
8036.799999999999  0.92235  
8041.2  0.92205  
8045.700000000001  0.92126  
8050.1  0.9209  
8054.6  0.92049  
8059.0  0.92004  
8063.400000000001  0.91938  
8067.9  0.91851  
8072.3  0.91784  
8076.799999999999  0.91733  
8081.2  0.91665  
8085.700000000001  0.91632  
8090.1  0.91603  
8094.6  0.91509  
8099.0  0.91491  
8103.5  0.91598  
8107.9  0.91639  
8112.3  0.91581  
8116.799999999999  0.9151  
8121.2  0.91478  
8125.700000000001  0.91489  
8130.1  0.91498  
8134.6  0.91469  
8139.0  0.91435  
8143.5  0.91449  
8147.9  0.91501  
8152.4  0.91531  
8156.799999999999  0.91523  
8161.3  0.91535  
8165.700000000001  0.91549  
8170.2  0.91562  
8174.6  0.91565  
8179.099999999999  0.91549  
8183.5  0.91527  
8188.0  0.91511  
8192.4  0.91527  
8196.900000000001  0.91565  
8201.4  0.91628  
8205.800000000001  0.91658  
8210.3  0.9154  
8214.7  0.91378  
8219.199999999999  0.91325  
8223.6  0.91388  
8228.099999999999  0.91416  
8232.5  0.91247  
8237.0  0.90976  
8241.4  0.90829  
8245.9  0.90783  
8250.3  0.90743  
8254.8  0.90687  
8259.3  0.90633  
8263.7  0.90584  
8268.2  0.90535  
8272.6  0.90488  
8277.1  0.90438  
8281.5  0.90405  
8286.0  0.90411  
8290.5  0.9044  
8294.9  0.90485  
8299.400000000001  0.90519  
8303.8  0.90523  
8308.300000000001  0.90538  
8312.8  0.90533  
8317.2  0.90466  
8321.699999999999  0.90447  
8326.1  0.90509  
8330.599999999999  0.9055  
8335.1  0.90487  
8339.5  0.90363  
8344.0  0.90359  
8348.4  0.90394  
8352.9  0.90238  
8357.4  0.90077  
8361.8  0.90036  
8366.3  0.8996  
8370.800000000001  0.89906  
8375.2  0.89836  
8379.7  0.89682  
8384.199999999999  0.8953  
8388.6  0.89402  
8393.099999999999  0.8926  
8397.5  0.89112  
8402.0  0.8892  
8406.5  0.88684  
8410.9  0.88458  
8415.4  0.88208  
8419.9  0.8793  
8424.3  0.87658  
8428.8  0.87356  
8433.300000000001  0.87083  
8437.7  0.86861  
8442.2  0.86582  
8446.699999999999  0.86183  
8451.1  0.85762  
8455.599999999999  0.85374  
8460.1  0.84937  
8464.6  0.84425  
8469.0  0.8382  
8473.5  0.83033  
8478.0  0.8205  
8482.4  0.80904  
8486.900000000001  0.79558  
8491.4  0.77987  
8495.800000000001  0.7609  
8500.3  0.73888  
8504.8  0.71477  
8509.3  0.68783  
8513.7  0.65738  
8518.2  0.62309  
8522.7  0.58625  
8527.1  0.54829  
8531.6  0.50976  
8536.1  0.47028  
8540.599999999999  0.42904  
8545.0  0.38687  
8549.5  0.34487  
8554.0  0.30306  
8558.5  0.26223  
8562.9  0.22352  
8567.4  0.18772  
8571.900000000001  0.15556  
8576.4  0.12769  
8580.800000000001  0.10467  
8585.3  0.08556  
8589.8  0.06969  
8594.3  0.05678  
8598.7  0.04655  
8603.2  0.03888  
8607.7  0.03303  
8612.2  0.02839  
8616.699999999999  0.02492  
8621.1  0.02239  
8625.599999999999  0.02026  
8630.1  0.01819  
8634.6  0.01647  
8639.0  0.0152  
8643.5  0.01426  
8648.0  0.01334  
8652.5  0.01247  
8657.0  0.01169  
8661.4  0.01115  
8665.9  0.01059  
8670.4  0.00985  
8674.9  0.00908  
8679.400000000001  0.00879  
8683.8  0.00873  
8688.300000000001  0.00839  
8692.8  0.00807  
8697.3  0.00809  
8701.8  0.00789  
8706.3  0.00768  
8710.7  0.00753  
8715.2  0.00738  
8719.7  0.00747  
8724.199999999999  0.00748  
8728.7  0.00716  
8733.2  0.00697  
8737.6  0.0071  
8742.1  0.00703  
8746.6  0.00695  
8751.1  0.00708  
8755.599999999999  0.00704  
8760.1  0.0067  
8764.6  0.007  
8769.0  0.00758  
8773.5  0.00772  
8778.0  0.00728  
8782.5  0.00703  
8787.0  0.00715  
8791.5  0.00733  
8796.0  0.00744  

