@MEASUREMENT_RADIUS 17.0 cm
#lambda:
#tr:
#end
6251.799999999999  0.00221  
6256.1  0.00217  
6260.4  0.00215  
6264.700000000001  0.00223  
6269.0  0.00223  
6273.3  0.00216  
6277.6  0.0022  
6281.900000000001  0.00234  
6286.2  0.00238  
6290.5  0.00224  
6294.8  0.00218  
6299.099999999999  0.00227  
6303.400000000001  0.0024  
6307.7  0.00239  
6312.0  0.00238  
6316.3  0.00242  
6320.599999999999  0.00249  
6325.0  0.00254  
6329.299999999999  0.00243  
6333.6  0.00238  
6337.9  0.00258  
6342.200000000001  0.00275  
6346.5  0.00269  
6350.8  0.00265  
6355.1  0.0028  
6359.400000000001  0.00291  
6363.7  0.0028  
6368.099999999999  0.00264  
6372.4  0.00265  
6376.7  0.00278  
6381.0  0.0029  
6385.299999999999  0.00292  
6389.6  0.0028  
6393.9  0.00279  
6398.200000000001  0.00288  
6402.6  0.00287  
6406.900000000001  0.00298  
6411.2  0.00308  
6415.5  0.00297  
6419.8  0.00291  
6424.099999999999  0.00289  
6428.5  0.00286  
6432.799999999999  0.00308  
6437.1  0.00319  
6441.4  0.00301  
6445.700000000001  0.00299  
6450.0  0.00302  
6454.400000000001  0.00305  
6458.7  0.00315  
6463.0  0.00317  
6467.3  0.00321  
6471.599999999999  0.00325  
6476.0  0.00314  
6480.299999999999  0.00295  
6484.6  0.00286  
6488.9  0.00296  
6493.3  0.00304  
6497.6  0.003  
6501.900000000001  0.00296  
6506.2  0.00297  
6510.5  0.00299  
6514.9  0.0029  
6519.2  0.0029  
6523.5  0.00303  
6527.799999999999  0.00309  
6532.200000000001  0.00291  
6536.5  0.00282  
6540.8  0.003  
6545.2  0.00313  
6549.5  0.00307  
6553.8  0.00296  
6558.099999999999  0.00295  
6562.5  0.00298  
6566.799999999999  0.00298  
6571.1  0.00299  
6575.5  0.00302  
6579.8  0.00299  
6584.099999999999  0.00297  
6588.400000000001  0.00304  
6592.799999999999  0.00312  
6597.1  0.00312  
6601.4  0.00306  
6605.8  0.00307  
6610.1  0.00299  
6614.400000000001  0.00283  
6618.8  0.00293  
6623.099999999999  0.00319  
6627.4  0.00322  
6631.799999999999  0.00309  
6636.1  0.00309  
6640.4  0.0032  
6644.8  0.00331  
6649.099999999999  0.00334  
6653.5  0.00327  
6657.799999999999  0.00328  
6662.1  0.00328  
6666.5  0.00323  
6670.8  0.00333  
6675.1  0.0035  
6679.5  0.00357  
6683.8  0.00367  
6688.200000000001  0.00363  
6692.5  0.00351  
6696.799999999999  0.00347  
6701.2  0.00352  
6705.5  0.00355  
6709.9  0.00344  
6714.2  0.00337  
6718.5  0.0035  
6722.9  0.00361  
6727.200000000001  0.00364  
6731.599999999999  0.00362  
6735.900000000001  0.00354  
6740.299999999999  0.00357  
6744.6  0.00388  
6748.9  0.00399  
6753.3  0.00378  
6757.6  0.00367  
6762.0  0.00371  
6766.3  0.00375  
6770.700000000001  0.00377  
6775.0  0.00386  
6779.400000000001  0.00396  
6783.7  0.00389  
6788.099999999999  0.00381  
6792.4  0.00389  
6796.799999999999  0.0041  
6801.1  0.00416  
6805.5  0.00405  
6809.8  0.00394  
6814.2  0.0039  
6818.5  0.00399  
6822.9  0.0041  
6827.200000000001  0.00402  
6831.599999999999  0.004  
6835.900000000001  0.00411  
6840.299999999999  0.00405  
6844.6  0.0039  
6849.0  0.00401  
6853.3  0.00409  
6857.7  0.00404  
6862.0  0.00411  
6866.4  0.00427  
6870.700000000001  0.00443  
6875.1  0.0046  
6879.5  0.0047  
6883.8  0.00494  
6888.200000000001  0.00537  
6892.5  0.00593  
6896.900000000001  0.00667  
6901.2  0.0078  
6905.599999999999  0.00948  
6910.0  0.0115  
6914.299999999999  0.01438  
6918.7  0.01852  
6923.0  0.02412  
6927.4  0.03181  
6931.799999999999  0.0422  
6936.1  0.05584  
6940.5  0.07319  
6944.8  0.09428  
6949.2  0.11958  
6953.6  0.14961  
6957.9  0.18481  
6962.3  0.22545  
6966.599999999999  0.27137  
6971.0  0.32241  
6975.4  0.37794  
6979.700000000001  0.43682  
6984.099999999999  0.4977  
6988.5  0.55874  
6992.799999999999  0.61748  
6997.200000000001  0.67172  
7001.599999999999  0.71927  
7005.900000000001  0.75856  
7010.299999999999  0.78939  
7014.700000000001  0.81316  
7019.0  0.83136  
7023.400000000001  0.8456  
7027.799999999999  0.85695  
7032.1  0.86611  
7036.5  0.87394  
7040.900000000001  0.88152  
7045.2  0.88856  
7049.6  0.8943  
7054.0  0.89969  
7058.3  0.90491  
7062.7  0.90942  
7067.1  0.91329  
7071.5  0.91696  
7075.8  0.9198  
7080.2  0.92149  
7084.6  0.92357  
7088.9  0.92551  
7093.3  0.92629  
7097.7  0.92671  
7102.1  0.92701  
7106.4  0.92709  
7110.8  0.92675  
7115.2  0.92608  
7119.6  0.92561  
7123.9  0.92535  
7128.3  0.92437  
7132.7  0.92243  
7137.1  0.92052  
7141.4  0.91905  
7145.8  0.91729  
7150.2  0.91506  
7154.6  0.91333  
7159.0  0.91236  
7163.3  0.91146  
7167.7  0.91043  
7172.1  0.90984  
7176.5  0.90952  
7180.900000000001  0.90958  
7185.2  0.91032  
7189.6  0.91092  
7194.0  0.91135  
7198.400000000001  0.91226  
7202.799999999999  0.91287  
7207.1  0.91282  
7211.5  0.91344  
7215.900000000001  0.91478  
7220.299999999999  0.91515  
7224.700000000001  0.91493  
7229.099999999999  0.9158  
7233.400000000001  0.91731  
7237.799999999999  0.91781  
7242.200000000001  0.91809  
7246.599999999999  0.91989  
7251.0  0.92204  
7255.4  0.9231  
7259.700000000001  0.92421  
7264.099999999999  0.92591  
7268.5  0.9273  
7272.9  0.92873  
7277.3  0.93036  
7281.7  0.93148  
7286.1  0.93244  
7290.5  0.93369  
7294.9  0.93488  
7299.2  0.93567  
7303.6  0.93631  
7308.0  0.93676  
7312.4  0.93708  
7316.799999999999  0.93758  
7321.2  0.93793  
7325.599999999999  0.93769  
7330.0  0.93786  
7334.400000000001  0.93835  
7338.8  0.93807  
7343.099999999999  0.93716  
7347.5  0.93684  
7351.900000000001  0.93667  
7356.3  0.93639  
7360.700000000001  0.93621  
7365.1  0.93585  
7369.5  0.93541  
7373.9  0.93496  
7378.3  0.93431  
7382.7  0.93388  
7387.1  0.93367  
7391.5  0.93374  
7395.900000000001  0.93406  
7400.299999999999  0.93364  
7404.700000000001  0.93355  
7409.099999999999  0.93471  
7413.5  0.93554  
7417.9  0.93567  
7422.3  0.93595  
7426.7  0.93615  
7431.1  0.93609  
7435.5  0.93592  
7439.9  0.93526  
7444.299999999999  0.93471  
7448.7  0.93481  
7453.099999999999  0.9348  
7457.5  0.93382  
7461.900000000001  0.93297  
7466.3  0.933  
7470.700000000001  0.93287  
7475.1  0.93204  
7479.5  0.93191  
7483.9  0.93235  
7488.3  0.93221  
7492.7  0.93172  
7497.1  0.93147  
7501.5  0.93177  
7505.900000000001  0.9326  
7510.299999999999  0.93307  
7514.700000000001  0.93289  
7519.099999999999  0.93319  
7523.5  0.93401  
7527.9  0.93454  
7532.3  0.93486  
7536.799999999999  0.93507  
7541.2  0.93499  
7545.599999999999  0.93548  
7550.0  0.93624  
7554.400000000001  0.93667  
7558.8  0.93711  
7563.200000000001  0.9377  
7567.6  0.93805  
7572.0  0.93779  
7576.4  0.93818  
7580.8  0.93921  
7585.299999999999  0.93954  
7589.700000000001  0.93968  
7594.099999999999  0.94009  
7598.5  0.94059  
7602.9  0.94083  
7607.3  0.94108  
7611.7  0.94124  
7616.1  0.941  
7620.599999999999  0.94084  
7625.0  0.94115  
7629.400000000001  0.94155  
7633.8  0.94112  
7638.200000000001  0.94029  
7642.6  0.94023  
7647.0  0.94073  
7651.5  0.94132  
7655.900000000001  0.94179  
7660.299999999999  0.94177  
7664.700000000001  0.94116  
7669.099999999999  0.94075  
7673.5  0.94093  
7678.0  0.94089  
7682.4  0.94003  
7686.799999999999  0.93959  
7691.2  0.94004  
7695.599999999999  0.9398  
7700.0  0.93905  
7704.5  0.93839  
7708.9  0.93748  
7713.3  0.93681  
7717.7  0.93674  
7722.1  0.9369  
7726.599999999999  0.93655  
7731.0  0.93553  
7735.4  0.93496  
7739.8  0.93556  
7744.299999999999  0.93655  
7748.7  0.93682  
7753.099999999999  0.93651  
7757.5  0.93696  
7761.900000000001  0.9377  
7766.4  0.93734  
7770.8  0.93711  
7775.2  0.93805  
7779.6  0.93912  
7784.099999999999  0.93919  
7788.5  0.93822  
7792.9  0.93756  
7797.3  0.93753  
7801.799999999999  0.93735  
7806.2  0.93729  
7810.599999999999  0.93709  
7815.0  0.93675  
7819.5  0.93632  
7823.9  0.93571  
7828.3  0.93528  
7832.799999999999  0.93465  
7837.200000000001  0.93349  
7841.599999999999  0.93266  
7846.0  0.93258  
7850.5  0.93292  
7854.9  0.93274  
7859.299999999999  0.93182  
7863.8  0.93132  
7868.200000000001  0.9313  
7872.6  0.93078  
7877.1  0.93006  
7881.5  0.93025  
7885.900000000001  0.93044  
7890.4  0.9299  
7894.8  0.9295  
7899.2  0.92975  
7903.7  0.93042  
7908.099999999999  0.93078  
7912.5  0.93056  
7917.0  0.93068  
7921.4  0.93171  
7925.8  0.93226  
7930.299999999999  0.93216  
7934.700000000001  0.93275  
7939.099999999999  0.93386  
7943.6  0.93497  
7948.0  0.93609  
7952.4  0.9368  
7956.900000000001  0.9368  
7961.3  0.93678  
7965.700000000001  0.93734  
7970.2  0.93805  
7974.6  0.93858  
7979.099999999999  0.93869  
7983.5  0.93853  
7987.9  0.93896  
7992.4  0.93941  
7996.799999999999  0.93917  
8001.3  0.93945  
8005.700000000001  0.9397  
8010.1  0.93864  
8014.6  0.93807  
8019.0  0.93868  
8023.5  0.93905  
8027.9  0.93862  
8032.3  0.93719  
8036.799999999999  0.93625  
8041.2  0.93604  
8045.700000000001  0.93548  
8050.1  0.9352  
8054.6  0.93526  
8059.0  0.9351  
8063.400000000001  0.93436  
8067.9  0.93324  
8072.3  0.93252  
8076.799999999999  0.9324  
8081.2  0.93178  
8085.700000000001  0.93097  
8090.1  0.93025  
8094.6  0.92975  
8099.0  0.92967  
8103.5  0.92962  
8107.9  0.92946  
8112.3  0.92969  
8116.799999999999  0.9299  
8121.2  0.92996  
8125.700000000001  0.93016  
8130.1  0.92996  
8134.6  0.92989  
8139.0  0.93002  
8143.5  0.93002  
8147.9  0.93015  
8152.4  0.93054  
8156.799999999999  0.931  
8161.3  0.93116  
8165.700000000001  0.93101  
8170.2  0.93104  
8174.6  0.9312  
8179.099999999999  0.93127  
8183.5  0.93069  
8188.0  0.9301  
8192.4  0.93045  
8196.900000000001  0.93101  
8201.4  0.93139  
8205.800000000001  0.9317  
8210.3  0.93138  
8214.7  0.93007  
8219.199999999999  0.92901  
8223.6  0.92924  
8228.099999999999  0.92929  
8232.5  0.92842  
8237.0  0.92679  
8241.4  0.92578  
8245.9  0.92574  
8250.3  0.92515  
8254.8  0.92397  
8259.3  0.92301  
8263.7  0.92213  
8268.2  0.92186  
8272.6  0.9221  
8277.1  0.92223  
8281.5  0.92215  
8286.0  0.92164  
8290.5  0.92129  
8294.9  0.92163  
8299.400000000001  0.92202  
8303.8  0.92245  
8308.300000000001  0.92354  
8312.8  0.92434  
8317.2  0.92409  
8321.699999999999  0.92432  
8326.1  0.92512  
8330.599999999999  0.92539  
8335.1  0.92568  
8339.5  0.92568  
8344.0  0.92489  
8348.4  0.92441  
8352.9  0.92429  
8357.4  0.92403  
8361.8  0.92366  
8366.3  0.92306  
8370.800000000001  0.92204  
8375.2  0.92091  
8379.7  0.92001  
8384.199999999999  0.91906  
8388.6  0.9183  
8393.099999999999  0.91754  
8397.5  0.9162  
8402.0  0.9145  
8406.5  0.91334  
8410.9  0.91232  
8415.4  0.91001  
8419.9  0.90773  
8424.3  0.90636  
8428.8  0.90455  
8433.300000000001  0.90262  
8437.7  0.90104  
8442.2  0.89891  
8446.699999999999  0.89604  
8451.1  0.89419  
8455.599999999999  0.89294  
8460.1  0.89052  
8464.6  0.88807  
8469.0  0.88647  
8473.5  0.88357  
8478.0  0.87865  
8482.4  0.87338  
8486.900000000001  0.868  
8491.4  0.86113  
8495.800000000001  0.8522  
8500.3  0.8423  
8504.8  0.83067  
8509.3  0.81502  
8513.7  0.79617  
8518.2  0.77502  
8522.7  0.75121  
8527.1  0.724  
8531.6  0.69408  
8536.1  0.66194  
8540.599999999999  0.62716  
8545.0  0.59031  
8549.5  0.55154  
8554.0  0.51063  
8558.5  0.46841  
8562.9  0.42498  
8567.4  0.38035  
8571.900000000001  0.33568  
8576.4  0.2918  
8580.800000000001  0.24958  
8585.3  0.21003  
8589.8  0.17404  
8594.3  0.14251  
8598.7  0.11551  
8603.2  0.09356  
8607.7  0.07628  
8612.2  0.06251  
8616.699999999999  0.0518  
8621.1  0.04374  
8625.599999999999  0.03764  
8630.1  0.03263  
8634.6  0.02835  
8639.0  0.02486  
8643.5  0.02227  
8648.0  0.02022  
8652.5  0.01849  
8657.0  0.01665  
8661.4  0.01506  
8665.9  0.01393  
8670.4  0.01296  
8674.9  0.01202  
8679.400000000001  0.01155  
8683.8  0.01147  
8688.300000000001  0.01105  
8692.8  0.01029  
8697.3  0.00972  
8701.8  0.00949  
8706.3  0.00934  
8710.7  0.00906  
8715.2  0.00893  
8719.7  0.00899  
8724.199999999999  0.00876  
8728.7  0.00827  
8733.2  0.00799  
8737.6  0.00802  
8742.1  0.00797  
8746.6  0.00793  
8751.1  0.00782  
8755.599999999999  0.00761  
8760.1  0.00761  
8764.6  0.00782  
8769.0  0.00781  
8773.5  0.0076  
8778.0  0.00739  
8782.5  0.00745  
8787.0  0.0078  
8791.5  0.00807  
8796.0  0.00787  

