@MEASUREMENT_RADIUS 11.0 cm
#lambda:
#tr:
#end
6251.799999999999  0.00209  
6256.1  0.00214  
6260.4  0.00219  
6264.700000000001  0.00222  
6269.0  0.00217  
6273.3  0.00224  
6277.6  0.00233  
6281.900000000001  0.00223  
6286.2  0.00223  
6290.5  0.00228  
6294.8  0.00225  
6299.099999999999  0.00236  
6303.400000000001  0.00242  
6307.7  0.00232  
6312.0  0.00246  
6316.3  0.00262  
6320.599999999999  0.00257  
6325.0  0.0025  
6329.299999999999  0.0024  
6333.6  0.00241  
6337.9  0.00268  
6342.200000000001  0.00277  
6346.5  0.00267  
6350.8  0.0027  
6355.1  0.00273  
6359.400000000001  0.00274  
6363.7  0.00274  
6368.099999999999  0.00269  
6372.4  0.00266  
6376.7  0.00272  
6381.0  0.00276  
6385.299999999999  0.0028  
6389.6  0.00282  
6393.9  0.00282  
6398.200000000001  0.00291  
6402.6  0.00293  
6406.900000000001  0.00278  
6411.2  0.00275  
6415.5  0.0029  
6419.8  0.00297  
6424.099999999999  0.00299  
6428.5  0.00299  
6432.799999999999  0.00297  
6437.1  0.00291  
6441.4  0.0029  
6445.700000000001  0.0031  
6450.0  0.00318  
6454.400000000001  0.003  
6458.7  0.00291  
6463.0  0.00309  
6467.3  0.00319  
6471.599999999999  0.0031  
6476.0  0.00296  
6480.299999999999  0.00298  
6484.6  0.00314  
6488.9  0.00324  
6493.3  0.00311  
6497.6  0.0029  
6501.900000000001  0.00297  
6506.2  0.00309  
6510.5  0.00301  
6514.9  0.003  
6519.2  0.00311  
6523.5  0.00308  
6527.799999999999  0.00298  
6532.200000000001  0.00297  
6536.5  0.00299  
6540.8  0.00298  
6545.2  0.00299  
6549.5  0.00309  
6553.8  0.00325  
6558.099999999999  0.00322  
6562.5  0.00292  
6566.799999999999  0.00281  
6571.1  0.00295  
6575.5  0.00301  
6579.8  0.00287  
6584.099999999999  0.00287  
6588.400000000001  0.00291  
6592.799999999999  0.00295  
6597.1  0.00305  
6601.4  0.00297  
6605.8  0.00293  
6610.1  0.00305  
6614.400000000001  0.00309  
6618.8  0.00315  
6623.099999999999  0.00317  
6627.4  0.00311  
6631.799999999999  0.00316  
6636.1  0.00316  
6640.4  0.00314  
6644.8  0.00325  
6649.099999999999  0.00335  
6653.5  0.00333  
6657.799999999999  0.00332  
6662.1  0.00345  
6666.5  0.00356  
6670.8  0.00347  
6675.1  0.00335  
6679.5  0.00332  
6683.8  0.00342  
6688.200000000001  0.00343  
6692.5  0.00336  
6696.799999999999  0.00344  
6701.2  0.00355  
6705.5  0.00349  
6709.9  0.0035  
6714.2  0.00364  
6718.5  0.00363  
6722.9  0.00349  
6727.200000000001  0.00349  
6731.599999999999  0.00359  
6735.900000000001  0.00367  
6740.299999999999  0.00376  
6744.6  0.00373  
6748.9  0.00366  
6753.3  0.00368  
6757.6  0.00385  
6762.0  0.00395  
6766.3  0.0039  
6770.700000000001  0.00381  
6775.0  0.00378  
6779.400000000001  0.00384  
6783.7  0.00384  
6788.099999999999  0.00383  
6792.4  0.00388  
6796.799999999999  0.00397  
6801.1  0.00396  
6805.5  0.00392  
6809.8  0.00393  
6814.2  0.00388  
6818.5  0.00398  
6822.9  0.00414  
6827.200000000001  0.00406  
6831.599999999999  0.00393  
6835.900000000001  0.00388  
6840.299999999999  0.00395  
6844.6  0.00408  
6849.0  0.00414  
6853.3  0.00409  
6857.7  0.0041  
6862.0  0.00418  
6866.4  0.00428  
6870.700000000001  0.0044  
6875.1  0.00452  
6879.5  0.00472  
6883.8  0.00511  
6888.200000000001  0.00566  
6892.5  0.0063  
6896.900000000001  0.00698  
6901.2  0.0079  
6905.599999999999  0.00947  
6910.0  0.01181  
6914.299999999999  0.01505  
6918.7  0.01925  
6923.0  0.02509  
6927.4  0.03332  
6931.799999999999  0.04435  
6936.1  0.05847  
6940.5  0.07627  
6944.8  0.09828  
6949.2  0.12458  
6953.6  0.15546  
6957.9  0.19164  
6962.3  0.23326  
6966.599999999999  0.28012  
6971.0  0.33193  
6975.4  0.38771  
6979.700000000001  0.44662  
6984.099999999999  0.50768  
6988.5  0.56877  
6992.799999999999  0.62701  
6997.200000000001  0.67993  
7001.599999999999  0.72545  
7005.900000000001  0.76286  
7010.299999999999  0.79236  
7014.700000000001  0.81473  
7019.0  0.8319  
7023.400000000001  0.84569  
7027.799999999999  0.85697  
7032.1  0.86613  
7036.5  0.87381  
7040.900000000001  0.8813  
7045.2  0.88834  
7049.6  0.89429  
7054.0  0.8996  
7058.3  0.90462  
7062.7  0.90868  
7067.1  0.91201  
7071.5  0.91496  
7075.8  0.91672  
7080.2  0.91768  
7084.6  0.91902  
7088.9  0.9203  
7093.3  0.92072  
7097.7  0.92051  
7102.1  0.92063  
7106.4  0.92095  
7110.8  0.92041  
7115.2  0.91995  
7119.6  0.91982  
7123.9  0.91942  
7128.3  0.91855  
7132.7  0.91695  
7137.1  0.91541  
7141.4  0.91486  
7145.8  0.91446  
7150.2  0.91268  
7154.6  0.9105  
7159.0  0.90949  
7163.3  0.90902  
7167.7  0.90868  
7172.1  0.90776  
7176.5  0.90645  
7180.900000000001  0.90601  
7185.2  0.90625  
7189.6  0.90629  
7194.0  0.90624  
7198.400000000001  0.90648  
7202.799999999999  0.9069  
7207.1  0.90673  
7211.5  0.90629  
7215.900000000001  0.90681  
7220.299999999999  0.90785  
7224.700000000001  0.90903  
7229.099999999999  0.91066  
7233.400000000001  0.91203  
7237.799999999999  0.91317  
7242.200000000001  0.91497  
7246.599999999999  0.91776  
7251.0  0.92052  
7255.4  0.9223  
7259.700000000001  0.92385  
7264.099999999999  0.92589  
7268.5  0.92765  
7272.9  0.92964  
7277.3  0.9315  
7281.7  0.93205  
7286.1  0.93206  
7290.5  0.93268  
7294.9  0.93362  
7299.2  0.93371  
7303.6  0.93307  
7308.0  0.9326  
7312.4  0.93246  
7316.799999999999  0.93209  
7321.2  0.93152  
7325.599999999999  0.93108  
7330.0  0.93053  
7334.400000000001  0.93023  
7338.8  0.93071  
7343.099999999999  0.93042  
7347.5  0.92957  
7351.900000000001  0.92982  
7356.3  0.93065  
7360.700000000001  0.93052  
7365.1  0.92993  
7369.5  0.92994  
7373.9  0.93073  
7378.3  0.93125  
7382.7  0.93091  
7387.1  0.93085  
7391.5  0.93147  
7395.900000000001  0.93238  
7400.299999999999  0.93243  
7404.700000000001  0.93184  
7409.099999999999  0.93227  
7413.5  0.93299  
7417.9  0.93261  
7422.3  0.93172  
7426.7  0.93115  
7431.1  0.93101  
7435.5  0.93089  
7439.9  0.93002  
7444.299999999999  0.92877  
7448.7  0.92838  
7453.099999999999  0.92866  
7457.5  0.92826  
7461.900000000001  0.92727  
7466.3  0.92679  
7470.700000000001  0.92727  
7475.1  0.92768  
7479.5  0.92784  
7483.9  0.928  
7488.3  0.92814  
7492.7  0.92868  
7497.1  0.92929  
7501.5  0.92923  
7505.900000000001  0.9294  
7510.299999999999  0.93013  
7514.700000000001  0.93026  
7519.099999999999  0.92995  
7523.5  0.93024  
7527.9  0.93059  
7532.3  0.93066  
7536.799999999999  0.93078  
7541.2  0.93056  
7545.599999999999  0.93066  
7550.0  0.93114  
7554.400000000001  0.9313  
7558.8  0.93152  
7563.200000000001  0.93185  
7567.6  0.93247  
7572.0  0.93327  
7576.4  0.9339  
7580.8  0.93489  
7585.299999999999  0.93549  
7589.700000000001  0.93534  
7594.099999999999  0.93579  
7598.5  0.93681  
7602.9  0.93709  
7607.3  0.93681  
7611.7  0.93691  
7616.1  0.93688  
7620.599999999999  0.93657  
7625.0  0.93635  
7629.400000000001  0.93631  
7633.8  0.93652  
7638.200000000001  0.9365  
7642.6  0.93615  
7647.0  0.93595  
7651.5  0.93532  
7655.900000000001  0.93463  
7660.299999999999  0.9346  
7664.700000000001  0.93417  
7669.099999999999  0.93334  
7673.5  0.93317  
7678.0  0.93324  
7682.4  0.93279  
7686.799999999999  0.9329  
7691.2  0.93357  
7695.599999999999  0.93309  
7700.0  0.93228  
7704.5  0.93185  
7708.9  0.93179  
7713.3  0.93262  
7717.7  0.93352  
7722.1  0.93335  
7726.599999999999  0.93241  
7731.0  0.93204  
7735.4  0.93236  
7739.8  0.93263  
7744.299999999999  0.93258  
7748.7  0.93248  
7753.099999999999  0.93278  
7757.5  0.93283  
7761.900000000001  0.93233  
7766.4  0.93145  
7770.8  0.93029  
7775.2  0.92973  
7779.6  0.92958  
7784.099999999999  0.929  
7788.5  0.92786  
7792.9  0.92695  
7797.3  0.92608  
7801.799999999999  0.92503  
7806.2  0.92465  
7810.599999999999  0.92442  
7815.0  0.9239  
7819.5  0.92335  
7823.9  0.92304  
7828.3  0.9234  
7832.799999999999  0.92431  
7837.200000000001  0.92483  
7841.599999999999  0.92438  
7846.0  0.92426  
7850.5  0.92537  
7854.9  0.92669  
7859.299999999999  0.92731  
7863.8  0.92777  
7868.200000000001  0.92851  
7872.6  0.92917  
7877.1  0.92947  
7881.5  0.92979  
7885.900000000001  0.93047  
7890.4  0.93077  
7894.8  0.93094  
7899.2  0.93149  
7903.7  0.93219  
7908.099999999999  0.93208  
7912.5  0.93129  
7917.0  0.93118  
7921.4  0.93185  
7925.8  0.93208  
7930.299999999999  0.93222  
7934.700000000001  0.93286  
7939.099999999999  0.93287  
7943.6  0.93241  
7948.0  0.9325  
7952.4  0.9331  
7956.900000000001  0.9331  
7961.3  0.93266  
7965.700000000001  0.93261  
7970.2  0.93284  
7974.6  0.93274  
7979.099999999999  0.93247  
7983.5  0.93238  
7987.9  0.93289  
7992.4  0.93293  
7996.799999999999  0.93202  
8001.3  0.9315  
8005.700000000001  0.93138  
8010.1  0.93146  
8014.6  0.93145  
8019.0  0.93114  
8023.5  0.93048  
8027.9  0.92949  
8032.3  0.92849  
8036.799999999999  0.92824  
8041.2  0.928  
8045.700000000001  0.92689  
8050.1  0.92617  
8054.6  0.92653  
8059.0  0.92674  
8063.400000000001  0.92551  
8067.9  0.92428  
8072.3  0.92377  
8076.799999999999  0.92345  
8081.2  0.92345  
8085.700000000001  0.92339  
8090.1  0.92273  
8094.6  0.92221  
8099.0  0.92278  
8103.5  0.9238  
8107.9  0.92398  
8112.3  0.92389  
8116.799999999999  0.92421  
8121.2  0.92435  
8125.700000000001  0.92409  
8130.1  0.92413  
8134.6  0.92462  
8139.0  0.92509  
8143.5  0.92498  
8147.9  0.92434  
8152.4  0.92424  
8156.799999999999  0.9245  
8161.3  0.92437  
8165.700000000001  0.92374  
8170.2  0.92298  
8174.6  0.92225  
8179.099999999999  0.92157  
8183.5  0.92116  
8188.0  0.92095  
8192.4  0.92056  
8196.900000000001  0.91996  
8201.4  0.91988  
8205.800000000001  0.9203  
8210.3  0.92  
8214.7  0.91904  
8219.199999999999  0.91848  
8223.6  0.91882  
8228.099999999999  0.91883  
8232.5  0.91804  
8237.0  0.91753  
8241.4  0.91743  
8245.9  0.91686  
8250.3  0.91582  
8254.8  0.91567  
8259.3  0.91612  
8263.7  0.9162  
8268.2  0.91642  
8272.6  0.91589  
8277.1  0.91521  
8281.5  0.91575  
8286.0  0.91665  
8290.5  0.91679  
8294.9  0.91648  
8299.400000000001  0.91625  
8303.8  0.91644  
8308.300000000001  0.91719  
8312.8  0.91695  
8317.2  0.9159  
8321.699999999999  0.91587  
8326.1  0.91622  
8330.599999999999  0.91619  
8335.1  0.91539  
8339.5  0.91398  
8344.0  0.91286  
8348.4  0.91209  
8352.9  0.91123  
8357.4  0.91058  
8361.8  0.90971  
8366.3  0.90849  
8370.800000000001  0.90773  
8375.2  0.90703  
8379.7  0.90571  
8384.199999999999  0.9046  
8388.6  0.90414  
8393.099999999999  0.90368  
8397.5  0.90244  
8402.0  0.90092  
8406.5  0.9003  
8410.9  0.89962  
8415.4  0.89735  
8419.9  0.89483  
8424.3  0.89356  
8428.8  0.89229  
8433.300000000001  0.89014  
8437.7  0.88804  
8442.2  0.88587  
8446.699999999999  0.88246  
8451.1  0.87913  
8455.599999999999  0.87661  
8460.1  0.87377  
8464.6  0.87032  
8469.0  0.86597  
8473.5  0.86002  
8478.0  0.85319  
8482.4  0.84577  
8486.900000000001  0.83623  
8491.4  0.82472  
8495.800000000001  0.81176  
8500.3  0.79662  
8504.8  0.77829  
8509.3  0.75588  
8513.7  0.73076  
8518.2  0.70332  
8522.7  0.67278  
8527.1  0.63924  
8531.6  0.60404  
8536.1  0.56725  
8540.599999999999  0.52828  
8545.0  0.48796  
8549.5  0.4468  
8554.0  0.40421  
8558.5  0.36048  
8562.9  0.31718  
8567.4  0.27531  
8571.900000000001  0.23528  
8576.4  0.198  
8580.800000000001  0.1643  
8585.3  0.13499  
8589.8  0.11002  
8594.3  0.08899  
8598.7  0.07182  
8603.2  0.05868  
8607.7  0.04883  
8612.2  0.04127  
8616.699999999999  0.03528  
8621.1  0.02997  
8625.599999999999  0.02581  
8630.1  0.02334  
8634.6  0.02127  
8639.0  0.01916  
8643.5  0.01767  
8648.0  0.01637  
8652.5  0.01502  
8657.0  0.01368  
8661.4  0.01249  
8665.9  0.01189  
8670.4  0.01154  
8674.9  0.01091  
8679.400000000001  0.01019  
8683.8  0.00973  
8688.300000000001  0.00955  
8692.8  0.00924  
8697.3  0.00871  
8701.8  0.00851  
8706.3  0.00853  
8710.7  0.0085  
8715.2  0.00805  
8719.7  0.00762  
8724.199999999999  0.00759  
8728.7  0.00773  
8733.2  0.00767  
8737.6  0.00734  
8742.1  0.00732  
8746.6  0.0077  
8751.1  0.00739  
8755.599999999999  0.00691  
8760.1  0.00699  
8764.6  0.00732  
8769.0  0.00739  
8773.5  0.00733  
8778.0  0.00721  
8782.5  0.00716  
8787.0  0.00752  
8791.5  0.00789  
8796.0  0.00755  

