@MEASUREMENT_RADIUS 12.0 cm
#lambda:
#tr:
#end
6251.799999999999  0.00217  
6256.1  0.00222  
6260.4  0.00234  
6264.700000000001  0.00229  
6269.0  0.0022  
6273.3  0.0023  
6277.6  0.00229  
6281.900000000001  0.00225  
6286.2  0.00228  
6290.5  0.0023  
6294.8  0.00234  
6299.099999999999  0.00232  
6303.400000000001  0.00234  
6307.7  0.00243  
6312.0  0.00245  
6316.3  0.00239  
6320.599999999999  0.0024  
6325.0  0.00251  
6329.299999999999  0.00252  
6333.6  0.00244  
6337.9  0.0025  
6342.200000000001  0.0027  
6346.5  0.0028  
6350.8  0.00268  
6355.1  0.00259  
6359.400000000001  0.00255  
6363.7  0.00273  
6368.099999999999  0.00293  
6372.4  0.00285  
6376.7  0.00276  
6381.0  0.00289  
6385.299999999999  0.00307  
6389.6  0.00299  
6393.9  0.00275  
6398.200000000001  0.0027  
6402.6  0.00284  
6406.900000000001  0.00301  
6411.2  0.00305  
6415.5  0.00287  
6419.8  0.00282  
6424.099999999999  0.00301  
6428.5  0.00309  
6432.799999999999  0.003  
6437.1  0.00293  
6441.4  0.00299  
6445.700000000001  0.003  
6450.0  0.00279  
6454.400000000001  0.00279  
6458.7  0.00299  
6463.0  0.00303  
6467.3  0.00288  
6471.599999999999  0.00279  
6476.0  0.00294  
6480.299999999999  0.00308  
6484.6  0.00294  
6488.9  0.00279  
6493.3  0.00284  
6497.6  0.00298  
6501.900000000001  0.00295  
6506.2  0.0028  
6510.5  0.00284  
6514.9  0.00292  
6519.2  0.0029  
6523.5  0.00302  
6527.799999999999  0.00312  
6532.200000000001  0.00301  
6536.5  0.00287  
6540.8  0.00287  
6545.2  0.00301  
6549.5  0.00315  
6553.8  0.00307  
6558.099999999999  0.00295  
6562.5  0.00295  
6566.799999999999  0.00296  
6571.1  0.00294  
6575.5  0.0029  
6579.8  0.00293  
6584.099999999999  0.00301  
6588.400000000001  0.00302  
6592.799999999999  0.00299  
6597.1  0.00297  
6601.4  0.003  
6605.8  0.00299  
6610.1  0.00289  
6614.400000000001  0.0028  
6618.8  0.00288  
6623.099999999999  0.00318  
6627.4  0.00334  
6631.799999999999  0.00331  
6636.1  0.00323  
6640.4  0.00323  
6644.8  0.00325  
6649.099999999999  0.00324  
6653.5  0.00326  
6657.799999999999  0.00331  
6662.1  0.00335  
6666.5  0.00337  
6670.8  0.00332  
6675.1  0.0034  
6679.5  0.00348  
6683.8  0.00358  
6688.200000000001  0.00358  
6692.5  0.0034  
6696.799999999999  0.00345  
6701.2  0.00378  
6705.5  0.00384  
6709.9  0.00356  
6714.2  0.00345  
6718.5  0.00349  
6722.9  0.00355  
6727.200000000001  0.00365  
6731.599999999999  0.00357  
6735.900000000001  0.00351  
6740.299999999999  0.00367  
6744.6  0.00376  
6748.9  0.00371  
6753.3  0.00372  
6757.6  0.0038  
6762.0  0.0038  
6766.3  0.00373  
6770.700000000001  0.00371  
6775.0  0.00382  
6779.400000000001  0.00394  
6783.7  0.00399  
6788.099999999999  0.00402  
6792.4  0.00393  
6796.799999999999  0.00392  
6801.1  0.00398  
6805.5  0.00395  
6809.8  0.00392  
6814.2  0.00393  
6818.5  0.00402  
6822.9  0.00407  
6827.200000000001  0.00393  
6831.599999999999  0.00379  
6835.900000000001  0.00386  
6840.299999999999  0.00397  
6844.6  0.00393  
6849.0  0.00394  
6853.3  0.0041  
6857.7  0.00428  
6862.0  0.00426  
6866.4  0.00411  
6870.700000000001  0.00414  
6875.1  0.00438  
6879.5  0.0048  
6883.8  0.00517  
6888.200000000001  0.00552  
6892.5  0.00607  
6896.900000000001  0.00681  
6901.2  0.00774  
6905.599999999999  0.00932  
6910.0  0.01165  
6914.299999999999  0.01468  
6918.7  0.01877  
6923.0  0.02461  
6927.4  0.03256  
6931.799999999999  0.04326  
6936.1  0.05723  
6940.5  0.07486  
6944.8  0.0963  
6949.2  0.12214  
6953.6  0.15288  
6957.9  0.18853  
6962.3  0.22924  
6966.599999999999  0.27569  
6971.0  0.3276  
6975.4  0.38322  
6979.700000000001  0.44182  
6984.099999999999  0.50262  
6988.5  0.56313  
6992.799999999999  0.62136  
6997.200000000001  0.67573  
7001.599999999999  0.72251  
7005.900000000001  0.76003  
7010.299999999999  0.78954  
7014.700000000001  0.81222  
7019.0  0.82989  
7023.400000000001  0.84419  
7027.799999999999  0.85572  
7032.1  0.86501  
7036.5  0.87277  
7040.900000000001  0.88044  
7045.2  0.88782  
7049.6  0.89391  
7054.0  0.89952  
7058.3  0.905  
7062.7  0.90932  
7067.1  0.91236  
7071.5  0.91516  
7075.8  0.91789  
7080.2  0.91957  
7084.6  0.92068  
7088.9  0.92161  
7093.3  0.92188  
7097.7  0.92194  
7102.1  0.92185  
7106.4  0.92108  
7110.8  0.92017  
7115.2  0.92004  
7119.6  0.92006  
7123.9  0.91954  
7128.3  0.91857  
7132.7  0.91711  
7137.1  0.91569  
7141.4  0.9151  
7145.8  0.91423  
7150.2  0.9122  
7154.6  0.91072  
7159.0  0.91041  
7163.3  0.91014  
7167.7  0.90947  
7172.1  0.90829  
7176.5  0.90735  
7180.900000000001  0.90758  
7185.2  0.9081  
7189.6  0.90777  
7194.0  0.90731  
7198.400000000001  0.90735  
7202.799999999999  0.90758  
7207.1  0.90773  
7211.5  0.90776  
7215.900000000001  0.90791  
7220.299999999999  0.90838  
7224.700000000001  0.90881  
7229.099999999999  0.90995  
7233.400000000001  0.91183  
7237.799999999999  0.91287  
7242.200000000001  0.91413  
7246.599999999999  0.91702  
7251.0  0.91968  
7255.4  0.92133  
7259.700000000001  0.92337  
7264.099999999999  0.92573  
7268.5  0.92793  
7272.9  0.92993  
7277.3  0.93149  
7281.7  0.9327  
7286.1  0.93362  
7290.5  0.9343  
7294.9  0.93477  
7299.2  0.93484  
7303.6  0.93477  
7308.0  0.9343  
7312.4  0.93367  
7316.799999999999  0.93353  
7321.2  0.93346  
7325.599999999999  0.93288  
7330.0  0.93243  
7334.400000000001  0.93181  
7338.8  0.93104  
7343.099999999999  0.93065  
7347.5  0.9307  
7351.900000000001  0.93088  
7356.3  0.93099  
7360.700000000001  0.93058  
7365.1  0.92987  
7369.5  0.92992  
7373.9  0.93084  
7378.3  0.9314  
7382.7  0.93138  
7387.1  0.93176  
7391.5  0.93234  
7395.900000000001  0.93277  
7400.299999999999  0.93269  
7404.700000000001  0.93256  
7409.099999999999  0.93275  
7413.5  0.93296  
7417.9  0.9333  
7422.3  0.9333  
7426.7  0.93253  
7431.1  0.93218  
7435.5  0.93221  
7439.9  0.93118  
7444.299999999999  0.92985  
7448.7  0.92935  
7453.099999999999  0.92937  
7457.5  0.92889  
7461.900000000001  0.92784  
7466.3  0.92727  
7470.700000000001  0.92765  
7475.1  0.92803  
7479.5  0.92821  
7483.9  0.92832  
7488.3  0.92802  
7492.7  0.92801  
7497.1  0.92863  
7501.5  0.92919  
7505.900000000001  0.92971  
7510.299999999999  0.93053  
7514.700000000001  0.93094  
7519.099999999999  0.93087  
7523.5  0.93093  
7527.9  0.93126  
7532.3  0.93167  
7536.799999999999  0.93182  
7541.2  0.93162  
7545.599999999999  0.93168  
7550.0  0.9321  
7554.400000000001  0.93256  
7558.8  0.93306  
7563.200000000001  0.93337  
7567.6  0.93322  
7572.0  0.93293  
7576.4  0.93361  
7580.8  0.93451  
7585.299999999999  0.93499  
7589.700000000001  0.93596  
7594.099999999999  0.93664  
7598.5  0.93675  
7602.9  0.93666  
7607.3  0.93696  
7611.7  0.93788  
7616.1  0.93803  
7620.599999999999  0.93761  
7625.0  0.93773  
7629.400000000001  0.93781  
7633.8  0.93763  
7638.200000000001  0.93744  
7642.6  0.93704  
7647.0  0.93678  
7651.5  0.93689  
7655.900000000001  0.93646  
7660.299999999999  0.93555  
7664.700000000001  0.93521  
7669.099999999999  0.93499  
7673.5  0.9342  
7678.0  0.93378  
7682.4  0.93386  
7686.799999999999  0.93377  
7691.2  0.93352  
7695.599999999999  0.93315  
7700.0  0.93266  
7704.5  0.93274  
7708.9  0.93297  
7713.3  0.93273  
7717.7  0.93295  
7722.1  0.9334  
7726.599999999999  0.93306  
7731.0  0.93251  
7735.4  0.93322  
7739.8  0.93462  
7744.299999999999  0.9344  
7748.7  0.93333  
7753.099999999999  0.93353  
7757.5  0.93408  
7761.900000000001  0.93392  
7766.4  0.93368  
7770.8  0.93353  
7775.2  0.93317  
7779.6  0.93235  
7784.099999999999  0.93133  
7788.5  0.93046  
7792.9  0.92964  
7797.3  0.92866  
7801.799999999999  0.9276  
7806.2  0.92694  
7810.599999999999  0.92623  
7815.0  0.92529  
7819.5  0.92485  
7823.9  0.92482  
7828.3  0.92465  
7832.799999999999  0.92444  
7837.200000000001  0.92412  
7841.599999999999  0.92413  
7846.0  0.92461  
7850.5  0.92508  
7854.9  0.92562  
7859.299999999999  0.92623  
7863.8  0.92723  
7868.200000000001  0.92811  
7872.6  0.92837  
7877.1  0.92853  
7881.5  0.92908  
7885.900000000001  0.92992  
7890.4  0.93021  
7894.8  0.93019  
7899.2  0.93088  
7903.7  0.93201  
7908.099999999999  0.93228  
7912.5  0.93176  
7917.0  0.93173  
7921.4  0.93273  
7925.8  0.93308  
7930.299999999999  0.93282  
7934.700000000001  0.93291  
7939.099999999999  0.93317  
7943.6  0.93371  
7948.0  0.93389  
7952.4  0.93374  
7956.900000000001  0.93353  
7961.3  0.93353  
7965.700000000001  0.93405  
7970.2  0.93418  
7974.6  0.93374  
7979.099999999999  0.93354  
7983.5  0.93327  
7987.9  0.9333  
7992.4  0.93343  
7996.799999999999  0.93327  
8001.3  0.93339  
8005.700000000001  0.93342  
8010.1  0.93272  
8014.6  0.93178  
8019.0  0.93172  
8023.5  0.93178  
8027.9  0.93133  
8032.3  0.93074  
8036.799999999999  0.93014  
8041.2  0.92931  
8045.700000000001  0.92863  
8050.1  0.92777  
8054.6  0.92688  
8059.0  0.92705  
8063.400000000001  0.92705  
8067.9  0.92638  
8072.3  0.92557  
8076.799999999999  0.92505  
8081.2  0.92451  
8085.700000000001  0.92378  
8090.1  0.92313  
8094.6  0.92294  
8099.0  0.92338  
8103.5  0.92392  
8107.9  0.92424  
8112.3  0.92463  
8116.799999999999  0.92506  
8121.2  0.92536  
8125.700000000001  0.92552  
8130.1  0.92544  
8134.6  0.92548  
8139.0  0.92575  
8143.5  0.92587  
8147.9  0.9258  
8152.4  0.92589  
8156.799999999999  0.92601  
8161.3  0.92551  
8165.700000000001  0.92479  
8170.2  0.92441  
8174.6  0.9246  
8179.099999999999  0.92445  
8183.5  0.92339  
8188.0  0.92281  
8192.4  0.92258  
8196.900000000001  0.92203  
8201.4  0.92132  
8205.800000000001  0.92096  
8210.3  0.92082  
8214.7  0.9202  
8219.199999999999  0.91954  
8223.6  0.91998  
8228.099999999999  0.92059  
8232.5  0.9199  
8237.0  0.91817  
8241.4  0.91709  
8245.9  0.91739  
8250.3  0.91753  
8254.8  0.91681  
8259.3  0.9162  
8263.7  0.91621  
8268.2  0.91661  
8272.6  0.91679  
8277.1  0.91668  
8281.5  0.91648  
8286.0  0.91634  
8290.5  0.91648  
8294.9  0.91722  
8299.400000000001  0.91765  
8303.8  0.91763  
8308.300000000001  0.91843  
8312.8  0.91871  
8317.2  0.918  
8321.699999999999  0.91774  
8326.1  0.91768  
8330.599999999999  0.91779  
8335.1  0.91739  
8339.5  0.91608  
8344.0  0.9153  
8348.4  0.91518  
8352.9  0.91392  
8357.4  0.91248  
8361.8  0.91148  
8366.3  0.91025  
8370.800000000001  0.90979  
8375.2  0.90913  
8379.7  0.90793  
8384.199999999999  0.90709  
8388.6  0.90659  
8393.099999999999  0.90539  
8397.5  0.90334  
8402.0  0.90215  
8406.5  0.90197  
8410.9  0.90113  
8415.4  0.89903  
8419.9  0.89667  
8424.3  0.89466  
8428.8  0.89246  
8433.300000000001  0.89126  
8437.7  0.89049  
8442.2  0.88774  
8446.699999999999  0.8841  
8451.1  0.88181  
8455.599999999999  0.88008  
8460.1  0.87711  
8464.6  0.87349  
8469.0  0.87027  
8473.5  0.86537  
8478.0  0.85848  
8482.4  0.8512  
8486.900000000001  0.84266  
8491.4  0.83168  
8495.800000000001  0.8186  
8500.3  0.80416  
8504.8  0.78733  
8509.3  0.76681  
8513.7  0.74303  
8518.2  0.71581  
8522.7  0.68563  
8527.1  0.65332  
8531.6  0.61911  
8536.1  0.58277  
8540.599999999999  0.54457  
8545.0  0.50474  
8549.5  0.4632  
8554.0  0.42051  
8558.5  0.3776  
8562.9  0.33463  
8567.4  0.29198  
8571.900000000001  0.25072  
8576.4  0.21188  
8580.800000000001  0.17684  
8585.3  0.1458  
8589.8  0.11872  
8594.3  0.09601  
8598.7  0.07745  
8603.2  0.0632  
8607.7  0.05247  
8612.2  0.04392  
8616.699999999999  0.0373  
8621.1  0.03198  
8625.599999999999  0.02745  
8630.1  0.02432  
8634.6  0.02227  
8639.0  0.02013  
8643.5  0.01803  
8648.0  0.01651  
8652.5  0.01556  
8657.0  0.01446  
8661.4  0.01308  
8665.9  0.01209  
8670.4  0.01154  
8674.9  0.01101  
8679.400000000001  0.01045  
8683.8  0.00987  
8688.300000000001  0.00961  
8692.8  0.00941  
8697.3  0.00882  
8701.8  0.00843  
8706.3  0.00855  
8710.7  0.0086  
8715.2  0.00818  
8719.7  0.00773  
8724.199999999999  0.00768  
8728.7  0.00773  
8733.2  0.00776  
8737.6  0.00773  
8742.1  0.00757  
8746.6  0.00743  
8751.1  0.0072  
8755.599999999999  0.00724  
8760.1  0.00752  
8764.6  0.00763  
8769.0  0.0073  
8773.5  0.00718  
8778.0  0.00737  
8782.5  0.00768  
8787.0  0.00791  
8791.5  0.00773  
8796.0  0.00734  

