@MEASUREMENT_RADIUS 13.0 cm
#lambda:
#tr:
#end
6251.799999999999  0.0023  
6256.1  0.0022  
6260.4  0.00211  
6264.700000000001  0.00214  
6269.0  0.00229  
6273.3  0.00223  
6277.6  0.00219  
6281.900000000001  0.00221  
6286.2  0.00223  
6290.5  0.0023  
6294.8  0.00236  
6299.099999999999  0.00232  
6303.400000000001  0.00226  
6307.7  0.00235  
6312.0  0.00239  
6316.3  0.00228  
6320.599999999999  0.00233  
6325.0  0.00256  
6329.299999999999  0.00272  
6333.6  0.00275  
6337.9  0.00265  
6342.200000000001  0.00259  
6346.5  0.00256  
6350.8  0.00253  
6355.1  0.00258  
6359.400000000001  0.00271  
6363.7  0.00283  
6368.099999999999  0.00278  
6372.4  0.00268  
6376.7  0.00276  
6381.0  0.00281  
6385.299999999999  0.00274  
6389.6  0.00275  
6393.9  0.00292  
6398.200000000001  0.00302  
6402.6  0.00301  
6406.900000000001  0.00297  
6411.2  0.00298  
6415.5  0.00304  
6419.8  0.00306  
6424.099999999999  0.00309  
6428.5  0.00309  
6432.799999999999  0.00288  
6437.1  0.00267  
6441.4  0.0028  
6445.700000000001  0.00313  
6450.0  0.00313  
6454.400000000001  0.00298  
6458.7  0.00295  
6463.0  0.00298  
6467.3  0.00298  
6471.599999999999  0.003  
6476.0  0.00309  
6480.299999999999  0.00308  
6484.6  0.00296  
6488.9  0.00299  
6493.3  0.00297  
6497.6  0.00287  
6501.900000000001  0.00288  
6506.2  0.0029  
6510.5  0.00289  
6514.9  0.00289  
6519.2  0.00293  
6523.5  0.00298  
6527.799999999999  0.00305  
6532.200000000001  0.00303  
6536.5  0.00281  
6540.8  0.00275  
6545.2  0.003  
6549.5  0.00315  
6553.8  0.00296  
6558.099999999999  0.00287  
6562.5  0.00302  
6566.799999999999  0.00308  
6571.1  0.00289  
6575.5  0.0029  
6579.8  0.00297  
6584.099999999999  0.0029  
6588.400000000001  0.00288  
6592.799999999999  0.00302  
6597.1  0.00302  
6601.4  0.00291  
6605.8  0.00293  
6610.1  0.00305  
6614.400000000001  0.0031  
6618.8  0.0031  
6623.099999999999  0.00312  
6627.4  0.0031  
6631.799999999999  0.00314  
6636.1  0.00315  
6640.4  0.00316  
6644.8  0.00323  
6649.099999999999  0.00323  
6653.5  0.00331  
6657.799999999999  0.00338  
6662.1  0.00334  
6666.5  0.00331  
6670.8  0.00338  
6675.1  0.00342  
6679.5  0.00336  
6683.8  0.00345  
6688.200000000001  0.0036  
6692.5  0.00353  
6696.799999999999  0.00341  
6701.2  0.00356  
6705.5  0.00373  
6709.9  0.00371  
6714.2  0.00365  
6718.5  0.00364  
6722.9  0.00362  
6727.200000000001  0.0036  
6731.599999999999  0.00356  
6735.900000000001  0.00353  
6740.299999999999  0.00355  
6744.6  0.00367  
6748.9  0.00381  
6753.3  0.00382  
6757.6  0.00384  
6762.0  0.00388  
6766.3  0.00384  
6770.700000000001  0.00381  
6775.0  0.00386  
6779.400000000001  0.0038  
6783.7  0.0038  
6788.099999999999  0.00389  
6792.4  0.00389  
6796.799999999999  0.00396  
6801.1  0.004  
6805.5  0.0039  
6809.8  0.00382  
6814.2  0.00384  
6818.5  0.00391  
6822.9  0.00393  
6827.200000000001  0.00391  
6831.599999999999  0.00396  
6835.900000000001  0.00402  
6840.299999999999  0.00395  
6844.6  0.0038  
6849.0  0.00384  
6853.3  0.00402  
6857.7  0.00414  
6862.0  0.00411  
6866.4  0.00423  
6870.700000000001  0.00454  
6875.1  0.00474  
6879.5  0.00486  
6883.8  0.00502  
6888.200000000001  0.0054  
6892.5  0.00613  
6896.900000000001  0.00694  
6901.2  0.00782  
6905.599999999999  0.00928  
6910.0  0.01144  
6914.299999999999  0.01444  
6918.7  0.01852  
6923.0  0.02424  
6927.4  0.03211  
6931.799999999999  0.04266  
6936.1  0.05636  
6940.5  0.07351  
6944.8  0.09451  
6949.2  0.12011  
6953.6  0.15063  
6957.9  0.18604  
6962.3  0.2264  
6966.599999999999  0.27224  
6971.0  0.32367  
6975.4  0.37943  
6979.700000000001  0.43798  
6984.099999999999  0.49848  
6988.5  0.55946  
6992.799999999999  0.61797  
6997.200000000001  0.67192  
7001.599999999999  0.71907  
7005.900000000001  0.75766  
7010.299999999999  0.78791  
7014.700000000001  0.81118  
7019.0  0.82904  
7023.400000000001  0.84304  
7027.799999999999  0.85475  
7032.1  0.86472  
7036.5  0.87292  
7040.900000000001  0.88029  
7045.2  0.88708  
7049.6  0.89298  
7054.0  0.89875  
7058.3  0.90467  
7062.7  0.90937  
7067.1  0.91279  
7071.5  0.9161  
7075.8  0.91875  
7080.2  0.92045  
7084.6  0.92196  
7088.9  0.92271  
7093.3  0.92258  
7097.7  0.92268  
7102.1  0.92309  
7106.4  0.92305  
7110.8  0.92227  
7115.2  0.92126  
7119.6  0.9205  
7123.9  0.91994  
7128.3  0.91916  
7132.7  0.9179  
7137.1  0.91623  
7141.4  0.91504  
7145.8  0.91431  
7150.2  0.91288  
7154.6  0.91099  
7159.0  0.90982  
7163.3  0.90956  
7167.7  0.90961  
7172.1  0.90928  
7176.5  0.90842  
7180.900000000001  0.90813  
7185.2  0.90897  
7189.6  0.90954  
7194.0  0.90947  
7198.400000000001  0.90967  
7202.799999999999  0.90976  
7207.1  0.90934  
7211.5  0.90913  
7215.900000000001  0.90951  
7220.299999999999  0.90977  
7224.700000000001  0.90966  
7229.099999999999  0.91041  
7233.400000000001  0.91183  
7237.799999999999  0.91288  
7242.200000000001  0.91427  
7246.599999999999  0.91654  
7251.0  0.91877  
7255.4  0.92082  
7259.700000000001  0.92287  
7264.099999999999  0.92474  
7268.5  0.92657  
7272.9  0.92894  
7277.3  0.93132  
7281.7  0.9326  
7286.1  0.93311  
7290.5  0.93397  
7294.9  0.93538  
7299.2  0.93631  
7303.6  0.93598  
7308.0  0.93533  
7312.4  0.93546  
7316.799999999999  0.93547  
7321.2  0.9347  
7325.599999999999  0.93383  
7330.0  0.93349  
7334.400000000001  0.93325  
7338.8  0.933  
7343.099999999999  0.93241  
7347.5  0.93153  
7351.900000000001  0.93073  
7356.3  0.93083  
7360.700000000001  0.93161  
7365.1  0.93149  
7369.5  0.93062  
7373.9  0.9304  
7378.3  0.93082  
7382.7  0.93116  
7387.1  0.93153  
7391.5  0.93238  
7395.900000000001  0.9332  
7400.299999999999  0.93295  
7404.700000000001  0.93259  
7409.099999999999  0.93297  
7413.5  0.93375  
7417.9  0.93433  
7422.3  0.93431  
7426.7  0.93358  
7431.1  0.93284  
7435.5  0.93267  
7439.9  0.93226  
7444.299999999999  0.93153  
7448.7  0.93105  
7453.099999999999  0.93052  
7457.5  0.92966  
7461.900000000001  0.92892  
7466.3  0.92847  
7470.700000000001  0.92823  
7475.1  0.92803  
7479.5  0.92813  
7483.9  0.92843  
7488.3  0.92882  
7492.7  0.92891  
7497.1  0.9289  
7501.5  0.92912  
7505.900000000001  0.9298  
7510.299999999999  0.93107  
7514.700000000001  0.93167  
7519.099999999999  0.93156  
7523.5  0.93163  
7527.9  0.93201  
7532.3  0.93238  
7536.799999999999  0.93265  
7541.2  0.93297  
7545.599999999999  0.9331  
7550.0  0.93292  
7554.400000000001  0.93323  
7558.8  0.93395  
7563.200000000001  0.93406  
7567.6  0.93378  
7572.0  0.93417  
7576.4  0.93525  
7580.8  0.93597  
7585.299999999999  0.93598  
7589.700000000001  0.9361  
7594.099999999999  0.93672  
7598.5  0.93756  
7602.9  0.938  
7607.3  0.93785  
7611.7  0.93777  
7616.1  0.93828  
7620.599999999999  0.93865  
7625.0  0.9383  
7629.400000000001  0.93849  
7633.8  0.93932  
7638.200000000001  0.93891  
7642.6  0.93795  
7647.0  0.9381  
7651.5  0.93823  
7655.900000000001  0.93774  
7660.299999999999  0.93745  
7664.700000000001  0.9371  
7669.099999999999  0.93653  
7673.5  0.936  
7678.0  0.93547  
7682.4  0.9348  
7686.799999999999  0.9345  
7691.2  0.93475  
7695.599999999999  0.93415  
7700.0  0.93314  
7704.5  0.93298  
7708.9  0.93284  
7713.3  0.9328  
7717.7  0.93317  
7722.1  0.93331  
7726.599999999999  0.93304  
7731.0  0.93264  
7735.4  0.93291  
7739.8  0.93415  
7744.299999999999  0.93502  
7748.7  0.93488  
7753.099999999999  0.93471  
7757.5  0.93491  
7761.900000000001  0.93491  
7766.4  0.93447  
7770.8  0.93415  
7775.2  0.93463  
7779.6  0.93475  
7784.099999999999  0.93365  
7788.5  0.93253  
7792.9  0.93192  
7797.3  0.93119  
7801.799999999999  0.93034  
7806.2  0.9296  
7810.599999999999  0.9285  
7815.0  0.92767  
7819.5  0.9272  
7823.9  0.92662  
7828.3  0.92602  
7832.799999999999  0.92567  
7837.200000000001  0.92515  
7841.599999999999  0.92468  
7846.0  0.92515  
7850.5  0.92611  
7854.9  0.9266  
7859.299999999999  0.92651  
7863.8  0.92645  
7868.200000000001  0.9266  
7872.6  0.92717  
7877.1  0.9279  
7881.5  0.92882  
7885.900000000001  0.92965  
7890.4  0.92964  
7894.8  0.93005  
7899.2  0.93131  
7903.7  0.9316  
7908.099999999999  0.93066  
7912.5  0.93068  
7917.0  0.93204  
7921.4  0.93309  
7925.8  0.9331  
7930.299999999999  0.93321  
7934.700000000001  0.93381  
7939.099999999999  0.93395  
7943.6  0.9339  
7948.0  0.93403  
7952.4  0.93437  
7956.900000000001  0.93438  
7961.3  0.93438  
7965.700000000001  0.93497  
7970.2  0.93525  
7974.6  0.9348  
7979.099999999999  0.93416  
7983.5  0.9339  
7987.9  0.9344  
7992.4  0.93496  
7996.799999999999  0.93503  
8001.3  0.93476  
8005.700000000001  0.93409  
8010.1  0.93341  
8014.6  0.93311  
8019.0  0.93298  
8023.5  0.9328  
8027.9  0.93287  
8032.3  0.93231  
8036.799999999999  0.93185  
8041.2  0.93131  
8045.700000000001  0.92987  
8050.1  0.92886  
8054.6  0.92868  
8059.0  0.92838  
8063.400000000001  0.92773  
8067.9  0.92719  
8072.3  0.92627  
8076.799999999999  0.92526  
8081.2  0.92503  
8085.700000000001  0.92525  
8090.1  0.92489  
8094.6  0.92426  
8099.0  0.9241  
8103.5  0.92451  
8107.9  0.92468  
8112.3  0.9247  
8116.799999999999  0.92503  
8121.2  0.92572  
8125.700000000001  0.92661  
8130.1  0.92684  
8134.6  0.92635  
8139.0  0.92624  
8143.5  0.92711  
8147.9  0.92761  
8152.4  0.92734  
8156.799999999999  0.92727  
8161.3  0.92705  
8165.700000000001  0.92653  
8170.2  0.92615  
8174.6  0.92582  
8179.099999999999  0.92546  
8183.5  0.92499  
8188.0  0.92463  
8192.4  0.92439  
8196.900000000001  0.92399  
8201.4  0.92421  
8205.800000000001  0.92447  
8210.3  0.92343  
8214.7  0.92218  
8219.199999999999  0.92177  
8223.6  0.92137  
8228.099999999999  0.92061  
8232.5  0.91982  
8237.0  0.91912  
8241.4  0.91884  
8245.9  0.91865  
8250.3  0.91769  
8254.8  0.91674  
8259.3  0.91655  
8263.7  0.91665  
8268.2  0.91685  
8272.6  0.91713  
8277.1  0.91759  
8281.5  0.91763  
8286.0  0.91749  
8290.5  0.91767  
8294.9  0.91802  
8299.400000000001  0.9185  
8303.8  0.91913  
8308.300000000001  0.92006  
8312.8  0.92032  
8317.2  0.92001  
8321.699999999999  0.92003  
8326.1  0.9198  
8330.599999999999  0.91964  
8335.1  0.91941  
8339.5  0.91864  
8344.0  0.91762  
8348.4  0.91679  
8352.9  0.91605  
8357.4  0.91521  
8361.8  0.91401  
8366.3  0.91261  
8370.800000000001  0.91209  
8375.2  0.9112  
8379.7  0.91013  
8384.199999999999  0.90979  
8388.6  0.90868  
8393.099999999999  0.90651  
8397.5  0.90482  
8402.0  0.90389  
8406.5  0.90307  
8410.9  0.90231  
8415.4  0.90115  
8419.9  0.89892  
8424.3  0.89654  
8428.8  0.89436  
8433.300000000001  0.89243  
8437.7  0.89105  
8442.2  0.88927  
8446.699999999999  0.88669  
8451.1  0.88442  
8455.599999999999  0.88254  
8460.1  0.88024  
8464.6  0.87728  
8469.0  0.87355  
8473.5  0.86846  
8478.0  0.86263  
8482.4  0.85626  
8486.900000000001  0.8483  
8491.4  0.8385  
8495.800000000001  0.82658  
8500.3  0.81265  
8504.8  0.79688  
8509.3  0.77758  
8513.7  0.75435  
8518.2  0.72841  
8522.7  0.70007  
8527.1  0.66896  
8531.6  0.63552  
8536.1  0.60012  
8540.599999999999  0.56219  
8545.0  0.52206  
8549.5  0.48129  
8554.0  0.43975  
8558.5  0.39672  
8562.9  0.35271  
8567.4  0.30894  
8571.900000000001  0.26695  
8576.4  0.22726  
8580.800000000001  0.1903  
8585.3  0.15712  
8589.8  0.12861  
8594.3  0.10449  
8598.7  0.08432  
8603.2  0.06836  
8607.7  0.05648  
8612.2  0.04731  
8616.699999999999  0.03981  
8621.1  0.03388  
8625.599999999999  0.02949  
8630.1  0.026  
8634.6  0.02319  
8639.0  0.02089  
8643.5  0.01895  
8648.0  0.01714  
8652.5  0.01557  
8657.0  0.01444  
8661.4  0.01363  
8665.9  0.01257  
8670.4  0.01162  
8674.9  0.01122  
8679.400000000001  0.01079  
8683.8  0.01014  
8688.300000000001  0.0096  
8692.8  0.00914  
8697.3  0.00904  
8701.8  0.00911  
8706.3  0.00854  
8710.7  0.00802  
8715.2  0.00802  
8719.7  0.0082  
8724.199999999999  0.00815  
8728.7  0.00783  
8733.2  0.00754  
8737.6  0.00747  
8742.1  0.00753  
8746.6  0.00773  
8751.1  0.0078  
8755.599999999999  0.00779  
8760.1  0.00743  
8764.6  0.00718  
8769.0  0.00724  
8773.5  0.00754  
8778.0  0.00793  
8782.5  0.00797  
8787.0  0.00749  
8791.5  0.00756  
8796.0  0.00793  

