@MEASUREMENT_RADIUS 16.0 cm
#lambda:
#tr:
#end
6251.799999999999  0.0022  
6256.1  0.00225  
6260.4  0.00224  
6264.700000000001  0.00217  
6269.0  0.00214  
6273.3  0.00218  
6277.6  0.00233  
6281.900000000001  0.00233  
6286.2  0.00219  
6290.5  0.00223  
6294.8  0.00245  
6299.099999999999  0.00248  
6303.400000000001  0.00232  
6307.7  0.00228  
6312.0  0.00246  
6316.3  0.00256  
6320.599999999999  0.00257  
6325.0  0.00251  
6329.299999999999  0.00238  
6333.6  0.00241  
6337.9  0.00258  
6342.200000000001  0.00268  
6346.5  0.0027  
6350.8  0.00272  
6355.1  0.00267  
6359.400000000001  0.00265  
6363.7  0.0027  
6368.099999999999  0.00269  
6372.4  0.00265  
6376.7  0.0027  
6381.0  0.00283  
6385.299999999999  0.00292  
6389.6  0.00293  
6393.9  0.00286  
6398.200000000001  0.00287  
6402.6  0.00287  
6406.900000000001  0.00283  
6411.2  0.00289  
6415.5  0.00299  
6419.8  0.00304  
6424.099999999999  0.00302  
6428.5  0.003  
6432.799999999999  0.00299  
6437.1  0.00289  
6441.4  0.00282  
6445.700000000001  0.00291  
6450.0  0.003  
6454.400000000001  0.003  
6458.7  0.00298  
6463.0  0.00305  
6467.3  0.00308  
6471.599999999999  0.003  
6476.0  0.00292  
6480.299999999999  0.00293  
6484.6  0.00299  
6488.9  0.00307  
6493.3  0.00312  
6497.6  0.00313  
6501.900000000001  0.00296  
6506.2  0.0028  
6510.5  0.00287  
6514.9  0.00307  
6519.2  0.00315  
6523.5  0.00302  
6527.799999999999  0.00292  
6532.200000000001  0.00299  
6536.5  0.00311  
6540.8  0.0032  
6545.2  0.00315  
6549.5  0.00287  
6553.8  0.00275  
6558.099999999999  0.00298  
6562.5  0.00308  
6566.799999999999  0.00303  
6571.1  0.00303  
6575.5  0.00298  
6579.8  0.00285  
6584.099999999999  0.00284  
6588.400000000001  0.00292  
6592.799999999999  0.00301  
6597.1  0.00303  
6601.4  0.00292  
6605.8  0.00284  
6610.1  0.00293  
6614.400000000001  0.00307  
6618.8  0.00321  
6623.099999999999  0.00328  
6627.4  0.00313  
6631.799999999999  0.00313  
6636.1  0.00316  
6640.4  0.00312  
6644.8  0.00317  
6649.099999999999  0.00332  
6653.5  0.00326  
6657.799999999999  0.00314  
6662.1  0.00335  
6666.5  0.00358  
6670.8  0.00349  
6675.1  0.00335  
6679.5  0.00335  
6683.8  0.00342  
6688.200000000001  0.0034  
6692.5  0.00343  
6696.799999999999  0.00356  
6701.2  0.00363  
6705.5  0.0036  
6709.9  0.0036  
6714.2  0.00349  
6718.5  0.00339  
6722.9  0.00349  
6727.200000000001  0.00368  
6731.599999999999  0.00383  
6735.900000000001  0.00384  
6740.299999999999  0.0038  
6744.6  0.00375  
6748.9  0.00367  
6753.3  0.00369  
6757.6  0.00378  
6762.0  0.00371  
6766.3  0.00375  
6770.700000000001  0.00383  
6775.0  0.00379  
6779.400000000001  0.00383  
6783.7  0.00385  
6788.099999999999  0.00378  
6792.4  0.00381  
6796.799999999999  0.00387  
6801.1  0.00393  
6805.5  0.00397  
6809.8  0.00389  
6814.2  0.00385  
6818.5  0.00398  
6822.9  0.00409  
6827.200000000001  0.00404  
6831.599999999999  0.004  
6835.900000000001  0.00393  
6840.299999999999  0.00391  
6844.6  0.00399  
6849.0  0.00411  
6853.3  0.0042  
6857.7  0.00415  
6862.0  0.00408  
6866.4  0.00423  
6870.700000000001  0.00445  
6875.1  0.00454  
6879.5  0.0047  
6883.8  0.00508  
6888.200000000001  0.00555  
6892.5  0.00602  
6896.900000000001  0.0067  
6901.2  0.00784  
6905.599999999999  0.00939  
6910.0  0.01136  
6914.299999999999  0.01422  
6918.7  0.01824  
6923.0  0.02385  
6927.4  0.03154  
6931.799999999999  0.04187  
6936.1  0.05534  
6940.5  0.07231  
6944.8  0.09314  
6949.2  0.11854  
6953.6  0.14878  
6957.9  0.18386  
6962.3  0.22408  
6966.599999999999  0.26979  
6971.0  0.32073  
6975.4  0.37588  
6979.700000000001  0.43431  
6984.099999999999  0.49537  
6988.5  0.55674  
6992.799999999999  0.61529  
6997.200000000001  0.66957  
7001.599999999999  0.71758  
7005.900000000001  0.75717  
7010.299999999999  0.78797  
7014.700000000001  0.81155  
7019.0  0.83015  
7023.400000000001  0.84462  
7027.799999999999  0.85568  
7032.1  0.86491  
7036.5  0.87274  
7040.900000000001  0.87995  
7045.2  0.88695  
7049.6  0.89355  
7054.0  0.89974  
7058.3  0.90516  
7062.7  0.90917  
7067.1  0.9125  
7071.5  0.9163  
7075.8  0.91971  
7080.2  0.92199  
7084.6  0.92374  
7088.9  0.92514  
7093.3  0.92602  
7097.7  0.92608  
7102.1  0.92605  
7106.4  0.92635  
7110.8  0.92636  
7115.2  0.92563  
7119.6  0.92479  
7123.9  0.92414  
7128.3  0.92277  
7132.7  0.9207  
7137.1  0.9186  
7141.4  0.91732  
7145.8  0.91633  
7150.2  0.91427  
7154.6  0.91191  
7159.0  0.91069  
7163.3  0.91023  
7167.7  0.90971  
7172.1  0.909  
7176.5  0.9086  
7180.900000000001  0.90914  
7185.2  0.91001  
7189.6  0.9104  
7194.0  0.91056  
7198.400000000001  0.91153  
7202.799999999999  0.91291  
7207.1  0.91322  
7211.5  0.91285  
7215.900000000001  0.91303  
7220.299999999999  0.91371  
7224.700000000001  0.91411  
7229.099999999999  0.91432  
7233.400000000001  0.91511  
7237.799999999999  0.91615  
7242.200000000001  0.9173  
7246.599999999999  0.91928  
7251.0  0.92121  
7255.4  0.92231  
7259.700000000001  0.92333  
7264.099999999999  0.92474  
7268.5  0.92622  
7272.9  0.92816  
7277.3  0.9304  
7281.7  0.93152  
7286.1  0.93209  
7290.5  0.93359  
7294.9  0.93503  
7299.2  0.93537  
7303.6  0.93581  
7308.0  0.93671  
7312.4  0.93741  
7316.799999999999  0.93769  
7321.2  0.93767  
7325.599999999999  0.93747  
7330.0  0.93774  
7334.400000000001  0.93782  
7338.8  0.93701  
7343.099999999999  0.93623  
7347.5  0.93603  
7351.900000000001  0.93583  
7356.3  0.93534  
7360.700000000001  0.9348  
7365.1  0.93417  
7369.5  0.9333  
7373.9  0.93291  
7378.3  0.93302  
7382.7  0.93291  
7387.1  0.93286  
7391.5  0.93298  
7395.900000000001  0.93341  
7400.299999999999  0.93365  
7404.700000000001  0.93362  
7409.099999999999  0.93413  
7413.5  0.93472  
7417.9  0.9352  
7422.3  0.93569  
7426.7  0.93564  
7431.1  0.93549  
7435.5  0.93554  
7439.9  0.9352  
7444.299999999999  0.93442  
7448.7  0.93386  
7453.099999999999  0.93364  
7457.5  0.93297  
7461.900000000001  0.9323  
7466.3  0.93177  
7470.700000000001  0.93124  
7475.1  0.93118  
7479.5  0.93104  
7483.9  0.9305  
7488.3  0.93038  
7492.7  0.93072  
7497.1  0.93098  
7501.5  0.93101  
7505.900000000001  0.93103  
7510.299999999999  0.93162  
7514.700000000001  0.93219  
7519.099999999999  0.93236  
7523.5  0.93297  
7527.9  0.93372  
7532.3  0.93413  
7536.799999999999  0.93446  
7541.2  0.9345  
7545.599999999999  0.9348  
7550.0  0.93533  
7554.400000000001  0.93581  
7558.8  0.93656  
7563.200000000001  0.93693  
7567.6  0.93683  
7572.0  0.93721  
7576.4  0.93835  
7580.8  0.93914  
7585.299999999999  0.93883  
7589.700000000001  0.9386  
7594.099999999999  0.93924  
7598.5  0.93966  
7602.9  0.9395  
7607.3  0.93974  
7611.7  0.94019  
7616.1  0.94024  
7620.599999999999  0.94007  
7625.0  0.93997  
7629.400000000001  0.93999  
7633.8  0.94059  
7638.200000000001  0.94107  
7642.6  0.94075  
7647.0  0.94038  
7651.5  0.94056  
7655.900000000001  0.941  
7660.299999999999  0.9409  
7664.700000000001  0.94027  
7669.099999999999  0.94  
7673.5  0.94019  
7678.0  0.93968  
7682.4  0.93868  
7686.799999999999  0.93858  
7691.2  0.93872  
7695.599999999999  0.93812  
7700.0  0.93741  
7704.5  0.93671  
7708.9  0.93583  
7713.3  0.93566  
7717.7  0.93586  
7722.1  0.93536  
7726.599999999999  0.93462  
7731.0  0.93438  
7735.4  0.93488  
7739.8  0.93545  
7744.299999999999  0.93544  
7748.7  0.93535  
7753.099999999999  0.93597  
7757.5  0.93672  
7761.900000000001  0.93695  
7766.4  0.93697  
7770.8  0.9372  
7775.2  0.93776  
7779.6  0.93801  
7784.099999999999  0.93794  
7788.5  0.93774  
7792.9  0.93705  
7797.3  0.936  
7801.799999999999  0.93556  
7806.2  0.93588  
7810.599999999999  0.93551  
7815.0  0.9346  
7819.5  0.93396  
7823.9  0.93331  
7828.3  0.93243  
7832.799999999999  0.93218  
7837.200000000001  0.93195  
7841.599999999999  0.93104  
7846.0  0.93045  
7850.5  0.93004  
7854.9  0.92964  
7859.299999999999  0.92957  
7863.8  0.92975  
7868.200000000001  0.92974  
7872.6  0.92911  
7877.1  0.92867  
7881.5  0.929  
7885.900000000001  0.92944  
7890.4  0.92964  
7894.8  0.92992  
7899.2  0.93007  
7903.7  0.93044  
7908.099999999999  0.9307  
7912.5  0.93044  
7917.0  0.93074  
7921.4  0.93183  
7925.8  0.93251  
7930.299999999999  0.93281  
7934.700000000001  0.93324  
7939.099999999999  0.93412  
7943.6  0.93535  
7948.0  0.93571  
7952.4  0.93581  
7956.900000000001  0.93619  
7961.3  0.93672  
7965.700000000001  0.93759  
7970.2  0.93785  
7974.6  0.9377  
7979.099999999999  0.9374  
7983.5  0.9368  
7987.9  0.93723  
7992.4  0.9382  
7996.799999999999  0.93842  
8001.3  0.93809  
8005.700000000001  0.93739  
8010.1  0.93727  
8014.6  0.93772  
8019.0  0.93765  
8023.5  0.937  
8027.9  0.93659  
8032.3  0.93622  
8036.799999999999  0.93603  
8041.2  0.93572  
8045.700000000001  0.93457  
8050.1  0.93353  
8054.6  0.93334  
8059.0  0.93323  
8063.400000000001  0.93255  
8067.9  0.93175  
8072.3  0.93121  
8076.799999999999  0.9308  
8081.2  0.92994  
8085.700000000001  0.92902  
8090.1  0.92816  
8094.6  0.92768  
8099.0  0.92849  
8103.5  0.92902  
8107.9  0.9281  
8112.3  0.92781  
8116.799999999999  0.92833  
8121.2  0.92845  
8125.700000000001  0.92825  
8130.1  0.92795  
8134.6  0.92847  
8139.0  0.92957  
8143.5  0.92976  
8147.9  0.92901  
8152.4  0.92892  
8156.799999999999  0.92992  
8161.3  0.93029  
8165.700000000001  0.92981  
8170.2  0.92974  
8174.6  0.92991  
8179.099999999999  0.92963  
8183.5  0.92908  
8188.0  0.92932  
8192.4  0.92985  
8196.900000000001  0.92971  
8201.4  0.92919  
8205.800000000001  0.92891  
8210.3  0.92856  
8214.7  0.92769  
8219.199999999999  0.92734  
8223.6  0.92789  
8228.099999999999  0.92757  
8232.5  0.92578  
8237.0  0.92429  
8241.4  0.92387  
8245.9  0.92361  
8250.3  0.92264  
8254.8  0.92155  
8259.3  0.92118  
8263.7  0.92079  
8268.2  0.92049  
8272.6  0.92035  
8277.1  0.92039  
8281.5  0.92074  
8286.0  0.92048  
8290.5  0.91993  
8294.9  0.92027  
8299.400000000001  0.9211  
8303.8  0.92191  
8308.300000000001  0.92278  
8312.8  0.92326  
8317.2  0.92291  
8321.699999999999  0.92279  
8326.1  0.92383  
8330.599999999999  0.92461  
8335.1  0.9244  
8339.5  0.92366  
8344.0  0.92322  
8348.4  0.92363  
8352.9  0.92324  
8357.4  0.92172  
8361.8  0.92058  
8366.3  0.91985  
8370.800000000001  0.91928  
8375.2  0.91868  
8379.7  0.91783  
8384.199999999999  0.91661  
8388.6  0.91526  
8393.099999999999  0.91407  
8397.5  0.91304  
8402.0  0.91196  
8406.5  0.91079  
8410.9  0.90979  
8415.4  0.90805  
8419.9  0.90519  
8424.3  0.9028  
8428.8  0.90158  
8433.300000000001  0.90074  
8437.7  0.89948  
8442.2  0.89675  
8446.699999999999  0.89305  
8451.1  0.89075  
8455.599999999999  0.88973  
8460.1  0.88797  
8464.6  0.88515  
8469.0  0.88225  
8473.5  0.87917  
8478.0  0.87488  
8482.4  0.86976  
8486.900000000001  0.86348  
8491.4  0.85577  
8495.800000000001  0.84678  
8500.3  0.83586  
8504.8  0.82311  
8509.3  0.80703  
8513.7  0.7873  
8518.2  0.76497  
8522.7  0.74002  
8527.1  0.71199  
8531.6  0.68105  
8536.1  0.64737  
8540.599999999999  0.61163  
8545.0  0.57478  
8549.5  0.53601  
8554.0  0.49473  
8558.5  0.45133  
8562.9  0.40708  
8567.4  0.36296  
8571.900000000001  0.31939  
8576.4  0.27682  
8580.800000000001  0.23575  
8585.3  0.19706  
8589.8  0.16237  
8594.3  0.13254  
8598.7  0.10728  
8603.2  0.08678  
8607.7  0.07075  
8612.2  0.05824  
8616.699999999999  0.04869  
8621.1  0.04126  
8625.599999999999  0.03537  
8630.1  0.03063  
8634.6  0.02677  
8639.0  0.02387  
8643.5  0.02173  
8648.0  0.01954  
8652.5  0.01785  
8657.0  0.01663  
8661.4  0.01513  
8665.9  0.01377  
8670.4  0.01294  
8674.9  0.01213  
8679.400000000001  0.0113  
8683.8  0.0107  
8688.300000000001  0.01023  
8692.8  0.00971  
8697.3  0.00934  
8701.8  0.00903  
8706.3  0.00879  
8710.7  0.00879  
8715.2  0.00866  
8719.7  0.00826  
8724.199999999999  0.00782  
8728.7  0.00768  
8733.2  0.00806  
8737.6  0.0082  
8742.1  0.00781  
8746.6  0.0075  
8751.1  0.00733  
8755.599999999999  0.00748  
8760.1  0.00776  
8764.6  0.00806  
8769.0  0.00787  
8773.5  0.00736  
8778.0  0.00731  
8782.5  0.00775  
8787.0  0.00792  
8791.5  0.00786  
8796.0  0.00755  

