@MEASUREMENT_RADIUS 19.0 cm
#lambda:
#tr:
#end
6251.799999999999  0.0022  
6256.1  0.00218  
6260.4  0.00215  
6264.700000000001  0.00223  
6269.0  0.00229  
6273.3  0.00228  
6277.6  0.00225  
6281.900000000001  0.00223  
6286.2  0.00218  
6290.5  0.00226  
6294.8  0.0024  
6299.099999999999  0.00235  
6303.400000000001  0.00237  
6307.7  0.00254  
6312.0  0.00263  
6316.3  0.00245  
6320.599999999999  0.0023  
6325.0  0.00248  
6329.299999999999  0.00277  
6333.6  0.00272  
6337.9  0.00249  
6342.200000000001  0.00258  
6346.5  0.00278  
6350.8  0.00286  
6355.1  0.00274  
6359.400000000001  0.0026  
6363.7  0.00265  
6368.099999999999  0.00275  
6372.4  0.00279  
6376.7  0.0028  
6381.0  0.00284  
6385.299999999999  0.0029  
6389.6  0.00293  
6393.9  0.00291  
6398.200000000001  0.00287  
6402.6  0.0029  
6406.900000000001  0.00299  
6411.2  0.00303  
6415.5  0.00297  
6419.8  0.00287  
6424.099999999999  0.00292  
6428.5  0.00297  
6432.799999999999  0.00289  
6437.1  0.00278  
6441.4  0.00286  
6445.700000000001  0.00314  
6450.0  0.00317  
6454.400000000001  0.00305  
6458.7  0.00308  
6463.0  0.00312  
6467.3  0.003  
6471.599999999999  0.00302  
6476.0  0.0031  
6480.299999999999  0.00307  
6484.6  0.00306  
6488.9  0.00307  
6493.3  0.00297  
6497.6  0.00297  
6501.900000000001  0.00308  
6506.2  0.00311  
6510.5  0.00303  
6514.9  0.00306  
6519.2  0.00322  
6523.5  0.0032  
6527.799999999999  0.00306  
6532.200000000001  0.00297  
6536.5  0.00291  
6540.8  0.0029  
6545.2  0.00291  
6549.5  0.00293  
6553.8  0.00287  
6558.099999999999  0.00299  
6562.5  0.00317  
6566.799999999999  0.00316  
6571.1  0.00301  
6575.5  0.00296  
6579.8  0.00302  
6584.099999999999  0.00309  
6588.400000000001  0.003  
6592.799999999999  0.0029  
6597.1  0.00305  
6601.4  0.00317  
6605.8  0.00304  
6610.1  0.00296  
6614.400000000001  0.00302  
6618.8  0.00312  
6623.099999999999  0.00318  
6627.4  0.00304  
6631.799999999999  0.00307  
6636.1  0.00329  
6640.4  0.00331  
6644.8  0.00322  
6649.099999999999  0.0033  
6653.5  0.00334  
6657.799999999999  0.00329  
6662.1  0.00327  
6666.5  0.00335  
6670.8  0.00354  
6675.1  0.00358  
6679.5  0.00349  
6683.8  0.00349  
6688.200000000001  0.00344  
6692.5  0.00337  
6696.799999999999  0.0033  
6701.2  0.00342  
6705.5  0.00366  
6709.9  0.00366  
6714.2  0.00354  
6718.5  0.00351  
6722.9  0.00353  
6727.200000000001  0.00355  
6731.599999999999  0.00362  
6735.900000000001  0.00372  
6740.299999999999  0.00369  
6744.6  0.00355  
6748.9  0.00354  
6753.3  0.00369  
6757.6  0.00386  
6762.0  0.00387  
6766.3  0.00382  
6770.700000000001  0.00375  
6775.0  0.00384  
6779.400000000001  0.00392  
6783.7  0.00383  
6788.099999999999  0.00381  
6792.4  0.00387  
6796.799999999999  0.00388  
6801.1  0.00393  
6805.5  0.00401  
6809.8  0.00403  
6814.2  0.00393  
6818.5  0.00392  
6822.9  0.00405  
6827.200000000001  0.00402  
6831.599999999999  0.00398  
6835.900000000001  0.00402  
6840.299999999999  0.00404  
6844.6  0.00408  
6849.0  0.00418  
6853.3  0.00421  
6857.7  0.0041  
6862.0  0.00411  
6866.4  0.00421  
6870.700000000001  0.00428  
6875.1  0.00452  
6879.5  0.00483  
6883.8  0.0051  
6888.200000000001  0.00554  
6892.5  0.00627  
6896.900000000001  0.00722  
6901.2  0.00838  
6905.599999999999  0.00996  
6910.0  0.01202  
6914.299999999999  0.015  
6918.7  0.01936  
6923.0  0.0256  
6927.4  0.03382  
6931.799999999999  0.04466  
6936.1  0.05893  
6940.5  0.07677  
6944.8  0.09859  
6949.2  0.12494  
6953.6  0.15582  
6957.9  0.19181  
6962.3  0.23334  
6966.599999999999  0.28039  
6971.0  0.33287  
6975.4  0.38923  
6979.700000000001  0.44823  
6984.099999999999  0.50935  
6988.5  0.5703  
6992.799999999999  0.62836  
6997.200000000001  0.68164  
7001.599999999999  0.72789  
7005.900000000001  0.76573  
7010.299999999999  0.79515  
7014.700000000001  0.81791  
7019.0  0.83591  
7023.400000000001  0.84967  
7027.799999999999  0.86028  
7032.1  0.86951  
7036.5  0.87736  
7040.900000000001  0.88419  
7045.2  0.89049  
7049.6  0.8961  
7054.0  0.90175  
7058.3  0.90705  
7062.7  0.911  
7067.1  0.91439  
7071.5  0.91765  
7075.8  0.92017  
7080.2  0.92222  
7084.6  0.92443  
7088.9  0.92609  
7093.3  0.92682  
7097.7  0.92731  
7102.1  0.92799  
7106.4  0.92867  
7110.8  0.92866  
7115.2  0.92802  
7119.6  0.92769  
7123.9  0.92742  
7128.3  0.9262  
7132.7  0.9241  
7137.1  0.92194  
7141.4  0.92063  
7145.8  0.91957  
7150.2  0.91758  
7154.6  0.91501  
7159.0  0.91304  
7163.3  0.91194  
7167.7  0.91135  
7172.1  0.91085  
7176.5  0.9104  
7180.900000000001  0.91055  
7185.2  0.91106  
7189.6  0.91143  
7194.0  0.91186  
7198.400000000001  0.91261  
7202.799999999999  0.91357  
7207.1  0.91444  
7211.5  0.91509  
7215.900000000001  0.91571  
7220.299999999999  0.91658  
7224.700000000001  0.91752  
7229.099999999999  0.9184  
7233.400000000001  0.91894  
7237.799999999999  0.91939  
7242.200000000001  0.92069  
7246.599999999999  0.92281  
7251.0  0.9243  
7255.4  0.92511  
7259.700000000001  0.92644  
7264.099999999999  0.92801  
7268.5  0.9288  
7272.9  0.93001  
7277.3  0.93209  
7281.7  0.93338  
7286.1  0.93355  
7290.5  0.93398  
7294.9  0.93504  
7299.2  0.93587  
7303.6  0.93658  
7308.0  0.93703  
7312.4  0.93684  
7316.799999999999  0.93707  
7321.2  0.93829  
7325.599999999999  0.93896  
7330.0  0.93896  
7334.400000000001  0.93906  
7338.8  0.93916  
7343.099999999999  0.93881  
7347.5  0.93869  
7351.900000000001  0.93898  
7356.3  0.93882  
7360.700000000001  0.93827  
7365.1  0.93777  
7369.5  0.93742  
7373.9  0.93703  
7378.3  0.93648  
7382.7  0.93614  
7387.1  0.93608  
7391.5  0.93593  
7395.900000000001  0.93599  
7400.299999999999  0.93581  
7404.700000000001  0.93571  
7409.099999999999  0.93646  
7413.5  0.93693  
7417.9  0.93689  
7422.3  0.93721  
7426.7  0.93709  
7431.1  0.93683  
7435.5  0.93686  
7439.9  0.93636  
7444.299999999999  0.93594  
7448.7  0.93588  
7453.099999999999  0.93607  
7457.5  0.93608  
7461.900000000001  0.93548  
7466.3  0.93472  
7470.700000000001  0.93437  
7475.1  0.93437  
7479.5  0.93424  
7483.9  0.93391  
7488.3  0.93391  
7492.7  0.93416  
7497.1  0.93412  
7501.5  0.93352  
7505.900000000001  0.93328  
7510.299999999999  0.93427  
7514.700000000001  0.93485  
7519.099999999999  0.93452  
7523.5  0.93483  
7527.9  0.93534  
7532.3  0.93566  
7536.799999999999  0.93621  
7541.2  0.9363  
7545.599999999999  0.93658  
7550.0  0.93715  
7554.400000000001  0.93759  
7558.8  0.93832  
7563.200000000001  0.93895  
7567.6  0.93915  
7572.0  0.93917  
7576.4  0.94014  
7580.8  0.94146  
7585.299999999999  0.94164  
7589.700000000001  0.94183  
7594.099999999999  0.94245  
7598.5  0.94258  
7602.9  0.94253  
7607.3  0.94313  
7611.7  0.94363  
7616.1  0.94316  
7620.599999999999  0.94268  
7625.0  0.94241  
7629.400000000001  0.94235  
7633.8  0.94271  
7638.200000000001  0.94262  
7642.6  0.94217  
7647.0  0.94223  
7651.5  0.9426  
7655.900000000001  0.94263  
7660.299999999999  0.94267  
7664.700000000001  0.94291  
7669.099999999999  0.94283  
7673.5  0.94228  
7678.0  0.94213  
7682.4  0.9425  
7686.799999999999  0.94271  
7691.2  0.9423  
7695.599999999999  0.94126  
7700.0  0.94048  
7704.5  0.94023  
7708.9  0.93983  
7713.3  0.93957  
7717.7  0.9394  
7722.1  0.93878  
7726.599999999999  0.93784  
7731.0  0.93725  
7735.4  0.93755  
7739.8  0.93809  
7744.299999999999  0.93801  
7748.7  0.93777  
7753.099999999999  0.93828  
7757.5  0.93878  
7761.900000000001  0.93872  
7766.4  0.93869  
7770.8  0.93899  
7775.2  0.93939  
7779.6  0.93951  
7784.099999999999  0.93968  
7788.5  0.93962  
7792.9  0.93914  
7797.3  0.93928  
7801.799999999999  0.93963  
7806.2  0.9395  
7810.599999999999  0.93899  
7815.0  0.93847  
7819.5  0.93845  
7823.9  0.93842  
7828.3  0.93814  
7832.799999999999  0.93797  
7837.200000000001  0.93743  
7841.599999999999  0.93623  
7846.0  0.93557  
7850.5  0.93581  
7854.9  0.93626  
7859.299999999999  0.93634  
7863.8  0.93561  
7868.200000000001  0.93448  
7872.6  0.93362  
7877.1  0.93318  
7881.5  0.93299  
7885.900000000001  0.9328  
7890.4  0.93261  
7894.8  0.93297  
7899.2  0.93287  
7903.7  0.93204  
7908.099999999999  0.93183  
7912.5  0.93183  
7917.0  0.93179  
7921.4  0.93259  
7925.8  0.93323  
7930.299999999999  0.93363  
7934.700000000001  0.93421  
7939.099999999999  0.93452  
7943.6  0.93511  
7948.0  0.93622  
7952.4  0.9374  
7956.900000000001  0.93777  
7961.3  0.93772  
7965.700000000001  0.93836  
7970.2  0.93915  
7974.6  0.93947  
7979.099999999999  0.93995  
7983.5  0.94019  
7987.9  0.94052  
7992.4  0.94099  
7996.799999999999  0.94108  
8001.3  0.94175  
8005.700000000001  0.94188  
8010.1  0.94135  
8014.6  0.94117  
8019.0  0.94049  
8023.5  0.94007  
8027.9  0.94098  
8032.3  0.94103  
8036.799999999999  0.9401  
8041.2  0.93916  
8045.700000000001  0.93828  
8050.1  0.93807  
8054.6  0.93796  
8059.0  0.93737  
8063.400000000001  0.93681  
8067.9  0.93625  
8072.3  0.93566  
8076.799999999999  0.9352  
8081.2  0.93485  
8085.700000000001  0.93445  
8090.1  0.93338  
8094.6  0.93252  
8099.0  0.93269  
8103.5  0.93286  
8107.9  0.93226  
8112.3  0.93221  
8116.799999999999  0.93222  
8121.2  0.93152  
8125.700000000001  0.93177  
8130.1  0.93313  
8134.6  0.93346  
8139.0  0.93267  
8143.5  0.93255  
8147.9  0.9329  
8152.4  0.93321  
8156.799999999999  0.93327  
8161.3  0.93313  
8165.700000000001  0.93339  
8170.2  0.93387  
8174.6  0.93377  
8179.099999999999  0.93366  
8183.5  0.93393  
8188.0  0.93391  
8192.4  0.9335  
8196.900000000001  0.93343  
8201.4  0.93348  
8205.800000000001  0.93367  
8210.3  0.93395  
8214.7  0.9335  
8219.199999999999  0.93299  
8223.6  0.93308  
8228.099999999999  0.93312  
8232.5  0.93228  
8237.0  0.93054  
8241.4  0.92956  
8245.9  0.9296  
8250.3  0.92907  
8254.8  0.92822  
8259.3  0.92768  
8263.7  0.92688  
8268.2  0.92615  
8272.6  0.92575  
8277.1  0.92543  
8281.5  0.92509  
8286.0  0.92521  
8290.5  0.92547  
8294.9  0.92489  
8299.400000000001  0.92446  
8303.8  0.92536  
8308.300000000001  0.92656  
8312.8  0.92691  
8317.2  0.92704  
8321.699999999999  0.92769  
8326.1  0.928  
8330.599999999999  0.92809  
8335.1  0.92858  
8339.5  0.92859  
8344.0  0.92799  
8348.4  0.92785  
8352.9  0.92826  
8357.4  0.92827  
8361.8  0.92709  
8366.3  0.92601  
8370.800000000001  0.92616  
8375.2  0.92589  
8379.7  0.92503  
8384.199999999999  0.92449  
8388.6  0.92371  
8393.099999999999  0.92237  
8397.5  0.921  
8402.0  0.92012  
8406.5  0.91962  
8410.9  0.91893  
8415.4  0.9171  
8419.9  0.91419  
8424.3  0.91173  
8428.8  0.91  
8433.300000000001  0.90842  
8437.7  0.90677  
8442.2  0.90489  
8446.699999999999  0.90274  
8451.1  0.90053  
8455.599999999999  0.89849  
8460.1  0.89643  
8464.6  0.89393  
8469.0  0.89179  
8473.5  0.8897  
8478.0  0.88622  
8482.4  0.88147  
8486.900000000001  0.8761  
8491.4  0.87026  
8495.800000000001  0.8632  
8500.3  0.85432  
8504.8  0.84341  
8509.3  0.82938  
8513.7  0.81262  
8518.2  0.79326  
8522.7  0.77077  
8527.1  0.74507  
8531.6  0.71709  
8536.1  0.68679  
8540.599999999999  0.65354  
8545.0  0.61758  
8549.5  0.57954  
8554.0  0.5398  
8558.5  0.49808  
8562.9  0.4546  
8567.4  0.41032  
8571.900000000001  0.3655  
8576.4  0.32026  
8580.800000000001  0.27612  
8585.3  0.23455  
8589.8  0.19595  
8594.3  0.16092  
8598.7  0.1308  
8603.2  0.10628  
8607.7  0.0864  
8612.2  0.07041  
8616.699999999999  0.05842  
8621.1  0.04913  
8625.599999999999  0.04125  
8630.1  0.0351  
8634.6  0.03078  
8639.0  0.02713  
8643.5  0.02387  
8648.0  0.02136  
8652.5  0.01937  
8657.0  0.01757  
8661.4  0.01634  
8665.9  0.01535  
8670.4  0.01419  
8674.9  0.01316  
8679.400000000001  0.01233  
8683.8  0.01158  
8688.300000000001  0.01088  
8692.8  0.01031  
8697.3  0.00989  
8701.8  0.00962  
8706.3  0.00941  
8710.7  0.00922  
8715.2  0.00915  
8719.7  0.00911  
8724.199999999999  0.00886  
8728.7  0.00845  
8733.2  0.00797  
8737.6  0.00773  
8742.1  0.00779  
8746.6  0.00804  
8751.1  0.00812  
8755.599999999999  0.00787  
8760.1  0.00756  
8764.6  0.00767  
8769.0  0.00785  
8773.5  0.0081  
8778.0  0.00831  
8782.5  0.00816  
8787.0  0.00783  
8791.5  0.00755  
8796.0  0.00751  

