@MEASUREMENT_RADIUS 10.0 cm
#lambda:
#tr:
#end
6251.799999999999  0.00225  
6256.1  0.00223  
6260.4  0.00216  
6264.700000000001  0.00217  
6269.0  0.00229  
6273.3  0.00238  
6277.6  0.00224  
6281.900000000001  0.00215  
6286.2  0.00232  
6290.5  0.00248  
6294.8  0.00237  
6299.099999999999  0.00222  
6303.400000000001  0.00224  
6307.7  0.00237  
6312.0  0.00259  
6316.3  0.00256  
6320.599999999999  0.00239  
6325.0  0.00247  
6329.299999999999  0.0026  
6333.6  0.00259  
6337.9  0.00253  
6342.200000000001  0.00249  
6346.5  0.00264  
6350.8  0.00279  
6355.1  0.00273  
6359.400000000001  0.00266  
6363.7  0.00277  
6368.099999999999  0.0028  
6372.4  0.00274  
6376.7  0.00281  
6381.0  0.00288  
6385.299999999999  0.00286  
6389.6  0.00284  
6393.9  0.00289  
6398.200000000001  0.00294  
6402.6  0.00287  
6406.900000000001  0.00278  
6411.2  0.00288  
6415.5  0.00297  
6419.8  0.00296  
6424.099999999999  0.00291  
6428.5  0.00297  
6432.799999999999  0.00309  
6437.1  0.00301  
6441.4  0.00288  
6445.700000000001  0.00294  
6450.0  0.00307  
6454.400000000001  0.00316  
6458.7  0.00309  
6463.0  0.00305  
6467.3  0.00306  
6471.599999999999  0.00304  
6476.0  0.00306  
6480.299999999999  0.00308  
6484.6  0.00297  
6488.9  0.00288  
6493.3  0.00296  
6497.6  0.00302  
6501.900000000001  0.00295  
6506.2  0.00287  
6510.5  0.00291  
6514.9  0.00291  
6519.2  0.00287  
6523.5  0.00291  
6527.799999999999  0.00296  
6532.200000000001  0.00296  
6536.5  0.003  
6540.8  0.0031  
6545.2  0.00313  
6549.5  0.00297  
6553.8  0.00285  
6558.099999999999  0.00302  
6562.5  0.00308  
6566.799999999999  0.00296  
6571.1  0.00289  
6575.5  0.00288  
6579.8  0.00282  
6584.099999999999  0.00282  
6588.400000000001  0.00286  
6592.799999999999  0.00286  
6597.1  0.00289  
6601.4  0.00293  
6605.8  0.00297  
6610.1  0.003  
6614.400000000001  0.00306  
6618.8  0.00314  
6623.099999999999  0.00321  
6627.4  0.00317  
6631.799999999999  0.00312  
6636.1  0.00305  
6640.4  0.00316  
6644.8  0.00339  
6649.099999999999  0.00344  
6653.5  0.00334  
6657.799999999999  0.0034  
6662.1  0.00357  
6666.5  0.00352  
6670.8  0.00333  
6675.1  0.00336  
6679.5  0.0035  
6683.8  0.00359  
6688.200000000001  0.00362  
6692.5  0.00354  
6696.799999999999  0.0034  
6701.2  0.00348  
6705.5  0.00361  
6709.9  0.00358  
6714.2  0.00349  
6718.5  0.0035  
6722.9  0.00366  
6727.200000000001  0.00381  
6731.599999999999  0.00376  
6735.900000000001  0.00364  
6740.299999999999  0.00356  
6744.6  0.00361  
6748.9  0.00371  
6753.3  0.00374  
6757.6  0.00375  
6762.0  0.00382  
6766.3  0.00386  
6770.700000000001  0.00376  
6775.0  0.00372  
6779.400000000001  0.00382  
6783.7  0.00388  
6788.099999999999  0.00382  
6792.4  0.0038  
6796.799999999999  0.00392  
6801.1  0.00403  
6805.5  0.00398  
6809.8  0.0038  
6814.2  0.00374  
6818.5  0.00388  
6822.9  0.00401  
6827.200000000001  0.00409  
6831.599999999999  0.00409  
6835.900000000001  0.00394  
6840.299999999999  0.00384  
6844.6  0.00392  
6849.0  0.0041  
6853.3  0.00422  
6857.7  0.00418  
6862.0  0.00415  
6866.4  0.00428  
6870.700000000001  0.00443  
6875.1  0.00448  
6879.5  0.00471  
6883.8  0.00511  
6888.200000000001  0.00547  
6892.5  0.00594  
6896.900000000001  0.00686  
6901.2  0.00818  
6905.599999999999  0.0098  
6910.0  0.01194  
6914.299999999999  0.01516  
6918.7  0.01963  
6923.0  0.02568  
6927.4  0.03401  
6931.799999999999  0.04551  
6936.1  0.06028  
6940.5  0.07841  
6944.8  0.1005  
6949.2  0.12725  
6953.6  0.15887  
6957.9  0.19556  
6962.3  0.23746  
6966.599999999999  0.2847  
6971.0  0.33703  
6975.4  0.39334  
6979.700000000001  0.45281  
6984.099999999999  0.51417  
6988.5  0.57487  
6992.799999999999  0.63246  
6997.200000000001  0.68503  
7001.599999999999  0.73012  
7005.900000000001  0.7666  
7010.299999999999  0.79499  
7014.700000000001  0.81671  
7019.0  0.83365  
7023.400000000001  0.84709  
7027.799999999999  0.85756  
7032.1  0.86639  
7036.5  0.87433  
7040.900000000001  0.88142  
7045.2  0.8878  
7049.6  0.89382  
7054.0  0.89944  
7058.3  0.90414  
7062.7  0.90779  
7067.1  0.91084  
7071.5  0.91356  
7075.8  0.91552  
7080.2  0.91681  
7084.6  0.91817  
7088.9  0.91924  
7093.3  0.91996  
7097.7  0.92056  
7102.1  0.92067  
7106.4  0.92029  
7110.8  0.91971  
7115.2  0.91968  
7119.6  0.91993  
7123.9  0.91939  
7128.3  0.91845  
7132.7  0.9173  
7137.1  0.91559  
7141.4  0.91431  
7145.8  0.9136  
7150.2  0.91197  
7154.6  0.90974  
7159.0  0.90868  
7163.3  0.90835  
7167.7  0.90734  
7172.1  0.90593  
7176.5  0.905  
7180.900000000001  0.90482  
7185.2  0.90513  
7189.6  0.90538  
7194.0  0.90494  
7198.400000000001  0.90468  
7202.799999999999  0.90566  
7207.1  0.90664  
7211.5  0.90642  
7215.900000000001  0.90658  
7220.299999999999  0.90805  
7224.700000000001  0.90937  
7229.099999999999  0.91064  
7233.400000000001  0.91224  
7237.799999999999  0.91362  
7242.200000000001  0.91552  
7246.599999999999  0.91848  
7251.0  0.92099  
7255.4  0.92247  
7259.700000000001  0.92418  
7264.099999999999  0.92602  
7268.5  0.92755  
7272.9  0.92923  
7277.3  0.93044  
7281.7  0.93111  
7286.1  0.93141  
7290.5  0.93147  
7294.9  0.93195  
7299.2  0.93188  
7303.6  0.93142  
7308.0  0.93148  
7312.4  0.93132  
7316.799999999999  0.93055  
7321.2  0.9302  
7325.599999999999  0.93029  
7330.0  0.93009  
7334.400000000001  0.92984  
7338.8  0.92994  
7343.099999999999  0.92999  
7347.5  0.93009  
7351.900000000001  0.93021  
7356.3  0.93052  
7360.700000000001  0.93049  
7365.1  0.92987  
7369.5  0.92972  
7373.9  0.93041  
7378.3  0.93102  
7382.7  0.93104  
7387.1  0.93101  
7391.5  0.93111  
7395.900000000001  0.93178  
7400.299999999999  0.93183  
7404.700000000001  0.93076  
7409.099999999999  0.9304  
7413.5  0.93106  
7417.9  0.93135  
7422.3  0.93108  
7426.7  0.9309  
7431.1  0.93076  
7435.5  0.93019  
7439.9  0.92908  
7444.299999999999  0.92794  
7448.7  0.92754  
7453.099999999999  0.92787  
7457.5  0.92773  
7461.900000000001  0.92717  
7466.3  0.92691  
7470.700000000001  0.92715  
7475.1  0.92741  
7479.5  0.92751  
7483.9  0.9278  
7488.3  0.92808  
7492.7  0.9283  
7497.1  0.92828  
7501.5  0.92804  
7505.900000000001  0.92836  
7510.299999999999  0.92927  
7514.700000000001  0.92979  
7519.099999999999  0.92962  
7523.5  0.92913  
7527.9  0.92891  
7532.3  0.92917  
7536.799999999999  0.92973  
7541.2  0.9302  
7545.599999999999  0.93026  
7550.0  0.92991  
7554.400000000001  0.93021  
7558.8  0.93144  
7563.200000000001  0.93214  
7567.6  0.93216  
7572.0  0.93258  
7576.4  0.93359  
7580.8  0.93429  
7585.299999999999  0.93465  
7589.700000000001  0.93516  
7594.099999999999  0.93562  
7598.5  0.9357  
7602.9  0.93536  
7607.3  0.93579  
7611.7  0.9362  
7616.1  0.93583  
7620.599999999999  0.93564  
7625.0  0.93547  
7629.400000000001  0.93541  
7633.8  0.93554  
7638.200000000001  0.93514  
7642.6  0.93433  
7647.0  0.93398  
7651.5  0.93401  
7655.900000000001  0.93406  
7660.299999999999  0.93409  
7664.700000000001  0.9338  
7669.099999999999  0.93311  
7673.5  0.93249  
7678.0  0.93254  
7682.4  0.93283  
7686.799999999999  0.93285  
7691.2  0.93279  
7695.599999999999  0.93253  
7700.0  0.9325  
7704.5  0.93265  
7708.9  0.93226  
7713.3  0.93179  
7717.7  0.932  
7722.1  0.93248  
7726.599999999999  0.93231  
7731.0  0.9316  
7735.4  0.93144  
7739.8  0.93183  
7744.299999999999  0.93145  
7748.7  0.93078  
7753.099999999999  0.93074  
7757.5  0.93002  
7761.900000000001  0.92901  
7766.4  0.92899  
7770.8  0.92898  
7775.2  0.92844  
7779.6  0.92739  
7784.099999999999  0.92627  
7788.5  0.92536  
7792.9  0.92448  
7797.3  0.9237  
7801.799999999999  0.92304  
7806.2  0.9231  
7810.599999999999  0.92321  
7815.0  0.92317  
7819.5  0.9235  
7823.9  0.92358  
7828.3  0.92349  
7832.799999999999  0.92403  
7837.200000000001  0.92455  
7841.599999999999  0.92475  
7846.0  0.92551  
7850.5  0.92664  
7854.9  0.92737  
7859.299999999999  0.92792  
7863.8  0.92848  
7868.200000000001  0.92906  
7872.6  0.92956  
7877.1  0.92953  
7881.5  0.92983  
7885.900000000001  0.93078  
7890.4  0.93122  
7894.8  0.93098  
7899.2  0.9311  
7903.7  0.93172  
7908.099999999999  0.93136  
7912.5  0.93069  
7917.0  0.93093  
7921.4  0.93197  
7925.8  0.93211  
7930.299999999999  0.93115  
7934.700000000001  0.93098  
7939.099999999999  0.93163  
7943.6  0.93225  
7948.0  0.93231  
7952.4  0.93183  
7956.900000000001  0.93118  
7961.3  0.93097  
7965.700000000001  0.93146  
7970.2  0.93201  
7974.6  0.93156  
7979.099999999999  0.93093  
7983.5  0.93091  
7987.9  0.93103  
7992.4  0.93058  
7996.799999999999  0.92979  
8001.3  0.93018  
8005.700000000001  0.93066  
8010.1  0.93001  
8014.6  0.92939  
8019.0  0.92899  
8023.5  0.9285  
8027.9  0.92824  
8032.3  0.92751  
8036.799999999999  0.92678  
8041.2  0.92707  
8045.700000000001  0.92699  
8050.1  0.92585  
8054.6  0.92469  
8059.0  0.92419  
8063.400000000001  0.92391  
8067.9  0.92354  
8072.3  0.92333  
8076.799999999999  0.92332  
8081.2  0.92285  
8085.700000000001  0.92253  
8090.1  0.92259  
8094.6  0.92221  
8099.0  0.92207  
8103.5  0.92292  
8107.9  0.9231  
8112.3  0.92262  
8116.799999999999  0.92318  
8121.2  0.92412  
8125.700000000001  0.92415  
8130.1  0.92357  
8134.6  0.92328  
8139.0  0.92369  
8143.5  0.92373  
8147.9  0.92319  
8152.4  0.92289  
8156.799999999999  0.92253  
8161.3  0.92184  
8165.700000000001  0.92126  
8170.2  0.92081  
8174.6  0.92062  
8179.099999999999  0.92067  
8183.5  0.91999  
8188.0  0.91903  
8192.4  0.91888  
8196.900000000001  0.91933  
8201.4  0.91973  
8205.800000000001  0.92013  
8210.3  0.91968  
8214.7  0.91803  
8219.199999999999  0.91746  
8223.6  0.91858  
8228.099999999999  0.91887  
8232.5  0.91739  
8237.0  0.91631  
8241.4  0.91663  
8245.9  0.91659  
8250.3  0.91562  
8254.8  0.91521  
8259.3  0.91539  
8263.7  0.91488  
8268.2  0.91447  
8272.6  0.9147  
8277.1  0.91492  
8281.5  0.91506  
8286.0  0.91494  
8290.5  0.9147  
8294.9  0.91479  
8299.400000000001  0.91502  
8303.8  0.91485  
8308.300000000001  0.91478  
8312.8  0.91498  
8317.2  0.91489  
8321.699999999999  0.91417  
8326.1  0.91322  
8330.599999999999  0.91298  
8335.1  0.91282  
8339.5  0.91183  
8344.0  0.91087  
8348.4  0.91073  
8352.9  0.91022  
8357.4  0.9088  
8361.8  0.90758  
8366.3  0.90703  
8370.800000000001  0.90653  
8375.2  0.90604  
8379.7  0.90547  
8384.199999999999  0.90435  
8388.6  0.90364  
8393.099999999999  0.90303  
8397.5  0.90164  
8402.0  0.89995  
8406.5  0.89856  
8410.9  0.89768  
8415.4  0.8959  
8419.9  0.89348  
8424.3  0.89191  
8428.8  0.89003  
8433.300000000001  0.88745  
8437.7  0.88529  
8442.2  0.88308  
8446.699999999999  0.88015  
8451.1  0.87719  
8455.599999999999  0.87407  
8460.1  0.87029  
8464.6  0.8661  
8469.0  0.8613  
8473.5  0.85572  
8478.0  0.84902  
8482.4  0.84063  
8486.900000000001  0.83049  
8491.4  0.81884  
8495.800000000001  0.80493  
8500.3  0.78769  
8504.8  0.76739  
8509.3  0.74444  
8513.7  0.71907  
8518.2  0.69058  
8522.7  0.65918  
8527.1  0.62552  
8531.6  0.58984  
8536.1  0.55176  
8540.599999999999  0.51202  
8545.0  0.4718  
8549.5  0.43021  
8554.0  0.38714  
8558.5  0.34407  
8562.9  0.30149  
8567.4  0.25974  
8571.900000000001  0.22038  
8576.4  0.1846  
8580.800000000001  0.15292  
8585.3  0.12552  
8589.8  0.1021  
8594.3  0.08239  
8598.7  0.06664  
8603.2  0.05473  
8607.7  0.04559  
8612.2  0.03844  
8616.699999999999  0.033  
8621.1  0.02876  
8625.599999999999  0.02545  
8630.1  0.0229  
8634.6  0.02057  
8639.0  0.01833  
8643.5  0.01691  
8648.0  0.01581  
8652.5  0.01456  
8657.0  0.0133  
8661.4  0.01228  
8665.9  0.01144  
8670.4  0.01077  
8674.9  0.01023  
8679.400000000001  0.00974  
8683.8  0.00925  
8688.300000000001  0.00898  
8692.8  0.00897  
8697.3  0.00868  
8701.8  0.00825  
8706.3  0.00802  
8710.7  0.00782  
8715.2  0.00777  
8719.7  0.00774  
8724.199999999999  0.00747  
8728.7  0.00718  
8733.2  0.00729  
8737.6  0.00751  
8742.1  0.00736  
8746.6  0.00708  
8751.1  0.00701  
8755.599999999999  0.0072  
8760.1  0.00738  
8764.6  0.00746  
8769.0  0.0074  
8773.5  0.00738  
8778.0  0.00747  
8782.5  0.00765  
8787.0  0.00754  
8791.5  0.00731  
8796.0  0.00721  

