@MEASUREMENT_RADIUS 18.0 cm
#lambda:
#tr:
#end
6251.799999999999  0.0022  
6256.1  0.00209  
6260.4  0.00217  
6264.700000000001  0.00218  
6269.0  0.00209  
6273.3  0.00209  
6277.6  0.00218  
6281.900000000001  0.00223  
6286.2  0.00233  
6290.5  0.00244  
6294.8  0.00241  
6299.099999999999  0.00226  
6303.400000000001  0.00226  
6307.7  0.00245  
6312.0  0.00266  
6316.3  0.00253  
6320.599999999999  0.00234  
6325.0  0.00243  
6329.299999999999  0.00261  
6333.6  0.00269  
6337.9  0.00256  
6342.200000000001  0.00251  
6346.5  0.00276  
6350.8  0.00296  
6355.1  0.00281  
6359.400000000001  0.00258  
6363.7  0.00273  
6368.099999999999  0.00291  
6372.4  0.00281  
6376.7  0.00269  
6381.0  0.00277  
6385.299999999999  0.00293  
6389.6  0.00303  
6393.9  0.00294  
6398.200000000001  0.00282  
6402.6  0.00289  
6406.900000000001  0.00306  
6411.2  0.00307  
6415.5  0.00294  
6419.8  0.00287  
6424.099999999999  0.00295  
6428.5  0.00289  
6432.799999999999  0.0028  
6437.1  0.003  
6441.4  0.00315  
6445.700000000001  0.00305  
6450.0  0.00294  
6454.400000000001  0.00292  
6458.7  0.00288  
6463.0  0.00293  
6467.3  0.00306  
6471.599999999999  0.00308  
6476.0  0.00297  
6480.299999999999  0.00296  
6484.6  0.00299  
6488.9  0.00293  
6493.3  0.0029  
6497.6  0.00295  
6501.900000000001  0.003  
6506.2  0.00302  
6510.5  0.00298  
6514.9  0.00296  
6519.2  0.00303  
6523.5  0.00314  
6527.799999999999  0.00318  
6532.200000000001  0.00308  
6536.5  0.00294  
6540.8  0.00291  
6545.2  0.00296  
6549.5  0.00303  
6553.8  0.00297  
6558.099999999999  0.00301  
6562.5  0.00306  
6566.799999999999  0.00298  
6571.1  0.0029  
6575.5  0.00293  
6579.8  0.003  
6584.099999999999  0.00307  
6588.400000000001  0.00313  
6592.799999999999  0.00304  
6597.1  0.0028  
6601.4  0.0028  
6605.8  0.00306  
6610.1  0.00329  
6614.400000000001  0.00325  
6618.8  0.00299  
6623.099999999999  0.00297  
6627.4  0.00316  
6631.799999999999  0.0032  
6636.1  0.00306  
6640.4  0.00313  
6644.8  0.00325  
6649.099999999999  0.0032  
6653.5  0.00318  
6657.799999999999  0.00333  
6662.1  0.00339  
6666.5  0.00332  
6670.8  0.00335  
6675.1  0.00348  
6679.5  0.0035  
6683.8  0.00344  
6688.200000000001  0.00338  
6692.5  0.00343  
6696.799999999999  0.00351  
6701.2  0.00363  
6705.5  0.00362  
6709.9  0.00349  
6714.2  0.00351  
6718.5  0.00367  
6722.9  0.00368  
6727.200000000001  0.00358  
6731.599999999999  0.00364  
6735.900000000001  0.00377  
6740.299999999999  0.00379  
6744.6  0.00381  
6748.9  0.00377  
6753.3  0.00366  
6757.6  0.00371  
6762.0  0.0038  
6766.3  0.00382  
6770.700000000001  0.00375  
6775.0  0.00388  
6779.400000000001  0.00398  
6783.7  0.00386  
6788.099999999999  0.00389  
6792.4  0.00402  
6796.799999999999  0.00404  
6801.1  0.00402  
6805.5  0.00395  
6809.8  0.00383  
6814.2  0.00386  
6818.5  0.00401  
6822.9  0.00402  
6827.200000000001  0.00392  
6831.599999999999  0.00398  
6835.900000000001  0.00409  
6840.299999999999  0.00408  
6844.6  0.00391  
6849.0  0.00394  
6853.3  0.0041  
6857.7  0.00417  
6862.0  0.00415  
6866.4  0.00421  
6870.700000000001  0.00445  
6875.1  0.00463  
6879.5  0.00478  
6883.8  0.0051  
6888.200000000001  0.00552  
6892.5  0.00601  
6896.900000000001  0.00674  
6901.2  0.00783  
6905.599999999999  0.00955  
6910.0  0.01176  
6914.299999999999  0.0146  
6918.7  0.01866  
6923.0  0.02459  
6927.4  0.03263  
6931.799999999999  0.04325  
6936.1  0.05712  
6940.5  0.0746  
6944.8  0.09593  
6949.2  0.1217  
6953.6  0.15209  
6957.9  0.18752  
6962.3  0.22861  
6966.599999999999  0.27522  
6971.0  0.32665  
6975.4  0.382  
6979.700000000001  0.44098  
6984.099999999999  0.50253  
6988.5  0.56382  
6992.799999999999  0.6219  
6997.200000000001  0.67539  
7001.599999999999  0.72269  
7005.900000000001  0.76178  
7010.299999999999  0.79197  
7014.700000000001  0.81479  
7019.0  0.83292  
7023.400000000001  0.8473  
7027.799999999999  0.85822  
7032.1  0.86745  
7036.5  0.8753  
7040.900000000001  0.88216  
7045.2  0.8888  
7049.6  0.89524  
7054.0  0.90089  
7058.3  0.90544  
7062.7  0.90936  
7067.1  0.91319  
7071.5  0.917  
7075.8  0.92004  
7080.2  0.92225  
7084.6  0.9241  
7088.9  0.92521  
7093.3  0.92566  
7097.7  0.9265  
7102.1  0.92771  
7106.4  0.92824  
7110.8  0.92804  
7115.2  0.92755  
7119.6  0.92699  
7123.9  0.92661  
7128.3  0.92579  
7132.7  0.92371  
7137.1  0.92115  
7141.4  0.91968  
7145.8  0.91862  
7150.2  0.91624  
7154.6  0.91372  
7159.0  0.91257  
7163.3  0.91203  
7167.7  0.91128  
7172.1  0.91027  
7176.5  0.90931  
7180.900000000001  0.90938  
7185.2  0.91044  
7189.6  0.91089  
7194.0  0.91117  
7198.400000000001  0.91252  
7202.799999999999  0.91367  
7207.1  0.9137  
7211.5  0.91379  
7215.900000000001  0.91459  
7220.299999999999  0.91572  
7224.700000000001  0.91645  
7229.099999999999  0.91705  
7233.400000000001  0.91822  
7237.799999999999  0.91911  
7242.200000000001  0.92024  
7246.599999999999  0.92219  
7251.0  0.92365  
7255.4  0.92456  
7259.700000000001  0.92558  
7264.099999999999  0.92673  
7268.5  0.92779  
7272.9  0.92936  
7277.3  0.93127  
7281.7  0.93247  
7286.1  0.93296  
7290.5  0.93389  
7294.9  0.93541  
7299.2  0.93617  
7303.6  0.9361  
7308.0  0.93609  
7312.4  0.93652  
7316.799999999999  0.93714  
7321.2  0.93792  
7325.599999999999  0.93843  
7330.0  0.93872  
7334.400000000001  0.9388  
7338.8  0.93875  
7343.099999999999  0.93855  
7347.5  0.93837  
7351.900000000001  0.938  
7356.3  0.93756  
7360.700000000001  0.93732  
7365.1  0.93694  
7369.5  0.93624  
7373.9  0.93583  
7378.3  0.93554  
7382.7  0.93493  
7387.1  0.93477  
7391.5  0.93506  
7395.900000000001  0.93526  
7400.299999999999  0.93493  
7404.700000000001  0.93449  
7409.099999999999  0.93488  
7413.5  0.93548  
7417.9  0.93579  
7422.3  0.93629  
7426.7  0.93663  
7431.1  0.9366  
7435.5  0.93651  
7439.9  0.93622  
7444.299999999999  0.93575  
7448.7  0.93571  
7453.099999999999  0.93535  
7457.5  0.93429  
7461.900000000001  0.9338  
7466.3  0.93403  
7470.700000000001  0.93425  
7475.1  0.93351  
7479.5  0.9324  
7483.9  0.93225  
7488.3  0.93279  
7492.7  0.93294  
7497.1  0.93267  
7501.5  0.93267  
7505.900000000001  0.93324  
7510.299999999999  0.93379  
7514.700000000001  0.93368  
7519.099999999999  0.93344  
7523.5  0.93411  
7527.9  0.93497  
7532.3  0.93539  
7536.799999999999  0.9358  
7541.2  0.93569  
7545.599999999999  0.93565  
7550.0  0.93652  
7554.400000000001  0.93729  
7558.8  0.93761  
7563.200000000001  0.93799  
7567.6  0.9384  
7572.0  0.93879  
7576.4  0.93951  
7580.8  0.94003  
7585.299999999999  0.94014  
7589.700000000001  0.94074  
7594.099999999999  0.94121  
7598.5  0.94145  
7602.9  0.94178  
7607.3  0.94189  
7611.7  0.94191  
7616.1  0.94182  
7620.599999999999  0.94216  
7625.0  0.94265  
7629.400000000001  0.94218  
7633.8  0.94185  
7638.200000000001  0.94186  
7642.6  0.94158  
7647.0  0.94153  
7651.5  0.94173  
7655.900000000001  0.94196  
7660.299999999999  0.94226  
7664.700000000001  0.94242  
7669.099999999999  0.94213  
7673.5  0.9418  
7678.0  0.94174  
7682.4  0.94126  
7686.799999999999  0.94104  
7691.2  0.9413  
7695.599999999999  0.9407  
7700.0  0.94001  
7704.5  0.93971  
7708.9  0.93867  
7713.3  0.93763  
7717.7  0.93791  
7722.1  0.93798  
7726.599999999999  0.93686  
7731.0  0.93603  
7735.4  0.93616  
7739.8  0.93671  
7744.299999999999  0.9371  
7748.7  0.93706  
7753.099999999999  0.93724  
7757.5  0.93791  
7761.900000000001  0.9382  
7766.4  0.93811  
7770.8  0.93816  
7775.2  0.93864  
7779.6  0.939  
7784.099999999999  0.93898  
7788.5  0.93862  
7792.9  0.93823  
7797.3  0.93834  
7801.799999999999  0.93862  
7806.2  0.93885  
7810.599999999999  0.93822  
7815.0  0.93735  
7819.5  0.93724  
7823.9  0.93708  
7828.3  0.93642  
7832.799999999999  0.93598  
7837.200000000001  0.93571  
7841.599999999999  0.93511  
7846.0  0.93461  
7850.5  0.93434  
7854.9  0.93383  
7859.299999999999  0.93322  
7863.8  0.93278  
7868.200000000001  0.9325  
7872.6  0.93237  
7877.1  0.93224  
7881.5  0.9321  
7885.900000000001  0.93182  
7890.4  0.93126  
7894.8  0.931  
7899.2  0.93126  
7903.7  0.93142  
7908.099999999999  0.93132  
7912.5  0.93138  
7917.0  0.93151  
7921.4  0.93201  
7925.8  0.93246  
7930.299999999999  0.93283  
7934.700000000001  0.93309  
7939.099999999999  0.93328  
7943.6  0.93467  
7948.0  0.93658  
7952.4  0.93724  
7956.900000000001  0.93704  
7961.3  0.93725  
7965.700000000001  0.93759  
7970.2  0.93798  
7974.6  0.93875  
7979.099999999999  0.93972  
7983.5  0.94036  
7987.9  0.94016  
7992.4  0.93954  
7996.799999999999  0.93992  
8001.3  0.94129  
8005.700000000001  0.94114  
8010.1  0.93986  
8014.6  0.93966  
8019.0  0.93975  
8023.5  0.93951  
8027.9  0.93984  
8032.3  0.93977  
8036.799999999999  0.9393  
8041.2  0.93849  
8045.700000000001  0.93742  
8050.1  0.93702  
8054.6  0.9369  
8059.0  0.93658  
8063.400000000001  0.93618  
8067.9  0.93544  
8072.3  0.93392  
8076.799999999999  0.9329  
8081.2  0.93271  
8085.700000000001  0.93207  
8090.1  0.93104  
8094.6  0.93078  
8099.0  0.93151  
8103.5  0.93223  
8107.9  0.93163  
8112.3  0.93088  
8116.799999999999  0.93081  
8121.2  0.9302  
8125.700000000001  0.9303  
8130.1  0.93145  
8134.6  0.93155  
8139.0  0.93104  
8143.5  0.93134  
8147.9  0.9316  
8152.4  0.93176  
8156.799999999999  0.93207  
8161.3  0.93195  
8165.700000000001  0.93167  
8170.2  0.93205  
8174.6  0.93304  
8179.099999999999  0.93346  
8183.5  0.93265  
8188.0  0.9319  
8192.4  0.93179  
8196.900000000001  0.93189  
8201.4  0.93215  
8205.800000000001  0.93237  
8210.3  0.93209  
8214.7  0.93153  
8219.199999999999  0.93128  
8223.6  0.93143  
8228.099999999999  0.93106  
8232.5  0.92999  
8237.0  0.92909  
8241.4  0.92841  
8245.9  0.92767  
8250.3  0.92646  
8254.8  0.92565  
8259.3  0.92541  
8263.7  0.92476  
8268.2  0.92443  
8272.6  0.92413  
8277.1  0.92383  
8281.5  0.92354  
8286.0  0.92283  
8290.5  0.92249  
8294.9  0.923  
8299.400000000001  0.92362  
8303.8  0.92421  
8308.300000000001  0.92476  
8312.8  0.92505  
8317.2  0.92501  
8321.699999999999  0.92528  
8326.1  0.92633  
8330.599999999999  0.92724  
8335.1  0.9272  
8339.5  0.92644  
8344.0  0.926  
8348.4  0.92609  
8352.9  0.92624  
8357.4  0.92648  
8361.8  0.92598  
8366.3  0.92436  
8370.800000000001  0.92341  
8375.2  0.92344  
8379.7  0.92271  
8384.199999999999  0.92156  
8388.6  0.92115  
8393.099999999999  0.92041  
8397.5  0.91894  
8402.0  0.91748  
8406.5  0.91631  
8410.9  0.91515  
8415.4  0.91303  
8419.9  0.91036  
8424.3  0.90893  
8428.8  0.90814  
8433.300000000001  0.90612  
8437.7  0.90363  
8442.2  0.90161  
8446.699999999999  0.89964  
8451.1  0.8977  
8455.599999999999  0.89557  
8460.1  0.89314  
8464.6  0.89099  
8469.0  0.88865  
8473.5  0.88536  
8478.0  0.88169  
8482.4  0.878  
8486.900000000001  0.87259  
8491.4  0.865  
8495.800000000001  0.85679  
8500.3  0.84819  
8504.8  0.8375  
8509.3  0.8229  
8513.7  0.8049  
8518.2  0.78426  
8522.7  0.76134  
8527.1  0.73564  
8531.6  0.70656  
8536.1  0.67454  
8540.599999999999  0.64018  
8545.0  0.6039  
8549.5  0.56599  
8554.0  0.5261  
8558.5  0.48415  
8562.9  0.4409  
8567.4  0.39631  
8571.900000000001  0.35099  
8576.4  0.30624  
8580.800000000001  0.26325  
8585.3  0.22275  
8589.8  0.18522  
8594.3  0.15209  
8598.7  0.12377  
8603.2  0.09996  
8607.7  0.08131  
8612.2  0.06704  
8616.699999999999  0.05553  
8621.1  0.04611  
8625.599999999999  0.03896  
8630.1  0.03353  
8634.6  0.02931  
8639.0  0.02601  
8643.5  0.02346  
8648.0  0.0212  
8652.5  0.0192  
8657.0  0.01753  
8661.4  0.01612  
8665.9  0.0149  
8670.4  0.01361  
8674.9  0.01233  
8679.400000000001  0.01168  
8683.8  0.01143  
8688.300000000001  0.01102  
8692.8  0.01043  
8697.3  0.01009  
8701.8  0.0097  
8706.3  0.00907  
8710.7  0.00895  
8715.2  0.00903  
8719.7  0.00877  
8724.199999999999  0.00861  
8728.7  0.00852  
8733.2  0.00815  
8737.6  0.00792  
8742.1  0.00804  
8746.6  0.00827  
8751.1  0.00809  
8755.599999999999  0.00776  
8760.1  0.00755  
8764.6  0.00771  
8769.0  0.00788  
8773.5  0.00789  
8778.0  0.00785  
8782.5  0.00783  
8787.0  0.00773  
8791.5  0.00759  
8796.0  0.00767  

