@MEASUREMENT_RADIUS 14.0 cm
#lambda:
#tr:
#end
6251.799999999999  0.00205  
6256.1  0.00219  
6260.4  0.00228  
6264.700000000001  0.0022  
6269.0  0.00214  
6273.3  0.00221  
6277.6  0.0023  
6281.900000000001  0.00233  
6286.2  0.00242  
6290.5  0.0024  
6294.8  0.00224  
6299.099999999999  0.00217  
6303.400000000001  0.0022  
6307.7  0.0022  
6312.0  0.00224  
6316.3  0.00241  
6320.599999999999  0.00261  
6325.0  0.00252  
6329.299999999999  0.00236  
6333.6  0.00251  
6337.9  0.00261  
6342.200000000001  0.00242  
6346.5  0.00246  
6350.8  0.00273  
6355.1  0.00281  
6359.400000000001  0.0028  
6363.7  0.00273  
6368.099999999999  0.00263  
6372.4  0.00273  
6376.7  0.0028  
6381.0  0.00278  
6385.299999999999  0.0028  
6389.6  0.00293  
6393.9  0.00308  
6398.200000000001  0.00301  
6402.6  0.00285  
6406.900000000001  0.00288  
6411.2  0.00303  
6415.5  0.00314  
6419.8  0.00308  
6424.099999999999  0.0029  
6428.5  0.00285  
6432.799999999999  0.00298  
6437.1  0.00308  
6441.4  0.00308  
6445.700000000001  0.00307  
6450.0  0.00305  
6454.400000000001  0.00312  
6458.7  0.00306  
6463.0  0.00289  
6467.3  0.00297  
6471.599999999999  0.00315  
6476.0  0.00308  
6480.299999999999  0.00295  
6484.6  0.00293  
6488.9  0.00302  
6493.3  0.00306  
6497.6  0.00295  
6501.900000000001  0.00289  
6506.2  0.00295  
6510.5  0.00299  
6514.9  0.00296  
6519.2  0.00297  
6523.5  0.00304  
6527.799999999999  0.00324  
6532.200000000001  0.00316  
6536.5  0.00298  
6540.8  0.00304  
6545.2  0.00303  
6549.5  0.00294  
6553.8  0.00302  
6558.099999999999  0.00314  
6562.5  0.00301  
6566.799999999999  0.00282  
6571.1  0.00288  
6575.5  0.00307  
6579.8  0.00309  
6584.099999999999  0.00295  
6588.400000000001  0.00288  
6592.799999999999  0.00295  
6597.1  0.00295  
6601.4  0.00293  
6605.8  0.00299  
6610.1  0.00305  
6614.400000000001  0.00308  
6618.8  0.00309  
6623.099999999999  0.00309  
6627.4  0.00305  
6631.799999999999  0.00308  
6636.1  0.0032  
6640.4  0.00338  
6644.8  0.00345  
6649.099999999999  0.00332  
6653.5  0.00323  
6657.799999999999  0.00322  
6662.1  0.00323  
6666.5  0.00327  
6670.8  0.0033  
6675.1  0.00333  
6679.5  0.00336  
6683.8  0.00351  
6688.200000000001  0.0036  
6692.5  0.0035  
6696.799999999999  0.00348  
6701.2  0.00357  
6705.5  0.00358  
6709.9  0.00353  
6714.2  0.00346  
6718.5  0.00352  
6722.9  0.00363  
6727.200000000001  0.00366  
6731.599999999999  0.0036  
6735.900000000001  0.00353  
6740.299999999999  0.00358  
6744.6  0.00376  
6748.9  0.00377  
6753.3  0.00366  
6757.6  0.00376  
6762.0  0.00388  
6766.3  0.00381  
6770.700000000001  0.00371  
6775.0  0.00374  
6779.400000000001  0.00384  
6783.7  0.00391  
6788.099999999999  0.00389  
6792.4  0.00383  
6796.799999999999  0.00385  
6801.1  0.00389  
6805.5  0.00391  
6809.8  0.00402  
6814.2  0.00412  
6818.5  0.00406  
6822.9  0.00388  
6827.200000000001  0.00386  
6831.599999999999  0.00405  
6835.900000000001  0.0042  
6840.299999999999  0.00415  
6844.6  0.00399  
6849.0  0.0039  
6853.3  0.004  
6857.7  0.00415  
6862.0  0.0042  
6866.4  0.00424  
6870.700000000001  0.0044  
6875.1  0.00462  
6879.5  0.00476  
6883.8  0.00496  
6888.200000000001  0.00534  
6892.5  0.006  
6896.900000000001  0.00685  
6901.2  0.00783  
6905.599999999999  0.00931  
6910.0  0.01143  
6914.299999999999  0.01431  
6918.7  0.01821  
6923.0  0.02381  
6927.4  0.03163  
6931.799999999999  0.04213  
6936.1  0.05565  
6940.5  0.07275  
6944.8  0.09379  
6949.2  0.11899  
6953.6  0.14893  
6957.9  0.18411  
6962.3  0.22458  
6966.599999999999  0.27035  
6971.0  0.32129  
6975.4  0.37651  
6979.700000000001  0.43509  
6984.099999999999  0.49611  
6988.5  0.5573  
6992.799999999999  0.61604  
6997.200000000001  0.67035  
7001.599999999999  0.7177  
7005.900000000001  0.75654  
7010.299999999999  0.78709  
7014.700000000001  0.81076  
7019.0  0.82932  
7023.400000000001  0.8436  
7027.799999999999  0.85444  
7032.1  0.86359  
7036.5  0.87208  
7040.900000000001  0.88008  
7045.2  0.88706  
7049.6  0.89324  
7054.0  0.89952  
7058.3  0.90533  
7062.7  0.90966  
7067.1  0.91283  
7071.5  0.91593  
7075.8  0.91904  
7080.2  0.92147  
7084.6  0.92298  
7088.9  0.92352  
7093.3  0.92383  
7097.7  0.92437  
7102.1  0.92482  
7106.4  0.92448  
7110.8  0.92341  
7115.2  0.92278  
7119.6  0.92247  
7123.9  0.92139  
7128.3  0.9198  
7132.7  0.91856  
7137.1  0.91707  
7141.4  0.91554  
7145.8  0.91433  
7150.2  0.91263  
7154.6  0.91108  
7159.0  0.91027  
7163.3  0.90976  
7167.7  0.90956  
7172.1  0.90932  
7176.5  0.9087  
7180.900000000001  0.90868  
7185.2  0.9095  
7189.6  0.91013  
7194.0  0.91021  
7198.400000000001  0.91031  
7202.799999999999  0.91056  
7207.1  0.91076  
7211.5  0.9108  
7215.900000000001  0.91075  
7220.299999999999  0.91059  
7224.700000000001  0.91086  
7229.099999999999  0.91176  
7233.400000000001  0.91287  
7237.799999999999  0.91381  
7242.200000000001  0.9148  
7246.599999999999  0.91689  
7251.0  0.91939  
7255.4  0.92085  
7259.700000000001  0.92206  
7264.099999999999  0.9241  
7268.5  0.92661  
7272.9  0.9291  
7277.3  0.931  
7281.7  0.93196  
7286.1  0.93282  
7290.5  0.93416  
7294.9  0.93532  
7299.2  0.93627  
7303.6  0.9369  
7308.0  0.9368  
7312.4  0.93661  
7316.799999999999  0.93648  
7321.2  0.93618  
7325.599999999999  0.93559  
7330.0  0.93489  
7334.400000000001  0.9343  
7338.8  0.93382  
7343.099999999999  0.93346  
7347.5  0.93365  
7351.900000000001  0.93351  
7356.3  0.93252  
7360.700000000001  0.93159  
7365.1  0.93136  
7369.5  0.93098  
7373.9  0.93062  
7378.3  0.93084  
7382.7  0.93112  
7387.1  0.93159  
7391.5  0.93211  
7395.900000000001  0.93257  
7400.299999999999  0.93276  
7404.700000000001  0.93295  
7409.099999999999  0.93358  
7413.5  0.93414  
7417.9  0.9343  
7422.3  0.93485  
7426.7  0.93554  
7431.1  0.9352  
7435.5  0.93424  
7439.9  0.93299  
7444.299999999999  0.93199  
7448.7  0.93201  
7453.099999999999  0.9316  
7457.5  0.93048  
7461.900000000001  0.92997  
7466.3  0.92972  
7470.700000000001  0.92921  
7475.1  0.92889  
7479.5  0.92903  
7483.9  0.92933  
7488.3  0.92955  
7492.7  0.92961  
7497.1  0.92931  
7501.5  0.92929  
7505.900000000001  0.93018  
7510.299999999999  0.93135  
7514.700000000001  0.93163  
7519.099999999999  0.93129  
7523.5  0.93186  
7527.9  0.93285  
7532.3  0.93299  
7536.799999999999  0.93303  
7541.2  0.93348  
7545.599999999999  0.93387  
7550.0  0.93413  
7554.400000000001  0.93431  
7558.8  0.9347  
7563.200000000001  0.93537  
7567.6  0.93569  
7572.0  0.93551  
7576.4  0.9358  
7580.8  0.93641  
7585.299999999999  0.93646  
7589.700000000001  0.93664  
7594.099999999999  0.93737  
7598.5  0.93811  
7602.9  0.93822  
7607.3  0.93798  
7611.7  0.93822  
7616.1  0.93902  
7620.599999999999  0.93944  
7625.0  0.93907  
7629.400000000001  0.93873  
7633.8  0.93878  
7638.200000000001  0.93907  
7642.6  0.93977  
7647.0  0.94005  
7651.5  0.93935  
7655.900000000001  0.93848  
7660.299999999999  0.9383  
7664.700000000001  0.93839  
7669.099999999999  0.93775  
7673.5  0.93695  
7678.0  0.93655  
7682.4  0.93603  
7686.799999999999  0.93554  
7691.2  0.93515  
7695.599999999999  0.93478  
7700.0  0.93469  
7704.5  0.93418  
7708.9  0.93331  
7713.3  0.93335  
7717.7  0.93401  
7722.1  0.93399  
7726.599999999999  0.9334  
7731.0  0.93298  
7735.4  0.9336  
7739.8  0.93477  
7744.299999999999  0.93502  
7748.7  0.93461  
7753.099999999999  0.9348  
7757.5  0.9358  
7761.900000000001  0.93674  
7766.4  0.93697  
7770.8  0.93683  
7775.2  0.93643  
7779.6  0.9356  
7784.099999999999  0.9351  
7788.5  0.93533  
7792.9  0.93497  
7797.3  0.9334  
7801.799999999999  0.93178  
7806.2  0.93103  
7810.599999999999  0.93072  
7815.0  0.93031  
7819.5  0.92953  
7823.9  0.92877  
7828.3  0.92798  
7832.799999999999  0.92757  
7837.200000000001  0.9273  
7841.599999999999  0.9264  
7846.0  0.92594  
7850.5  0.92676  
7854.9  0.92748  
7859.299999999999  0.92707  
7863.8  0.9268  
7868.200000000001  0.92714  
7872.6  0.92734  
7877.1  0.92751  
7881.5  0.92833  
7885.900000000001  0.92896  
7890.4  0.92891  
7894.8  0.92947  
7899.2  0.93043  
7903.7  0.93065  
7908.099999999999  0.93081  
7912.5  0.93137  
7917.0  0.93155  
7921.4  0.93203  
7925.8  0.93294  
7930.299999999999  0.9335  
7934.700000000001  0.93384  
7939.099999999999  0.93414  
7943.6  0.93453  
7948.0  0.93515  
7952.4  0.93568  
7956.900000000001  0.93528  
7961.3  0.93458  
7965.700000000001  0.935  
7970.2  0.93596  
7974.6  0.93607  
7979.099999999999  0.93552  
7983.5  0.93536  
7987.9  0.93551  
7992.4  0.93545  
7996.799999999999  0.93556  
8001.3  0.93571  
8005.700000000001  0.93538  
8010.1  0.93491  
8014.6  0.93502  
8019.0  0.93543  
8023.5  0.93508  
8027.9  0.9343  
8032.3  0.93343  
8036.799999999999  0.9331  
8041.2  0.93295  
8045.700000000001  0.93155  
8050.1  0.9301  
8054.6  0.9299  
8059.0  0.93015  
8063.400000000001  0.9293  
8067.9  0.92817  
8072.3  0.92774  
8076.799999999999  0.92754  
8081.2  0.92692  
8085.700000000001  0.92654  
8090.1  0.92611  
8094.6  0.92538  
8099.0  0.92541  
8103.5  0.92578  
8107.9  0.92573  
8112.3  0.9259  
8116.799999999999  0.9262  
8121.2  0.92628  
8125.700000000001  0.9264  
8130.1  0.92653  
8134.6  0.92675  
8139.0  0.92729  
8143.5  0.92757  
8147.9  0.92739  
8152.4  0.92737  
8156.799999999999  0.9277  
8161.3  0.92828  
8165.700000000001  0.92831  
8170.2  0.92773  
8174.6  0.92755  
8179.099999999999  0.92763  
8183.5  0.927  
8188.0  0.92614  
8192.4  0.92586  
8196.900000000001  0.92611  
8201.4  0.92637  
8205.800000000001  0.92579  
8210.3  0.92433  
8214.7  0.92348  
8219.199999999999  0.92344  
8223.6  0.92315  
8228.099999999999  0.92271  
8232.5  0.9223  
8237.0  0.92113  
8241.4  0.91992  
8245.9  0.91937  
8250.3  0.91887  
8254.8  0.91829  
8259.3  0.91774  
8263.7  0.91771  
8268.2  0.91801  
8272.6  0.91821  
8277.1  0.918  
8281.5  0.91762  
8286.0  0.91832  
8290.5  0.91944  
8294.9  0.91948  
8299.400000000001  0.91915  
8303.8  0.91969  
8308.300000000001  0.92074  
8312.8  0.92142  
8317.2  0.92148  
8321.699999999999  0.92123  
8326.1  0.92157  
8330.599999999999  0.92256  
8335.1  0.92222  
8339.5  0.92071  
8344.0  0.91984  
8348.4  0.91935  
8352.9  0.91863  
8357.4  0.91793  
8361.8  0.91672  
8366.3  0.91496  
8370.800000000001  0.91349  
8375.2  0.91272  
8379.7  0.91222  
8384.199999999999  0.91138  
8388.6  0.91058  
8393.099999999999  0.90946  
8397.5  0.90761  
8402.0  0.90605  
8406.5  0.90527  
8410.9  0.90411  
8415.4  0.90172  
8419.9  0.89984  
8424.3  0.89906  
8428.8  0.89764  
8433.300000000001  0.8956  
8437.7  0.8933  
8442.2  0.89079  
8446.699999999999  0.8888  
8451.1  0.88742  
8455.599999999999  0.88558  
8460.1  0.88282  
8464.6  0.87947  
8469.0  0.87596  
8473.5  0.8722  
8478.0  0.86738  
8482.4  0.86106  
8486.900000000001  0.85366  
8491.4  0.84509  
8495.800000000001  0.83444  
8500.3  0.82148  
8504.8  0.80579  
8509.3  0.78693  
8513.7  0.76583  
8518.2  0.74177  
8522.7  0.71416  
8527.1  0.68344  
8531.6  0.65053  
8536.1  0.61593  
8540.599999999999  0.57925  
8545.0  0.54066  
8549.5  0.50031  
8554.0  0.45802  
8558.5  0.4147  
8562.9  0.37152  
8567.4  0.32807  
8571.900000000001  0.28483  
8576.4  0.2436  
8580.800000000001  0.20508  
8585.3  0.16989  
8589.8  0.13913  
8594.3  0.11332  
8598.7  0.09188  
8603.2  0.07439  
8607.7  0.06097  
8612.2  0.05094  
8616.699999999999  0.04272  
8621.1  0.03606  
8625.599999999999  0.03118  
8630.1  0.02749  
8634.6  0.02457  
8639.0  0.02198  
8643.5  0.01983  
8648.0  0.01809  
8652.5  0.01657  
8657.0  0.01518  
8661.4  0.01396  
8665.9  0.013  
8670.4  0.01228  
8674.9  0.01145  
8679.400000000001  0.01066  
8683.8  0.01019  
8688.300000000001  0.0099  
8692.8  0.00963  
8697.3  0.00931  
8701.8  0.00896  
8706.3  0.00868  
8710.7  0.00828  
8715.2  0.00791  
8719.7  0.00804  
8724.199999999999  0.0084  
8728.7  0.00829  
8733.2  0.00772  
8737.6  0.00738  
8742.1  0.00736  
8746.6  0.00763  
8751.1  0.00779  
8755.599999999999  0.0076  
8760.1  0.00724  
8764.6  0.00737  
8769.0  0.00774  
8773.5  0.00771  
8778.0  0.00746  
8782.5  0.0074  
8787.0  0.00737  
8791.5  0.0076  
8796.0  0.00785  

