@MEASUREMENT_RADIUS 15.0 cm
#lambda:
#tr:
#end
6251.799999999999  0.00231  
6256.1  0.00211  
6260.4  0.00206  
6264.700000000001  0.00225  
6269.0  0.00233  
6273.3  0.00228  
6277.6  0.00227  
6281.900000000001  0.00232  
6286.2  0.00243  
6290.5  0.00238  
6294.8  0.00221  
6299.099999999999  0.00219  
6303.400000000001  0.0024  
6307.7  0.00256  
6312.0  0.00248  
6316.3  0.00236  
6320.599999999999  0.00248  
6325.0  0.00259  
6329.299999999999  0.00247  
6333.6  0.00249  
6337.9  0.00262  
6342.200000000001  0.00259  
6346.5  0.0026  
6350.8  0.00266  
6355.1  0.00266  
6359.400000000001  0.00272  
6363.7  0.00277  
6368.099999999999  0.00279  
6372.4  0.00286  
6376.7  0.00297  
6381.0  0.00297  
6385.299999999999  0.0028  
6389.6  0.0027  
6393.9  0.00281  
6398.200000000001  0.00297  
6402.6  0.00306  
6406.900000000001  0.00295  
6411.2  0.00286  
6415.5  0.00295  
6419.8  0.00305  
6424.099999999999  0.00305  
6428.5  0.00298  
6432.799999999999  0.00305  
6437.1  0.00304  
6441.4  0.00288  
6445.700000000001  0.00298  
6450.0  0.00317  
6454.400000000001  0.00307  
6458.7  0.00297  
6463.0  0.00311  
6467.3  0.00308  
6471.599999999999  0.00291  
6476.0  0.0028  
6480.299999999999  0.00282  
6484.6  0.00287  
6488.9  0.0029  
6493.3  0.00291  
6497.6  0.00302  
6501.900000000001  0.0031  
6506.2  0.00297  
6510.5  0.00292  
6514.9  0.003  
6519.2  0.00304  
6523.5  0.00295  
6527.799999999999  0.0029  
6532.200000000001  0.00303  
6536.5  0.00316  
6540.8  0.00324  
6545.2  0.00326  
6549.5  0.00307  
6553.8  0.00289  
6558.099999999999  0.0029  
6562.5  0.00288  
6566.799999999999  0.00292  
6571.1  0.00304  
6575.5  0.00308  
6579.8  0.00304  
6584.099999999999  0.00303  
6588.400000000001  0.00299  
6592.799999999999  0.00301  
6597.1  0.00301  
6601.4  0.0029  
6605.8  0.0029  
6610.1  0.00307  
6614.400000000001  0.00313  
6618.8  0.00304  
6623.099999999999  0.00301  
6627.4  0.0031  
6631.799999999999  0.00316  
6636.1  0.00308  
6640.4  0.00317  
6644.8  0.00329  
6649.099999999999  0.00323  
6653.5  0.00315  
6657.799999999999  0.00314  
6662.1  0.00328  
6666.5  0.0034  
6670.8  0.00343  
6675.1  0.0034  
6679.5  0.00332  
6683.8  0.00346  
6688.200000000001  0.00364  
6692.5  0.0036  
6696.799999999999  0.00353  
6701.2  0.00365  
6705.5  0.00373  
6709.9  0.00364  
6714.2  0.00353  
6718.5  0.00357  
6722.9  0.00371  
6727.200000000001  0.00366  
6731.599999999999  0.00358  
6735.900000000001  0.0036  
6740.299999999999  0.00364  
6744.6  0.00367  
6748.9  0.00368  
6753.3  0.00364  
6757.6  0.00365  
6762.0  0.00373  
6766.3  0.00379  
6770.700000000001  0.00376  
6775.0  0.00373  
6779.400000000001  0.00378  
6783.7  0.00385  
6788.099999999999  0.00386  
6792.4  0.00383  
6796.799999999999  0.00395  
6801.1  0.00407  
6805.5  0.00397  
6809.8  0.0038  
6814.2  0.00384  
6818.5  0.00399  
6822.9  0.00415  
6827.200000000001  0.0041  
6831.599999999999  0.00385  
6835.900000000001  0.0038  
6840.299999999999  0.00399  
6844.6  0.00412  
6849.0  0.00405  
6853.3  0.00395  
6857.7  0.004  
6862.0  0.00416  
6866.4  0.00431  
6870.700000000001  0.00451  
6875.1  0.00462  
6879.5  0.00472  
6883.8  0.00504  
6888.200000000001  0.00551  
6892.5  0.006  
6896.900000000001  0.00665  
6901.2  0.00778  
6905.599999999999  0.00949  
6910.0  0.01152  
6914.299999999999  0.01425  
6918.7  0.01819  
6923.0  0.0237  
6927.4  0.03139  
6931.799999999999  0.04185  
6936.1  0.05526  
6940.5  0.07218  
6944.8  0.09311  
6949.2  0.11837  
6953.6  0.14836  
6957.9  0.1833  
6962.3  0.22347  
6966.599999999999  0.26925  
6971.0  0.32048  
6975.4  0.37605  
6979.700000000001  0.43436  
6984.099999999999  0.49456  
6988.5  0.5557  
6992.799999999999  0.61483  
6997.200000000001  0.66937  
7001.599999999999  0.7173  
7005.900000000001  0.75661  
7010.299999999999  0.7872  
7014.700000000001  0.81097  
7019.0  0.82945  
7023.400000000001  0.84374  
7027.799999999999  0.8548  
7032.1  0.86379  
7036.5  0.87194  
7040.900000000001  0.88  
7045.2  0.88731  
7049.6  0.89298  
7054.0  0.89853  
7058.3  0.90458  
7062.7  0.90927  
7067.1  0.91259  
7071.5  0.91602  
7075.8  0.91925  
7080.2  0.92135  
7084.6  0.92306  
7088.9  0.92454  
7093.3  0.92509  
7097.7  0.92532  
7102.1  0.92554  
7106.4  0.92539  
7110.8  0.92474  
7115.2  0.92427  
7119.6  0.92387  
7123.9  0.92273  
7128.3  0.92102  
7132.7  0.91941  
7137.1  0.9181  
7141.4  0.91678  
7145.8  0.91498  
7150.2  0.91273  
7154.6  0.91105  
7159.0  0.91048  
7163.3  0.91026  
7167.7  0.90971  
7172.1  0.90883  
7176.5  0.90844  
7180.900000000001  0.90903  
7185.2  0.90971  
7189.6  0.91018  
7194.0  0.91066  
7198.400000000001  0.91097  
7202.799999999999  0.91142  
7207.1  0.91206  
7211.5  0.91246  
7215.900000000001  0.91256  
7220.299999999999  0.91245  
7224.700000000001  0.91246  
7229.099999999999  0.91316  
7233.400000000001  0.91434  
7237.799999999999  0.91537  
7242.200000000001  0.91631  
7246.599999999999  0.91789  
7251.0  0.91965  
7255.4  0.92106  
7259.700000000001  0.92231  
7264.099999999999  0.92372  
7268.5  0.92606  
7272.9  0.92855  
7277.3  0.93015  
7281.7  0.93131  
7286.1  0.93255  
7290.5  0.93399  
7294.9  0.93536  
7299.2  0.93618  
7303.6  0.93665  
7308.0  0.93691  
7312.4  0.93684  
7316.799999999999  0.93701  
7321.2  0.93743  
7325.599999999999  0.93707  
7330.0  0.93677  
7334.400000000001  0.9366  
7338.8  0.9358  
7343.099999999999  0.93483  
7347.5  0.93437  
7351.900000000001  0.93425  
7356.3  0.93364  
7360.700000000001  0.93293  
7365.1  0.93252  
7369.5  0.93201  
7373.9  0.93192  
7378.3  0.93219  
7382.7  0.93198  
7387.1  0.93176  
7391.5  0.93237  
7395.900000000001  0.93314  
7400.299999999999  0.93303  
7404.700000000001  0.9331  
7409.099999999999  0.9338  
7413.5  0.93421  
7417.9  0.93449  
7422.3  0.9351  
7426.7  0.93569  
7431.1  0.93552  
7435.5  0.93497  
7439.9  0.93454  
7444.299999999999  0.93368  
7448.7  0.93302  
7453.099999999999  0.93284  
7457.5  0.93211  
7461.900000000001  0.93108  
7466.3  0.93031  
7470.700000000001  0.92996  
7475.1  0.9296  
7479.5  0.92953  
7483.9  0.92992  
7488.3  0.92997  
7492.7  0.92975  
7497.1  0.92977  
7501.5  0.93009  
7505.900000000001  0.93079  
7510.299999999999  0.93156  
7514.700000000001  0.93184  
7519.099999999999  0.9319  
7523.5  0.93226  
7527.9  0.93305  
7532.3  0.93371  
7536.799999999999  0.93401  
7541.2  0.93399  
7545.599999999999  0.93438  
7550.0  0.93474  
7554.400000000001  0.93474  
7558.8  0.93546  
7563.200000000001  0.93627  
7567.6  0.93632  
7572.0  0.93647  
7576.4  0.93732  
7580.8  0.93785  
7585.299999999999  0.93729  
7589.700000000001  0.93714  
7594.099999999999  0.93814  
7598.5  0.9391  
7602.9  0.93911  
7607.3  0.93903  
7611.7  0.93944  
7616.1  0.93924  
7620.599999999999  0.93869  
7625.0  0.93913  
7629.400000000001  0.93994  
7633.8  0.94045  
7638.200000000001  0.94043  
7642.6  0.93988  
7647.0  0.9397  
7651.5  0.94007  
7655.900000000001  0.94008  
7660.299999999999  0.93973  
7664.700000000001  0.93927  
7669.099999999999  0.93885  
7673.5  0.93838  
7678.0  0.93799  
7682.4  0.93771  
7686.799999999999  0.93783  
7691.2  0.93756  
7695.599999999999  0.93633  
7700.0  0.93531  
7704.5  0.93498  
7708.9  0.93475  
7713.3  0.93465  
7717.7  0.93457  
7722.1  0.93418  
7726.599999999999  0.93384  
7731.0  0.9338  
7735.4  0.93412  
7739.8  0.9346  
7744.299999999999  0.93476  
7748.7  0.93519  
7753.099999999999  0.93611  
7757.5  0.93669  
7761.900000000001  0.93671  
7766.4  0.93649  
7770.8  0.93688  
7775.2  0.93754  
7779.6  0.93704  
7784.099999999999  0.9359  
7788.5  0.9359  
7792.9  0.9365  
7797.3  0.93603  
7801.799999999999  0.93492  
7806.2  0.93423  
7810.599999999999  0.93363  
7815.0  0.93279  
7819.5  0.93178  
7823.9  0.93106  
7828.3  0.93008  
7832.799999999999  0.92913  
7837.200000000001  0.92892  
7841.599999999999  0.92868  
7846.0  0.92833  
7850.5  0.92823  
7854.9  0.92826  
7859.299999999999  0.92807  
7863.8  0.92817  
7868.200000000001  0.92836  
7872.6  0.92794  
7877.1  0.928  
7881.5  0.92884  
7885.900000000001  0.92878  
7890.4  0.9284  
7894.8  0.92933  
7899.2  0.93017  
7903.7  0.92984  
7908.099999999999  0.92956  
7912.5  0.93041  
7917.0  0.93157  
7921.4  0.9324  
7925.8  0.93273  
7930.299999999999  0.93296  
7934.700000000001  0.93352  
7939.099999999999  0.93446  
7943.6  0.9352  
7948.0  0.93536  
7952.4  0.9356  
7956.900000000001  0.93579  
7961.3  0.93569  
7965.700000000001  0.93618  
7970.2  0.93703  
7974.6  0.93715  
7979.099999999999  0.93677  
7983.5  0.93642  
7987.9  0.93638  
7992.4  0.93661  
7996.799999999999  0.93726  
8001.3  0.9381  
8005.700000000001  0.93746  
8010.1  0.93611  
8014.6  0.93566  
8019.0  0.93604  
8023.5  0.93596  
8027.9  0.93529  
8032.3  0.93489  
8036.799999999999  0.93484  
8041.2  0.93407  
8045.700000000001  0.93301  
8050.1  0.93262  
8054.6  0.93227  
8059.0  0.93175  
8063.400000000001  0.93091  
8067.9  0.93022  
8072.3  0.92971  
8076.799999999999  0.92925  
8081.2  0.92822  
8085.700000000001  0.92669  
8090.1  0.92615  
8094.6  0.92661  
8099.0  0.92682  
8103.5  0.92691  
8107.9  0.92697  
8112.3  0.92726  
8116.799999999999  0.92743  
8121.2  0.92684  
8125.700000000001  0.92667  
8130.1  0.92739  
8134.6  0.92793  
8139.0  0.9284  
8143.5  0.92858  
8147.9  0.92794  
8152.4  0.92787  
8156.799999999999  0.9287  
8161.3  0.92947  
8165.700000000001  0.92976  
8170.2  0.92902  
8174.6  0.92831  
8179.099999999999  0.92895  
8183.5  0.92907  
8188.0  0.92803  
8192.4  0.92734  
8196.900000000001  0.92714  
8201.4  0.92719  
8205.800000000001  0.92731  
8210.3  0.92658  
8214.7  0.92567  
8219.199999999999  0.92552  
8223.6  0.92546  
8228.099999999999  0.92441  
8232.5  0.92324  
8237.0  0.92232  
8241.4  0.92172  
8245.9  0.92177  
8250.3  0.92125  
8254.8  0.92049  
8259.3  0.92034  
8263.7  0.9198  
8268.2  0.919  
8272.6  0.91839  
8277.1  0.91814  
8281.5  0.91828  
8286.0  0.9186  
8290.5  0.91909  
8294.9  0.91961  
8299.400000000001  0.92001  
8303.8  0.92046  
8308.300000000001  0.92118  
8312.8  0.92168  
8317.2  0.92179  
8321.699999999999  0.92172  
8326.1  0.92244  
8330.599999999999  0.92405  
8335.1  0.92421  
8339.5  0.92223  
8344.0  0.92107  
8348.4  0.92167  
8352.9  0.92137  
8357.4  0.91987  
8361.8  0.9193  
8366.3  0.91896  
8370.800000000001  0.91765  
8375.2  0.91638  
8379.7  0.91501  
8384.199999999999  0.91365  
8388.6  0.91295  
8393.099999999999  0.91177  
8397.5  0.90981  
8402.0  0.90858  
8406.5  0.90763  
8410.9  0.90617  
8415.4  0.90422  
8419.9  0.90206  
8424.3  0.90023  
8428.8  0.89869  
8433.300000000001  0.89742  
8437.7  0.89559  
8442.2  0.89318  
8446.699999999999  0.89099  
8451.1  0.88931  
8455.599999999999  0.88728  
8460.1  0.88458  
8464.6  0.88236  
8469.0  0.87972  
8473.5  0.87565  
8478.0  0.87098  
8482.4  0.86548  
8486.900000000001  0.85856  
8491.4  0.85032  
8495.800000000001  0.84048  
8500.3  0.82863  
8504.8  0.8146  
8509.3  0.79753  
8513.7  0.77684  
8518.2  0.75292  
8522.7  0.72658  
8527.1  0.69746  
8531.6  0.66613  
8536.1  0.6326  
8540.599999999999  0.59602  
8545.0  0.55713  
8549.5  0.51712  
8554.0  0.47622  
8558.5  0.43353  
8562.9  0.38962  
8567.4  0.34563  
8571.900000000001  0.30202  
8576.4  0.25975  
8580.800000000001  0.21997  
8585.3  0.18375  
8589.8  0.1514  
8594.3  0.12301  
8598.7  0.09928  
8603.2  0.08054  
8607.7  0.06587  
8612.2  0.05443  
8616.699999999999  0.04577  
8621.1  0.03911  
8625.599999999999  0.03373  
8630.1  0.02913  
8634.6  0.02549  
8639.0  0.02279  
8643.5  0.02052  
8648.0  0.01864  
8652.5  0.01723  
8657.0  0.0157  
8661.4  0.01412  
8665.9  0.01327  
8670.4  0.01272  
8674.9  0.01187  
8679.400000000001  0.01112  
8683.8  0.01081  
8688.300000000001  0.01048  
8692.8  0.00975  
8697.3  0.00905  
8701.8  0.00891  
8706.3  0.00889  
8710.7  0.00867  
8715.2  0.00843  
8719.7  0.00841  
8724.199999999999  0.00832  
8728.7  0.00795  
8733.2  0.00754  
8737.6  0.0076  
8742.1  0.00805  
8746.6  0.00804  
8751.1  0.0074  
8755.599999999999  0.00733  
8760.1  0.0077  
8764.6  0.00778  
8769.0  0.00767  
8773.5  0.00778  
8778.0  0.00771  
8782.5  0.00764  
8787.0  0.0077  
8791.5  0.00768  
8796.0  0.00758  

