@MEASUREMENT_RADIUS 24.0 cm
#lambda:
#tr:
#end
6251.799999999999  0.00207  
6256.1  0.00214  
6260.4  0.00232  
6264.700000000001  0.00229  
6269.0  0.00208  
6273.3  0.00208  
6277.6  0.00232  
6281.900000000001  0.00246  
6286.2  0.00243  
6290.5  0.00233  
6294.8  0.00232  
6299.099999999999  0.0024  
6303.400000000001  0.00245  
6307.7  0.00235  
6312.0  0.00228  
6316.3  0.00239  
6320.599999999999  0.00261  
6325.0  0.00267  
6329.299999999999  0.00259  
6333.6  0.0026  
6337.9  0.00263  
6342.200000000001  0.00273  
6346.5  0.00284  
6350.8  0.00276  
6355.1  0.00265  
6359.400000000001  0.00263  
6363.7  0.00271  
6368.099999999999  0.00289  
6372.4  0.00293  
6376.7  0.00276  
6381.0  0.00276  
6385.299999999999  0.0029  
6389.6  0.00292  
6393.9  0.00292  
6398.200000000001  0.003  
6402.6  0.00303  
6406.900000000001  0.00302  
6411.2  0.00299  
6415.5  0.00297  
6419.8  0.003  
6424.099999999999  0.00297  
6428.5  0.00297  
6432.799999999999  0.00311  
6437.1  0.00312  
6441.4  0.00303  
6445.700000000001  0.00305  
6450.0  0.00304  
6454.400000000001  0.00308  
6458.7  0.00309  
6463.0  0.00306  
6467.3  0.00313  
6471.599999999999  0.00325  
6476.0  0.00322  
6480.299999999999  0.00312  
6484.6  0.00307  
6488.9  0.00314  
6493.3  0.00329  
6497.6  0.00321  
6501.900000000001  0.00297  
6506.2  0.00294  
6510.5  0.00312  
6514.9  0.00317  
6519.2  0.00309  
6523.5  0.00306  
6527.799999999999  0.00317  
6532.200000000001  0.0032  
6536.5  0.00303  
6540.8  0.00292  
6545.2  0.00307  
6549.5  0.00315  
6553.8  0.00304  
6558.099999999999  0.003  
6562.5  0.0029  
6566.799999999999  0.0028  
6571.1  0.00287  
6575.5  0.00298  
6579.8  0.00295  
6584.099999999999  0.003  
6588.400000000001  0.00309  
6592.799999999999  0.00302  
6597.1  0.00292  
6601.4  0.00297  
6605.8  0.0031  
6610.1  0.00314  
6614.400000000001  0.00299  
6618.8  0.00294  
6623.099999999999  0.0031  
6627.4  0.00322  
6631.799999999999  0.00323  
6636.1  0.00311  
6640.4  0.00308  
6644.8  0.00324  
6649.099999999999  0.00335  
6653.5  0.00329  
6657.799999999999  0.00327  
6662.1  0.00334  
6666.5  0.00342  
6670.8  0.00344  
6675.1  0.00345  
6679.5  0.00348  
6683.8  0.00352  
6688.200000000001  0.00353  
6692.5  0.00367  
6696.799999999999  0.00375  
6701.2  0.00356  
6705.5  0.00337  
6709.9  0.00348  
6714.2  0.00366  
6718.5  0.00358  
6722.9  0.00349  
6727.200000000001  0.00362  
6731.599999999999  0.00376  
6735.900000000001  0.00375  
6740.299999999999  0.0037  
6744.6  0.0038  
6748.9  0.00395  
6753.3  0.00393  
6757.6  0.00381  
6762.0  0.00372  
6766.3  0.00383  
6770.700000000001  0.00392  
6775.0  0.00397  
6779.400000000001  0.004  
6783.7  0.00392  
6788.099999999999  0.00388  
6792.4  0.00389  
6796.799999999999  0.0039  
6801.1  0.00387  
6805.5  0.0039  
6809.8  0.00403  
6814.2  0.00404  
6818.5  0.00397  
6822.9  0.00402  
6827.200000000001  0.00413  
6831.599999999999  0.00416  
6835.900000000001  0.00401  
6840.299999999999  0.00394  
6844.6  0.00409  
6849.0  0.00425  
6853.3  0.00428  
6857.7  0.00433  
6862.0  0.00438  
6866.4  0.00447  
6870.700000000001  0.00475  
6875.1  0.0051  
6879.5  0.00539  
6883.8  0.00585  
6888.200000000001  0.00664  
6892.5  0.00768  
6896.900000000001  0.00912  
6901.2  0.01097  
6905.599999999999  0.01341  
6910.0  0.01697  
6914.299999999999  0.02218  
6918.7  0.02923  
6923.0  0.03868  
6927.4  0.05105  
6931.799999999999  0.06677  
6936.1  0.0863  
6940.5  0.10994  
6944.8  0.13808  
6949.2  0.17134  
6953.6  0.20996  
6957.9  0.25403  
6962.3  0.3033  
6966.599999999999  0.35731  
6971.0  0.41517  
6975.4  0.47549  
6979.700000000001  0.53694  
6984.099999999999  0.59755  
6988.5  0.65443  
6992.799999999999  0.7048  
6997.200000000001  0.7476  
7001.599999999999  0.78256  
7005.900000000001  0.80961  
7010.299999999999  0.82967  
7014.700000000001  0.84512  
7019.0  0.85811  
7023.400000000001  0.86906  
7027.799999999999  0.8777  
7032.1  0.88499  
7036.5  0.8919  
7040.900000000001  0.89854  
7045.2  0.90404  
7049.6  0.90806  
7054.0  0.91209  
7058.3  0.91689  
7062.7  0.92088  
7067.1  0.92316  
7071.5  0.92513  
7075.8  0.927  
7080.2  0.92821  
7084.6  0.92974  
7088.9  0.93117  
7093.3  0.93175  
7097.7  0.93209  
7102.1  0.93228  
7106.4  0.93197  
7110.8  0.93136  
7115.2  0.93065  
7119.6  0.92974  
7123.9  0.92875  
7128.3  0.92755  
7132.7  0.92577  
7137.1  0.92339  
7141.4  0.92152  
7145.8  0.92006  
7150.2  0.91822  
7154.6  0.91646  
7159.0  0.91537  
7163.3  0.91491  
7167.7  0.91465  
7172.1  0.91418  
7176.5  0.91367  
7180.900000000001  0.91444  
7185.2  0.91633  
7189.6  0.91716  
7194.0  0.91726  
7198.400000000001  0.91799  
7202.799999999999  0.91914  
7207.1  0.91984  
7211.5  0.92015  
7215.900000000001  0.92081  
7220.299999999999  0.92132  
7224.700000000001  0.92132  
7229.099999999999  0.92166  
7233.400000000001  0.92279  
7237.799999999999  0.92408  
7242.200000000001  0.92516  
7246.599999999999  0.92661  
7251.0  0.92818  
7255.4  0.9293  
7259.700000000001  0.93038  
7264.099999999999  0.93178  
7268.5  0.93316  
7272.9  0.93466  
7277.3  0.93608  
7281.7  0.93685  
7286.1  0.93757  
7290.5  0.9388  
7294.9  0.93988  
7299.2  0.94024  
7303.6  0.94073  
7308.0  0.94167  
7312.4  0.94223  
7316.799999999999  0.94242  
7321.2  0.9427  
7325.599999999999  0.94289  
7330.0  0.94324  
7334.400000000001  0.94342  
7338.8  0.9432  
7343.099999999999  0.94247  
7347.5  0.94211  
7351.900000000001  0.94229  
7356.3  0.9424  
7360.700000000001  0.94219  
7365.1  0.94151  
7369.5  0.9407  
7373.9  0.94029  
7378.3  0.94014  
7382.7  0.93989  
7387.1  0.93966  
7391.5  0.93969  
7395.900000000001  0.94038  
7400.299999999999  0.94101  
7404.700000000001  0.94099  
7409.099999999999  0.94088  
7413.5  0.94128  
7417.9  0.94203  
7422.3  0.94237  
7426.7  0.94211  
7431.1  0.94197  
7435.5  0.94187  
7439.9  0.94104  
7444.299999999999  0.94012  
7448.7  0.93979  
7453.099999999999  0.93953  
7457.5  0.93911  
7461.900000000001  0.93866  
7466.3  0.93816  
7470.700000000001  0.93785  
7475.1  0.93783  
7479.5  0.93794  
7483.9  0.93767  
7488.3  0.93686  
7492.7  0.93642  
7497.1  0.93723  
7501.5  0.93801  
7505.900000000001  0.93795  
7510.299999999999  0.93802  
7514.700000000001  0.93862  
7519.099999999999  0.93914  
7523.5  0.93941  
7527.9  0.93985  
7532.3  0.94064  
7536.799999999999  0.94142  
7541.2  0.94155  
7545.599999999999  0.94161  
7550.0  0.94189  
7554.400000000001  0.94272  
7558.8  0.94364  
7563.200000000001  0.9439  
7567.6  0.94405  
7572.0  0.94459  
7576.4  0.9452  
7580.8  0.94557  
7585.299999999999  0.94559  
7589.700000000001  0.94596  
7594.099999999999  0.94676  
7598.5  0.94716  
7602.9  0.94722  
7607.3  0.94712  
7611.7  0.94676  
7616.1  0.94685  
7620.599999999999  0.94718  
7625.0  0.947  
7629.400000000001  0.94658  
7633.8  0.94668  
7638.200000000001  0.94674  
7642.6  0.94646  
7647.0  0.94689  
7651.5  0.94782  
7655.900000000001  0.94781  
7660.299999999999  0.94708  
7664.700000000001  0.94699  
7669.099999999999  0.94712  
7673.5  0.9468  
7678.0  0.94671  
7682.4  0.94652  
7686.799999999999  0.94626  
7691.2  0.94607  
7695.599999999999  0.94541  
7700.0  0.94468  
7704.5  0.94406  
7708.9  0.94345  
7713.3  0.94317  
7717.7  0.9429  
7722.1  0.94248  
7726.599999999999  0.94198  
7731.0  0.94128  
7735.4  0.94093  
7739.8  0.94173  
7744.299999999999  0.94273  
7748.7  0.94259  
7753.099999999999  0.9426  
7757.5  0.94357  
7761.900000000001  0.94421  
7766.4  0.94415  
7770.8  0.94414  
7775.2  0.94476  
7779.6  0.94521  
7784.099999999999  0.94509  
7788.5  0.94474  
7792.9  0.94419  
7797.3  0.94402  
7801.799999999999  0.94395  
7806.2  0.9437  
7810.599999999999  0.94328  
7815.0  0.94299  
7819.5  0.9431  
7823.9  0.94244  
7828.3  0.94103  
7832.799999999999  0.94048  
7837.200000000001  0.94035  
7841.599999999999  0.93991  
7846.0  0.93967  
7850.5  0.93948  
7854.9  0.93878  
7859.299999999999  0.93795  
7863.8  0.93789  
7868.200000000001  0.93796  
7872.6  0.93765  
7877.1  0.93741  
7881.5  0.93747  
7885.900000000001  0.93789  
7890.4  0.93775  
7894.8  0.93723  
7899.2  0.93714  
7903.7  0.93787  
7908.099999999999  0.93829  
7912.5  0.93795  
7917.0  0.9383  
7921.4  0.93938  
7925.8  0.94013  
7930.299999999999  0.94069  
7934.700000000001  0.94128  
7939.099999999999  0.94199  
7943.6  0.94276  
7948.0  0.94374  
7952.4  0.94483  
7956.900000000001  0.94532  
7961.3  0.94557  
7965.700000000001  0.94595  
7970.2  0.94635  
7974.6  0.94673  
7979.099999999999  0.9468  
7983.5  0.94669  
7987.9  0.94682  
7992.4  0.94649  
7996.799999999999  0.9463  
8001.3  0.94726  
8005.700000000001  0.948  
8010.1  0.9475  
8014.6  0.94648  
8019.0  0.94598  
8023.5  0.94574  
8027.9  0.9459  
8032.3  0.94569  
8036.799999999999  0.9448  
8041.2  0.94396  
8045.700000000001  0.94326  
8050.1  0.94319  
8054.6  0.94322  
8059.0  0.94272  
8063.400000000001  0.94173  
8067.9  0.94116  
8072.3  0.94098  
8076.799999999999  0.94017  
8081.2  0.93949  
8085.700000000001  0.93947  
8090.1  0.93896  
8094.6  0.938  
8099.0  0.93753  
8103.5  0.938  
8107.9  0.93848  
8112.3  0.93855  
8116.799999999999  0.93819  
8121.2  0.93776  
8125.700000000001  0.93808  
8130.1  0.93868  
8134.6  0.93931  
8139.0  0.93996  
8143.5  0.93984  
8147.9  0.93924  
8152.4  0.93929  
8156.799999999999  0.93996  
8161.3  0.9404  
8165.700000000001  0.94084  
8170.2  0.94164  
8174.6  0.94149  
8179.099999999999  0.9407  
8183.5  0.94023  
8188.0  0.94002  
8192.4  0.94019  
8196.900000000001  0.94046  
8201.4  0.9411  
8205.800000000001  0.94122  
8210.3  0.94021  
8214.7  0.93965  
8219.199999999999  0.94004  
8223.6  0.94049  
8228.099999999999  0.93935  
8232.5  0.93743  
8237.0  0.9369  
8241.4  0.93712  
8245.9  0.93662  
8250.3  0.93527  
8254.8  0.93437  
8259.3  0.93387  
8263.7  0.9332  
8268.2  0.93345  
8272.6  0.93365  
8277.1  0.93324  
8281.5  0.93292  
8286.0  0.93268  
8290.5  0.93305  
8294.9  0.93374  
8299.400000000001  0.93389  
8303.8  0.93411  
8308.300000000001  0.93518  
8312.8  0.93611  
8317.2  0.93633  
8321.699999999999  0.93668  
8326.1  0.93718  
8330.599999999999  0.93767  
8335.1  0.93803  
8339.5  0.9376  
8344.0  0.93721  
8348.4  0.93731  
8352.9  0.93725  
8357.4  0.93709  
8361.8  0.93653  
8366.3  0.93537  
8370.800000000001  0.9346  
8375.2  0.93433  
8379.7  0.93415  
8384.199999999999  0.93373  
8388.6  0.93248  
8393.099999999999  0.93091  
8397.5  0.93019  
8402.0  0.92926  
8406.5  0.92792  
8410.9  0.92705  
8415.4  0.92567  
8419.9  0.92387  
8424.3  0.92247  
8428.8  0.92046  
8433.300000000001  0.91826  
8437.7  0.91713  
8442.2  0.91609  
8446.699999999999  0.91415  
8451.1  0.91229  
8455.599999999999  0.91136  
8460.1  0.91001  
8464.6  0.90753  
8469.0  0.9053  
8473.5  0.90339  
8478.0  0.90091  
8482.4  0.89739  
8486.900000000001  0.8925  
8491.4  0.88728  
8495.800000000001  0.88128  
8500.3  0.87308  
8504.8  0.86283  
8509.3  0.85028  
8513.7  0.83509  
8518.2  0.81649  
8522.7  0.79519  
8527.1  0.77122  
8531.6  0.74475  
8536.1  0.7157  
8540.599999999999  0.68364  
8545.0  0.64894  
8549.5  0.61153  
8554.0  0.57146  
8558.5  0.52963  
8562.9  0.4873  
8567.4  0.44337  
8571.900000000001  0.39706  
8576.4  0.35052  
8580.800000000001  0.3051  
8585.3  0.26087  
8589.8  0.21939  
8594.3  0.18174  
8598.7  0.1484  
8603.2  0.12043  
8607.7  0.09762  
8612.2  0.07956  
8616.699999999999  0.06559  
8621.1  0.05461  
8625.599999999999  0.0461  
8630.1  0.03943  
8634.6  0.03393  
8639.0  0.02946  
8643.5  0.02627  
8648.0  0.02368  
8652.5  0.02113  
8657.0  0.01901  
8661.4  0.01786  
8665.9  0.01671  
8670.4  0.01497  
8674.9  0.01346  
8679.400000000001  0.01279  
8683.8  0.01228  
8688.300000000001  0.0116  
8692.8  0.01107  
8697.3  0.01064  
8701.8  0.01026  
8706.3  0.00989  
8710.7  0.00961  
8715.2  0.00943  
8719.7  0.00907  
8724.199999999999  0.00893  
8728.7  0.00898  
8733.2  0.00873  
8737.6  0.00838  
8742.1  0.00826  
8746.6  0.00833  
8751.1  0.00818  
8755.599999999999  0.00826  
8760.1  0.00836  
8764.6  0.0082  
8769.0  0.00786  
8773.5  0.00774  
8778.0  0.00803  
8782.5  0.0086  
8787.0  0.00864  
8791.5  0.00825  
8796.0  0.00831  

