@MEASUREMENT_RADIUS 22.0 cm
#lambda:
#tr:
#end
6251.799999999999  0.00208  
6256.1  0.00221  
6260.4  0.00236  
6264.700000000001  0.00229  
6269.0  0.0022  
6273.3  0.00221  
6277.6  0.00221  
6281.900000000001  0.00222  
6286.2  0.00227  
6290.5  0.00227  
6294.8  0.00238  
6299.099999999999  0.00253  
6303.400000000001  0.00247  
6307.7  0.00224  
6312.0  0.00227  
6316.3  0.00256  
6320.599999999999  0.00261  
6325.0  0.00242  
6329.299999999999  0.00244  
6333.6  0.00261  
6337.9  0.00266  
6342.200000000001  0.0026  
6346.5  0.00274  
6350.8  0.00286  
6355.1  0.00274  
6359.400000000001  0.00268  
6363.7  0.00278  
6368.099999999999  0.00285  
6372.4  0.00281  
6376.7  0.00278  
6381.0  0.00282  
6385.299999999999  0.00287  
6389.6  0.00294  
6393.9  0.00307  
6398.200000000001  0.00307  
6402.6  0.00285  
6406.900000000001  0.0028  
6411.2  0.00299  
6415.5  0.00307  
6419.8  0.00298  
6424.099999999999  0.00296  
6428.5  0.003  
6432.799999999999  0.003  
6437.1  0.00303  
6441.4  0.00312  
6445.700000000001  0.00317  
6450.0  0.00315  
6454.400000000001  0.00313  
6458.7  0.00313  
6463.0  0.00316  
6467.3  0.00311  
6471.599999999999  0.00307  
6476.0  0.00307  
6480.299999999999  0.003  
6484.6  0.00298  
6488.9  0.00302  
6493.3  0.00297  
6497.6  0.00299  
6501.900000000001  0.00309  
6506.2  0.00301  
6510.5  0.00296  
6514.9  0.00313  
6519.2  0.00321  
6523.5  0.0031  
6527.799999999999  0.00301  
6532.200000000001  0.00299  
6536.5  0.00295  
6540.8  0.00297  
6545.2  0.00303  
6549.5  0.00303  
6553.8  0.00298  
6558.099999999999  0.00302  
6562.5  0.00303  
6566.799999999999  0.00293  
6571.1  0.00283  
6575.5  0.00291  
6579.8  0.00299  
6584.099999999999  0.00295  
6588.400000000001  0.00286  
6592.799999999999  0.0029  
6597.1  0.00299  
6601.4  0.00301  
6605.8  0.00301  
6610.1  0.00298  
6614.400000000001  0.00299  
6618.8  0.00306  
6623.099999999999  0.00315  
6627.4  0.00313  
6631.799999999999  0.00313  
6636.1  0.00314  
6640.4  0.00312  
6644.8  0.00313  
6649.099999999999  0.0031  
6653.5  0.00308  
6657.799999999999  0.00326  
6662.1  0.00343  
6666.5  0.0034  
6670.8  0.00334  
6675.1  0.00333  
6679.5  0.00328  
6683.8  0.00339  
6688.200000000001  0.00347  
6692.5  0.00346  
6696.799999999999  0.00347  
6701.2  0.00349  
6705.5  0.0036  
6709.9  0.0037  
6714.2  0.00364  
6718.5  0.00355  
6722.9  0.00357  
6727.200000000001  0.00362  
6731.599999999999  0.00371  
6735.900000000001  0.00372  
6740.299999999999  0.00359  
6744.6  0.00355  
6748.9  0.00369  
6753.3  0.00377  
6757.6  0.00381  
6762.0  0.00388  
6766.3  0.00381  
6770.700000000001  0.00371  
6775.0  0.00377  
6779.400000000001  0.00389  
6783.7  0.00399  
6788.099999999999  0.00409  
6792.4  0.00417  
6796.799999999999  0.0041  
6801.1  0.00394  
6805.5  0.0039  
6809.8  0.00398  
6814.2  0.00407  
6818.5  0.00416  
6822.9  0.00419  
6827.200000000001  0.00404  
6831.599999999999  0.00394  
6835.900000000001  0.00401  
6840.299999999999  0.00407  
6844.6  0.00409  
6849.0  0.0041  
6853.3  0.00408  
6857.7  0.00414  
6862.0  0.0044  
6866.4  0.00464  
6870.700000000001  0.00467  
6875.1  0.00469  
6879.5  0.00494  
6883.8  0.00548  
6888.200000000001  0.0061  
6892.5  0.00678  
6896.900000000001  0.00774  
6901.2  0.00918  
6905.599999999999  0.01133  
6910.0  0.01419  
6914.299999999999  0.01808  
6918.7  0.02337  
6923.0  0.03067  
6927.4  0.04067  
6931.799999999999  0.05395  
6936.1  0.07048  
6940.5  0.09035  
6944.8  0.11469  
6949.2  0.14427  
6953.6  0.17875  
6957.9  0.21838  
6962.3  0.26331  
6966.599999999999  0.31355  
6971.0  0.3687  
6975.4  0.4272  
6979.700000000001  0.4877  
6984.099999999999  0.54873  
6988.5  0.60823  
6992.799999999999  0.66388  
6997.200000000001  0.71346  
7001.599999999999  0.75479  
7005.900000000001  0.78714  
7010.299999999999  0.81204  
7014.700000000001  0.83132  
7019.0  0.8467  
7023.400000000001  0.85893  
7027.799999999999  0.86835  
7032.1  0.87635  
7036.5  0.8839  
7040.900000000001  0.89108  
7045.2  0.8971  
7049.6  0.9021  
7054.0  0.90711  
7058.3  0.912  
7062.7  0.91607  
7067.1  0.91874  
7071.5  0.92093  
7075.8  0.92336  
7080.2  0.92539  
7084.6  0.92713  
7088.9  0.92845  
7093.3  0.92943  
7097.7  0.93027  
7102.1  0.93064  
7106.4  0.9307  
7110.8  0.93068  
7115.2  0.93029  
7119.6  0.92936  
7123.9  0.92841  
7128.3  0.92797  
7132.7  0.92668  
7137.1  0.92374  
7141.4  0.92186  
7145.8  0.92117  
7150.2  0.91906  
7154.6  0.91627  
7159.0  0.91472  
7163.3  0.91418  
7167.7  0.91356  
7172.1  0.91266  
7176.5  0.91215  
7180.900000000001  0.9125  
7185.2  0.91357  
7189.6  0.91399  
7194.0  0.91417  
7198.400000000001  0.9154  
7202.799999999999  0.91652  
7207.1  0.91699  
7211.5  0.91774  
7215.900000000001  0.91898  
7220.299999999999  0.91974  
7224.700000000001  0.91958  
7229.099999999999  0.91972  
7233.400000000001  0.9212  
7237.799999999999  0.92283  
7242.200000000001  0.92372  
7246.599999999999  0.92521  
7251.0  0.92711  
7255.4  0.92835  
7259.700000000001  0.92932  
7264.099999999999  0.93033  
7268.5  0.93157  
7272.9  0.93336  
7277.3  0.93472  
7281.7  0.93492  
7286.1  0.93496  
7290.5  0.93574  
7294.9  0.93669  
7299.2  0.93742  
7303.6  0.93818  
7308.0  0.93863  
7312.4  0.93902  
7316.799999999999  0.93953  
7321.2  0.93985  
7325.599999999999  0.94016  
7330.0  0.94077  
7334.400000000001  0.94112  
7338.8  0.94111  
7343.099999999999  0.94106  
7347.5  0.94126  
7351.900000000001  0.94134  
7356.3  0.94102  
7360.700000000001  0.94023  
7365.1  0.93952  
7369.5  0.93937  
7373.9  0.93958  
7378.3  0.93941  
7382.7  0.93881  
7387.1  0.9386  
7391.5  0.93874  
7395.900000000001  0.93894  
7400.299999999999  0.93848  
7404.700000000001  0.93815  
7409.099999999999  0.93839  
7413.5  0.93891  
7417.9  0.94  
7422.3  0.94034  
7426.7  0.93918  
7431.1  0.93877  
7435.5  0.93993  
7439.9  0.94014  
7444.299999999999  0.93902  
7448.7  0.93838  
7453.099999999999  0.93807  
7457.5  0.93742  
7461.900000000001  0.93706  
7466.3  0.93716  
7470.700000000001  0.9371  
7475.1  0.93678  
7479.5  0.93657  
7483.9  0.93625  
7488.3  0.93581  
7492.7  0.93579  
7497.1  0.93614  
7501.5  0.93645  
7505.900000000001  0.93675  
7510.299999999999  0.93702  
7514.700000000001  0.93729  
7519.099999999999  0.93781  
7523.5  0.93814  
7527.9  0.93827  
7532.3  0.93856  
7536.799999999999  0.93857  
7541.2  0.93838  
7545.599999999999  0.93904  
7550.0  0.93961  
7554.400000000001  0.93976  
7558.8  0.94068  
7563.200000000001  0.94161  
7567.6  0.94186  
7572.0  0.94235  
7576.4  0.9434  
7580.8  0.94395  
7585.299999999999  0.94381  
7589.700000000001  0.94404  
7594.099999999999  0.9447  
7598.5  0.94508  
7602.9  0.94505  
7607.3  0.9451  
7611.7  0.94563  
7616.1  0.94614  
7620.599999999999  0.94613  
7625.0  0.94568  
7629.400000000001  0.94547  
7633.8  0.9454  
7638.200000000001  0.94517  
7642.6  0.94515  
7647.0  0.9451  
7651.5  0.9452  
7655.900000000001  0.94559  
7660.299999999999  0.94585  
7664.700000000001  0.94536  
7669.099999999999  0.94486  
7673.5  0.94508  
7678.0  0.94523  
7682.4  0.94498  
7686.799999999999  0.94484  
7691.2  0.9447  
7695.599999999999  0.94416  
7700.0  0.9435  
7704.5  0.94299  
7708.9  0.94251  
7713.3  0.94208  
7717.7  0.94182  
7722.1  0.94158  
7726.599999999999  0.94088  
7731.0  0.9403  
7735.4  0.94055  
7739.8  0.94075  
7744.299999999999  0.94063  
7748.7  0.94044  
7753.099999999999  0.93993  
7757.5  0.94013  
7761.900000000001  0.9415  
7766.4  0.94218  
7770.8  0.94168  
7775.2  0.94175  
7779.6  0.94227  
7784.099999999999  0.94246  
7788.5  0.94257  
7792.9  0.94269  
7797.3  0.94235  
7801.799999999999  0.94187  
7806.2  0.9421  
7810.599999999999  0.94226  
7815.0  0.942  
7819.5  0.94171  
7823.9  0.94116  
7828.3  0.94042  
7832.799999999999  0.94029  
7837.200000000001  0.94024  
7841.599999999999  0.93993  
7846.0  0.93987  
7850.5  0.93975  
7854.9  0.9394  
7859.299999999999  0.93867  
7863.8  0.93773  
7868.200000000001  0.93711  
7872.6  0.93699  
7877.1  0.9367  
7881.5  0.93645  
7885.900000000001  0.93667  
7890.4  0.93612  
7894.8  0.93529  
7899.2  0.935  
7903.7  0.93513  
7908.099999999999  0.93519  
7912.5  0.93502  
7917.0  0.93539  
7921.4  0.93634  
7925.8  0.93643  
7930.299999999999  0.93629  
7934.700000000001  0.93708  
7939.099999999999  0.93752  
7943.6  0.93816  
7948.0  0.93971  
7952.4  0.94098  
7956.900000000001  0.94125  
7961.3  0.94113  
7965.700000000001  0.94141  
7970.2  0.9423  
7974.6  0.94328  
7979.099999999999  0.94403  
7983.5  0.94429  
7987.9  0.94434  
7992.4  0.94434  
7996.799999999999  0.94394  
8001.3  0.9443  
8005.700000000001  0.94528  
8010.1  0.9453  
8014.6  0.94456  
8019.0  0.94404  
8023.5  0.94354  
8027.9  0.94358  
8032.3  0.94389  
8036.799999999999  0.94328  
8041.2  0.94218  
8045.700000000001  0.9416  
8050.1  0.94158  
8054.6  0.94153  
8059.0  0.94076  
8063.400000000001  0.93996  
8067.9  0.93995  
8072.3  0.93945  
8076.799999999999  0.9387  
8081.2  0.93848  
8085.700000000001  0.93759  
8090.1  0.93573  
8094.6  0.93525  
8099.0  0.93641  
8103.5  0.93716  
8107.9  0.9369  
8112.3  0.93649  
8116.799999999999  0.93656  
8121.2  0.93668  
8125.700000000001  0.93602  
8130.1  0.93573  
8134.6  0.93636  
8139.0  0.93693  
8143.5  0.93668  
8147.9  0.93617  
8152.4  0.93648  
8156.799999999999  0.93738  
8161.3  0.9376  
8165.700000000001  0.93737  
8170.2  0.93766  
8174.6  0.93811  
8179.099999999999  0.93838  
8183.5  0.93795  
8188.0  0.93758  
8192.4  0.93771  
8196.900000000001  0.93784  
8201.4  0.93791  
8205.800000000001  0.93755  
8210.3  0.93712  
8214.7  0.93769  
8219.199999999999  0.93809  
8223.6  0.93747  
8228.099999999999  0.93702  
8232.5  0.93673  
8237.0  0.93568  
8241.4  0.93507  
8245.9  0.93505  
8250.3  0.93448  
8254.8  0.93367  
8259.3  0.93265  
8263.7  0.93152  
8268.2  0.93096  
8272.6  0.93098  
8277.1  0.93073  
8281.5  0.93006  
8286.0  0.92971  
8290.5  0.92973  
8294.9  0.92973  
8299.400000000001  0.92996  
8303.8  0.93048  
8308.300000000001  0.93141  
8312.8  0.93223  
8317.2  0.93189  
8321.699999999999  0.93186  
8326.1  0.93288  
8330.599999999999  0.9337  
8335.1  0.93401  
8339.5  0.9337  
8344.0  0.933  
8348.4  0.93326  
8352.9  0.93374  
8357.4  0.9334  
8361.8  0.93264  
8366.3  0.93175  
8370.800000000001  0.93166  
8375.2  0.9321  
8379.7  0.93178  
8384.199999999999  0.93096  
8388.6  0.93017  
8393.099999999999  0.92933  
8397.5  0.92815  
8402.0  0.92647  
8406.5  0.92541  
8410.9  0.92493  
8415.4  0.92323  
8419.9  0.92046  
8424.3  0.91865  
8428.8  0.9175  
8433.300000000001  0.91592  
8437.7  0.9143  
8442.2  0.91283  
8446.699999999999  0.91108  
8451.1  0.90918  
8455.599999999999  0.90702  
8460.1  0.90463  
8464.6  0.90259  
8469.0  0.90096  
8473.5  0.89883  
8478.0  0.8955  
8482.4  0.89124  
8486.900000000001  0.88641  
8491.4  0.88112  
8495.800000000001  0.8749  
8500.3  0.8674  
8504.8  0.85771  
8509.3  0.84478  
8513.7  0.8301  
8518.2  0.813  
8522.7  0.79177  
8527.1  0.7672  
8531.6  0.74053  
8536.1  0.71141  
8540.599999999999  0.67967  
8545.0  0.64506  
8549.5  0.60748  
8554.0  0.56805  
8558.5  0.52711  
8562.9  0.48408  
8567.4  0.43883  
8571.900000000001  0.3934  
8576.4  0.34837  
8580.800000000001  0.30303  
8585.3  0.25875  
8589.8  0.21735  
8594.3  0.17999  
8598.7  0.14727  
8603.2  0.1195  
8607.7  0.09698  
8612.2  0.07928  
8616.699999999999  0.06521  
8621.1  0.05414  
8625.599999999999  0.04573  
8630.1  0.03891  
8634.6  0.03332  
8639.0  0.02921  
8643.5  0.02616  
8648.0  0.02348  
8652.5  0.02123  
8657.0  0.01891  
8661.4  0.01696  
8665.9  0.01583  
8670.4  0.01488  
8674.9  0.01374  
8679.400000000001  0.01264  
8683.8  0.01184  
8688.300000000001  0.01153  
8692.8  0.0111  
8697.3  0.01026  
8701.8  0.00979  
8706.3  0.00962  
8710.7  0.00923  
8715.2  0.00903  
8719.7  0.00904  
8724.199999999999  0.0087  
8728.7  0.00846  
8733.2  0.00841  
8737.6  0.00818  
8742.1  0.00775  
8746.6  0.00758  
8751.1  0.00784  
8755.599999999999  0.00807  
8760.1  0.00788  
8764.6  0.0077  
8769.0  0.00762  
8773.5  0.00775  
8778.0  0.0079  
8782.5  0.00791  
8787.0  0.00792  
8791.5  0.00792  
8796.0  0.00789  

