@MEASUREMENT_RADIUS 26.0 cm
#lambda:
#tr:
#end
6251.799999999999  0.00225  
6256.1  0.00227  
6260.4  0.00227  
6264.700000000001  0.00225  
6269.0  0.00232  
6273.3  0.00238  
6277.6  0.0023  
6281.900000000001  0.00227  
6286.2  0.00236  
6290.5  0.00241  
6294.8  0.00253  
6299.099999999999  0.00252  
6303.400000000001  0.00239  
6307.7  0.00231  
6312.0  0.00233  
6316.3  0.00244  
6320.599999999999  0.00253  
6325.0  0.00256  
6329.299999999999  0.00264  
6333.6  0.00268  
6337.9  0.00272  
6342.200000000001  0.00272  
6346.5  0.0027  
6350.8  0.00276  
6355.1  0.00279  
6359.400000000001  0.00282  
6363.7  0.00287  
6368.099999999999  0.00277  
6372.4  0.00266  
6376.7  0.00274  
6381.0  0.00287  
6385.299999999999  0.00294  
6389.6  0.00299  
6393.9  0.00301  
6398.200000000001  0.00298  
6402.6  0.00293  
6406.900000000001  0.00298  
6411.2  0.00303  
6415.5  0.00309  
6419.8  0.00313  
6424.099999999999  0.003  
6428.5  0.00296  
6432.799999999999  0.00307  
6437.1  0.00306  
6441.4  0.00294  
6445.700000000001  0.00297  
6450.0  0.003  
6454.400000000001  0.00302  
6458.7  0.00298  
6463.0  0.00294  
6467.3  0.003  
6471.599999999999  0.00314  
6476.0  0.00322  
6480.299999999999  0.00308  
6484.6  0.00301  
6488.9  0.00307  
6493.3  0.00302  
6497.6  0.00293  
6501.900000000001  0.00293  
6506.2  0.00303  
6510.5  0.00302  
6514.9  0.00283  
6519.2  0.00284  
6523.5  0.00301  
6527.799999999999  0.00318  
6532.200000000001  0.00325  
6536.5  0.0032  
6540.8  0.00297  
6545.2  0.00278  
6549.5  0.00291  
6553.8  0.003  
6558.099999999999  0.00301  
6562.5  0.00302  
6566.799999999999  0.00306  
6571.1  0.00305  
6575.5  0.00301  
6579.8  0.00293  
6584.099999999999  0.00295  
6588.400000000001  0.00309  
6592.799999999999  0.00309  
6597.1  0.00305  
6601.4  0.00313  
6605.8  0.00311  
6610.1  0.00301  
6614.400000000001  0.00307  
6618.8  0.00315  
6623.099999999999  0.00315  
6627.4  0.00306  
6631.799999999999  0.00314  
6636.1  0.00339  
6640.4  0.0035  
6644.8  0.00349  
6649.099999999999  0.00351  
6653.5  0.00345  
6657.799999999999  0.00336  
6662.1  0.00338  
6666.5  0.00344  
6670.8  0.00352  
6675.1  0.00358  
6679.5  0.00347  
6683.8  0.00344  
6688.200000000001  0.00352  
6692.5  0.00355  
6696.799999999999  0.00361  
6701.2  0.00364  
6705.5  0.00363  
6709.9  0.00368  
6714.2  0.00364  
6718.5  0.00359  
6722.9  0.00363  
6727.200000000001  0.00365  
6731.599999999999  0.00374  
6735.900000000001  0.0038  
6740.299999999999  0.00371  
6744.6  0.00365  
6748.9  0.00375  
6753.3  0.00394  
6757.6  0.00404  
6762.0  0.00399  
6766.3  0.00393  
6770.700000000001  0.00387  
6775.0  0.00388  
6779.400000000001  0.00393  
6783.7  0.00397  
6788.099999999999  0.00406  
6792.4  0.00404  
6796.799999999999  0.00394  
6801.1  0.00399  
6805.5  0.00407  
6809.8  0.00396  
6814.2  0.00394  
6818.5  0.00411  
6822.9  0.00407  
6827.200000000001  0.0039  
6831.599999999999  0.00394  
6835.900000000001  0.00415  
6840.299999999999  0.0043  
6844.6  0.00421  
6849.0  0.0041  
6853.3  0.00422  
6857.7  0.00453  
6862.0  0.00471  
6866.4  0.00474  
6870.700000000001  0.00496  
6875.1  0.00555  
6879.5  0.00637  
6883.8  0.00706  
6888.200000000001  0.00796  
6892.5  0.00957  
6896.900000000001  0.01188  
6901.2  0.01492  
6905.599999999999  0.01911  
6910.0  0.0247  
6914.299999999999  0.03233  
6918.7  0.04262  
6923.0  0.05603  
6927.4  0.07292  
6931.799999999999  0.09363  
6936.1  0.11847  
6940.5  0.14802  
6944.8  0.18275  
6949.2  0.22294  
6953.6  0.26842  
6957.9  0.3189  
6962.3  0.37371  
6966.599999999999  0.43196  
6971.0  0.49259  
6975.4  0.55352  
6979.700000000001  0.61304  
6984.099999999999  0.66928  
6988.5  0.71871  
6992.799999999999  0.75904  
6997.200000000001  0.79132  
7001.599999999999  0.81678  
7005.900000000001  0.83635  
7010.299999999999  0.85143  
7014.700000000001  0.86346  
7019.0  0.8736  
7023.400000000001  0.88223  
7027.799999999999  0.88986  
7032.1  0.89674  
7036.5  0.90217  
7040.900000000001  0.9071  
7045.2  0.91215  
7049.6  0.91642  
7054.0  0.91992  
7058.3  0.92334  
7062.7  0.92626  
7067.1  0.92828  
7071.5  0.93013  
7075.8  0.9315  
7080.2  0.93186  
7084.6  0.93204  
7088.9  0.93258  
7093.3  0.93296  
7097.7  0.93289  
7102.1  0.9327  
7106.4  0.93223  
7110.8  0.93124  
7115.2  0.93001  
7119.6  0.92911  
7123.9  0.92807  
7128.3  0.92627  
7132.7  0.92432  
7137.1  0.92222  
7141.4  0.92089  
7145.8  0.92062  
7150.2  0.91943  
7154.6  0.91755  
7159.0  0.91681  
7163.3  0.9172  
7167.7  0.91761  
7172.1  0.91748  
7176.5  0.91737  
7180.900000000001  0.91814  
7185.2  0.91921  
7189.6  0.91932  
7194.0  0.91928  
7198.400000000001  0.91999  
7202.799999999999  0.92057  
7207.1  0.92042  
7211.5  0.91985  
7215.900000000001  0.91973  
7220.299999999999  0.92043  
7224.700000000001  0.92115  
7229.099999999999  0.92197  
7233.400000000001  0.92316  
7237.799999999999  0.92422  
7242.200000000001  0.92562  
7246.599999999999  0.92772  
7251.0  0.92964  
7255.4  0.93145  
7259.700000000001  0.93341  
7264.099999999999  0.93521  
7268.5  0.93734  
7272.9  0.93988  
7277.3  0.94137  
7281.7  0.94195  
7286.1  0.94279  
7290.5  0.94397  
7294.9  0.94481  
7299.2  0.94522  
7303.6  0.94575  
7308.0  0.94583  
7312.4  0.94557  
7316.799999999999  0.94583  
7321.2  0.94614  
7325.599999999999  0.94567  
7330.0  0.94517  
7334.400000000001  0.94492  
7338.8  0.9443  
7343.099999999999  0.9436  
7347.5  0.94324  
7351.900000000001  0.94255  
7356.3  0.94216  
7360.700000000001  0.94238  
7365.1  0.94214  
7369.5  0.94173  
7373.9  0.94181  
7378.3  0.94208  
7382.7  0.94224  
7387.1  0.94223  
7391.5  0.94278  
7395.900000000001  0.94402  
7400.299999999999  0.94435  
7404.700000000001  0.94392  
7409.099999999999  0.94378  
7413.5  0.94427  
7417.9  0.94502  
7422.3  0.9452  
7426.7  0.94468  
7431.1  0.94413  
7435.5  0.94341  
7439.9  0.94211  
7444.299999999999  0.94115  
7448.7  0.94054  
7453.099999999999  0.93964  
7457.5  0.93896  
7461.900000000001  0.93852  
7466.3  0.93809  
7470.700000000001  0.93778  
7475.1  0.93763  
7479.5  0.93768  
7483.9  0.9378  
7488.3  0.93831  
7492.7  0.93899  
7497.1  0.93966  
7501.5  0.94042  
7505.900000000001  0.94079  
7510.299999999999  0.94137  
7514.700000000001  0.94243  
7519.099999999999  0.94315  
7523.5  0.94364  
7527.9  0.94415  
7532.3  0.94432  
7536.799999999999  0.94446  
7541.2  0.94517  
7545.599999999999  0.94592  
7550.0  0.94566  
7554.400000000001  0.94544  
7558.8  0.94602  
7563.200000000001  0.94664  
7567.6  0.947  
7572.0  0.94684  
7576.4  0.94713  
7580.8  0.94793  
7585.299999999999  0.94821  
7589.700000000001  0.94828  
7594.099999999999  0.94856  
7598.5  0.94895  
7602.9  0.94909  
7607.3  0.94917  
7611.7  0.94922  
7616.1  0.94912  
7620.599999999999  0.94971  
7625.0  0.95018  
7629.400000000001  0.94946  
7633.8  0.94914  
7638.200000000001  0.94958  
7642.6  0.94955  
7647.0  0.94937  
7651.5  0.94965  
7655.900000000001  0.94952  
7660.299999999999  0.94881  
7664.700000000001  0.94847  
7669.099999999999  0.94839  
7673.5  0.94776  
7678.0  0.94702  
7682.4  0.94657  
7686.799999999999  0.94664  
7691.2  0.9467  
7695.599999999999  0.94546  
7700.0  0.94444  
7704.5  0.94465  
7708.9  0.94451  
7713.3  0.94377  
7717.7  0.94337  
7722.1  0.94383  
7726.599999999999  0.94416  
7731.0  0.94387  
7735.4  0.94431  
7739.8  0.94537  
7744.299999999999  0.94597  
7748.7  0.94596  
7753.099999999999  0.94602  
7757.5  0.94656  
7761.900000000001  0.9474  
7766.4  0.94785  
7770.8  0.94777  
7775.2  0.94795  
7779.6  0.94769  
7784.099999999999  0.94659  
7788.5  0.94553  
7792.9  0.94474  
7797.3  0.94418  
7801.799999999999  0.9437  
7806.2  0.9429  
7810.599999999999  0.94194  
7815.0  0.94141  
7819.5  0.94084  
7823.9  0.94008  
7828.3  0.93967  
7832.799999999999  0.93929  
7837.200000000001  0.9385  
7841.599999999999  0.93799  
7846.0  0.9382  
7850.5  0.9389  
7854.9  0.9394  
7859.299999999999  0.93929  
7863.8  0.93972  
7868.200000000001  0.94073  
7872.6  0.94113  
7877.1  0.94087  
7881.5  0.94089  
7885.900000000001  0.94153  
7890.4  0.94236  
7894.8  0.94358  
7899.2  0.94447  
7903.7  0.94439  
7908.099999999999  0.94423  
7912.5  0.94481  
7917.0  0.94545  
7921.4  0.94579  
7925.8  0.94606  
7930.299999999999  0.9465  
7934.700000000001  0.94719  
7939.099999999999  0.94801  
7943.6  0.94858  
7948.0  0.94889  
7952.4  0.94912  
7956.900000000001  0.94894  
7961.3  0.94869  
7965.700000000001  0.94899  
7970.2  0.94935  
7974.6  0.94906  
7979.099999999999  0.94898  
7983.5  0.94904  
7987.9  0.94919  
7992.4  0.94944  
7996.799999999999  0.94928  
8001.3  0.94903  
8005.700000000001  0.94872  
8010.1  0.94835  
8014.6  0.94812  
8019.0  0.94805  
8023.5  0.94759  
8027.9  0.94728  
8032.3  0.94703  
8036.799999999999  0.94649  
8041.2  0.94605  
8045.700000000001  0.94561  
8050.1  0.94498  
8054.6  0.94442  
8059.0  0.94424  
8063.400000000001  0.94363  
8067.9  0.94289  
8072.3  0.94248  
8076.799999999999  0.94221  
8081.2  0.94128  
8085.700000000001  0.94019  
8090.1  0.93997  
8094.6  0.94027  
8099.0  0.94061  
8103.5  0.94084  
8107.9  0.94076  
8112.3  0.94099  
8116.799999999999  0.94138  
8121.2  0.94135  
8125.700000000001  0.9415  
8130.1  0.9422  
8134.6  0.94289  
8139.0  0.9432  
8143.5  0.94331  
8147.9  0.94353  
8152.4  0.94378  
8156.799999999999  0.94414  
8161.3  0.94462  
8165.700000000001  0.94485  
8170.2  0.94451  
8174.6  0.94414  
8179.099999999999  0.94432  
8183.5  0.94378  
8188.0  0.94302  
8192.4  0.943  
8196.900000000001  0.94279  
8201.4  0.94281  
8205.800000000001  0.9431  
8210.3  0.94261  
8214.7  0.94143  
8219.199999999999  0.94051  
8223.6  0.94053  
8228.099999999999  0.94047  
8232.5  0.93957  
8237.0  0.93846  
8241.4  0.93803  
8245.9  0.93823  
8250.3  0.93779  
8254.8  0.93715  
8259.3  0.93712  
8263.7  0.93691  
8268.2  0.93698  
8272.6  0.9375  
8277.1  0.93756  
8281.5  0.93761  
8286.0  0.93805  
8290.5  0.93862  
8294.9  0.93925  
8299.400000000001  0.94019  
8303.8  0.94112  
8308.300000000001  0.94144  
8312.8  0.94157  
8317.2  0.94195  
8321.699999999999  0.94204  
8326.1  0.94228  
8330.599999999999  0.94275  
8335.1  0.94253  
8339.5  0.94191  
8344.0  0.94148  
8348.4  0.9415  
8352.9  0.94118  
8357.4  0.94028  
8361.8  0.93894  
8366.3  0.93749  
8370.800000000001  0.93697  
8375.2  0.93663  
8379.7  0.93557  
8384.199999999999  0.93457  
8388.6  0.93358  
8393.099999999999  0.93277  
8397.5  0.93269  
8402.0  0.93245  
8406.5  0.93117  
8410.9  0.92985  
8415.4  0.92839  
8419.9  0.92675  
8424.3  0.92605  
8428.8  0.9256  
8433.300000000001  0.92393  
8437.7  0.92204  
8442.2  0.92108  
8446.699999999999  0.92005  
8451.1  0.91871  
8455.599999999999  0.91729  
8460.1  0.91533  
8464.6  0.91335  
8469.0  0.91207  
8473.5  0.90947  
8478.0  0.90524  
8482.4  0.90131  
8486.900000000001  0.89672  
8491.4  0.8906  
8495.800000000001  0.88274  
8500.3  0.87297  
8504.8  0.86161  
8509.3  0.84762  
8513.7  0.83039  
8518.2  0.80987  
8522.7  0.78689  
8527.1  0.76166  
8531.6  0.7333  
8536.1  0.70161  
8540.599999999999  0.66754  
8545.0  0.63137  
8549.5  0.59287  
8554.0  0.55206  
8558.5  0.50946  
8562.9  0.46573  
8567.4  0.42  
8571.900000000001  0.3734  
8576.4  0.32761  
8580.800000000001  0.28273  
8585.3  0.23966  
8589.8  0.19989  
8594.3  0.16451  
8598.7  0.13408  
8603.2  0.10893  
8607.7  0.08848  
8612.2  0.07207  
8616.699999999999  0.05935  
8621.1  0.04975  
8625.599999999999  0.04224  
8630.1  0.03625  
8634.6  0.03158  
8639.0  0.02795  
8643.5  0.02502  
8648.0  0.02215  
8652.5  0.01972  
8657.0  0.01802  
8661.4  0.01681  
8665.9  0.0156  
8670.4  0.01434  
8674.9  0.01333  
8679.400000000001  0.01257  
8683.8  0.012  
8688.300000000001  0.01168  
8692.8  0.01121  
8697.3  0.01043  
8701.8  0.01  
8706.3  0.00993  
8710.7  0.0096  
8715.2  0.00911  
8719.7  0.0089  
8724.199999999999  0.00883  
8728.7  0.00889  
8733.2  0.00881  
8737.6  0.00864  
8742.1  0.00837  
8746.6  0.00815  
8751.1  0.00806  
8755.599999999999  0.00821  
8760.1  0.00824  
8764.6  0.00817  
8769.0  0.00812  
8773.5  0.00814  
8778.0  0.00805  
8782.5  0.008  
8787.0  0.00793  
8791.5  0.00802  
8796.0  0.00827  

