@MEASUREMENT_RADIUS 27.0 cm
#lambda:
#tr:
#end
6251.799999999999  0.00226  
6256.1  0.0023  
6260.4  0.00235  
6264.700000000001  0.00244  
6269.0  0.00242  
6273.3  0.00231  
6277.6  0.00234  
6281.900000000001  0.00243  
6286.2  0.00253  
6290.5  0.00256  
6294.8  0.00253  
6299.099999999999  0.00246  
6303.400000000001  0.0025  
6307.7  0.00259  
6312.0  0.00259  
6316.3  0.00256  
6320.599999999999  0.00267  
6325.0  0.00273  
6329.299999999999  0.00269  
6333.6  0.0027  
6337.9  0.00274  
6342.200000000001  0.00276  
6346.5  0.00279  
6350.8  0.00283  
6355.1  0.00285  
6359.400000000001  0.00289  
6363.7  0.00288  
6368.099999999999  0.00281  
6372.4  0.00271  
6376.7  0.00262  
6381.0  0.00272  
6385.299999999999  0.00294  
6389.6  0.003  
6393.9  0.00292  
6398.200000000001  0.00288  
6402.6  0.00296  
6406.900000000001  0.00308  
6411.2  0.00304  
6415.5  0.003  
6419.8  0.00313  
6424.099999999999  0.00318  
6428.5  0.00298  
6432.799999999999  0.00292  
6437.1  0.0031  
6441.4  0.00315  
6445.700000000001  0.00305  
6450.0  0.00297  
6454.400000000001  0.00308  
6458.7  0.00317  
6463.0  0.00308  
6467.3  0.00307  
6471.599999999999  0.00314  
6476.0  0.00309  
6480.299999999999  0.00296  
6484.6  0.00294  
6488.9  0.0031  
6493.3  0.00316  
6497.6  0.00295  
6501.900000000001  0.00286  
6506.2  0.00298  
6510.5  0.0031  
6514.9  0.00309  
6519.2  0.00307  
6523.5  0.00304  
6527.799999999999  0.003  
6532.200000000001  0.00312  
6536.5  0.00316  
6540.8  0.00309  
6545.2  0.00301  
6549.5  0.003  
6553.8  0.00299  
6558.099999999999  0.00294  
6562.5  0.00291  
6566.799999999999  0.003  
6571.1  0.00302  
6575.5  0.003  
6579.8  0.00298  
6584.099999999999  0.00297  
6588.400000000001  0.00295  
6592.799999999999  0.00296  
6597.1  0.00305  
6601.4  0.0031  
6605.8  0.00304  
6610.1  0.00296  
6614.400000000001  0.00299  
6618.8  0.00316  
6623.099999999999  0.00325  
6627.4  0.00323  
6631.799999999999  0.0034  
6636.1  0.00338  
6640.4  0.00323  
6644.8  0.00341  
6649.099999999999  0.00362  
6653.5  0.00348  
6657.799999999999  0.00337  
6662.1  0.00345  
6666.5  0.00345  
6670.8  0.00344  
6675.1  0.0035  
6679.5  0.00344  
6683.8  0.00351  
6688.200000000001  0.00366  
6692.5  0.00368  
6696.799999999999  0.00367  
6701.2  0.00375  
6705.5  0.00373  
6709.9  0.00365  
6714.2  0.00365  
6718.5  0.00372  
6722.9  0.00371  
6727.200000000001  0.00368  
6731.599999999999  0.00368  
6735.900000000001  0.00368  
6740.299999999999  0.00377  
6744.6  0.00383  
6748.9  0.00381  
6753.3  0.00388  
6757.6  0.00401  
6762.0  0.00404  
6766.3  0.00404  
6770.700000000001  0.00399  
6775.0  0.00388  
6779.400000000001  0.00391  
6783.7  0.0041  
6788.099999999999  0.00411  
6792.4  0.00397  
6796.799999999999  0.00392  
6801.1  0.00398  
6805.5  0.00408  
6809.8  0.00416  
6814.2  0.00416  
6818.5  0.00409  
6822.9  0.0041  
6827.200000000001  0.00428  
6831.599999999999  0.00432  
6835.900000000001  0.00426  
6840.299999999999  0.00436  
6844.6  0.0046  
6849.0  0.00489  
6853.3  0.00504  
6857.7  0.00532  
6862.0  0.00587  
6866.4  0.00649  
6870.700000000001  0.00726  
6875.1  0.00841  
6879.5  0.01001  
6883.8  0.01211  
6888.200000000001  0.01466  
6892.5  0.01793  
6896.900000000001  0.02233  
6901.2  0.02794  
6905.599999999999  0.03524  
6910.0  0.0447  
6914.299999999999  0.05659  
6918.7  0.07115  
6923.0  0.08911  
6927.4  0.11102  
6931.799999999999  0.13692  
6936.1  0.16679  
6940.5  0.20105  
6944.8  0.24021  
6949.2  0.28446  
6953.6  0.33342  
6957.9  0.38664  
6962.3  0.44348  
6966.599999999999  0.50253  
6971.0  0.56173  
6975.4  0.61963  
6979.700000000001  0.67444  
6984.099999999999  0.72318  
6988.5  0.76351  
6992.799999999999  0.79532  
6997.200000000001  0.82052  
7001.599999999999  0.84043  
7005.900000000001  0.85524  
7010.299999999999  0.8663  
7014.700000000001  0.87582  
7019.0  0.88481  
7023.400000000001  0.89267  
7027.799999999999  0.89904  
7032.1  0.90466  
7036.5  0.90993  
7040.900000000001  0.91464  
7045.2  0.91849  
7049.6  0.92156  
7054.0  0.92467  
7058.3  0.92776  
7062.7  0.92917  
7067.1  0.92974  
7071.5  0.93095  
7075.8  0.9321  
7080.2  0.9326  
7084.6  0.93297  
7088.9  0.93293  
7093.3  0.93232  
7097.7  0.93203  
7102.1  0.93224  
7106.4  0.93187  
7110.8  0.93067  
7115.2  0.92947  
7119.6  0.92846  
7123.9  0.92744  
7128.3  0.92631  
7132.7  0.92451  
7137.1  0.92215  
7141.4  0.92115  
7145.8  0.92118  
7150.2  0.92044  
7154.6  0.91919  
7159.0  0.91806  
7163.3  0.91764  
7167.7  0.91791  
7172.1  0.91814  
7176.5  0.91812  
7180.900000000001  0.91839  
7185.2  0.91897  
7189.6  0.91918  
7194.0  0.91926  
7198.400000000001  0.91972  
7202.799999999999  0.92001  
7207.1  0.91964  
7211.5  0.91958  
7215.900000000001  0.92021  
7220.299999999999  0.92119  
7224.700000000001  0.92241  
7229.099999999999  0.92386  
7233.400000000001  0.92572  
7237.799999999999  0.92729  
7242.200000000001  0.92891  
7246.599999999999  0.9318  
7251.0  0.93476  
7255.4  0.93667  
7259.700000000001  0.93831  
7264.099999999999  0.94011  
7268.5  0.9421  
7272.9  0.94403  
7277.3  0.94541  
7281.7  0.94612  
7286.1  0.94624  
7290.5  0.94674  
7294.9  0.94741  
7299.2  0.94722  
7303.6  0.94684  
7308.0  0.9466  
7312.4  0.94646  
7316.799999999999  0.94611  
7321.2  0.94528  
7325.599999999999  0.9446  
7330.0  0.94481  
7334.400000000001  0.94522  
7338.8  0.94521  
7343.099999999999  0.94447  
7347.5  0.94369  
7351.900000000001  0.94349  
7356.3  0.94382  
7360.700000000001  0.94418  
7365.1  0.94388  
7369.5  0.94323  
7373.9  0.94348  
7378.3  0.94422  
7382.7  0.94449  
7387.1  0.94485  
7391.5  0.94539  
7395.900000000001  0.94572  
7400.299999999999  0.94536  
7404.700000000001  0.94519  
7409.099999999999  0.94554  
7413.5  0.94566  
7417.9  0.94537  
7422.3  0.94492  
7426.7  0.94412  
7431.1  0.94316  
7435.5  0.94238  
7439.9  0.94149  
7444.299999999999  0.94062  
7448.7  0.94005  
7453.099999999999  0.93972  
7457.5  0.93918  
7461.900000000001  0.93877  
7466.3  0.93894  
7470.700000000001  0.93926  
7475.1  0.9393  
7479.5  0.93991  
7483.9  0.94118  
7488.3  0.94171  
7492.7  0.94178  
7497.1  0.94253  
7501.5  0.94345  
7505.900000000001  0.94397  
7510.299999999999  0.94449  
7514.700000000001  0.94509  
7519.099999999999  0.94544  
7523.5  0.94583  
7527.9  0.94615  
7532.3  0.9462  
7536.799999999999  0.94678  
7541.2  0.94718  
7545.599999999999  0.94708  
7550.0  0.94698  
7554.400000000001  0.94698  
7558.8  0.94739  
7563.200000000001  0.94808  
7567.6  0.94836  
7572.0  0.9482  
7576.4  0.94859  
7580.8  0.94954  
7585.299999999999  0.95003  
7589.700000000001  0.95019  
7594.099999999999  0.95037  
7598.5  0.95043  
7602.9  0.95038  
7607.3  0.95046  
7611.7  0.95077  
7616.1  0.95078  
7620.599999999999  0.95037  
7625.0  0.95004  
7629.400000000001  0.95034  
7633.8  0.95091  
7638.200000000001  0.9506  
7642.6  0.94974  
7647.0  0.94933  
7651.5  0.94927  
7655.900000000001  0.94922  
7660.299999999999  0.94921  
7664.700000000001  0.94884  
7669.099999999999  0.94792  
7673.5  0.94725  
7678.0  0.9472  
7682.4  0.94702  
7686.799999999999  0.94712  
7691.2  0.9473  
7695.599999999999  0.94634  
7700.0  0.94558  
7704.5  0.94537  
7708.9  0.94527  
7713.3  0.94603  
7717.7  0.94655  
7722.1  0.94653  
7726.599999999999  0.94646  
7731.0  0.94611  
7735.4  0.94658  
7739.8  0.94772  
7744.299999999999  0.94832  
7748.7  0.94863  
7753.099999999999  0.94893  
7757.5  0.94869  
7761.900000000001  0.94784  
7766.4  0.94743  
7770.8  0.94744  
7775.2  0.9472  
7779.6  0.94641  
7784.099999999999  0.94534  
7788.5  0.94455  
7792.9  0.94366  
7797.3  0.94255  
7801.799999999999  0.94189  
7806.2  0.94151  
7810.599999999999  0.94099  
7815.0  0.94056  
7819.5  0.94016  
7823.9  0.93966  
7828.3  0.93954  
7832.799999999999  0.94005  
7837.200000000001  0.94031  
7841.599999999999  0.94008  
7846.0  0.94047  
7850.5  0.94118  
7854.9  0.94172  
7859.299999999999  0.9434  
7863.8  0.9453  
7868.200000000001  0.94532  
7872.6  0.94461  
7877.1  0.94485  
7881.5  0.94579  
7885.900000000001  0.94679  
7890.4  0.94754  
7894.8  0.9479  
7899.2  0.94817  
7903.7  0.94873  
7908.099999999999  0.94884  
7912.5  0.94835  
7917.0  0.94881  
7921.4  0.94962  
7925.8  0.94931  
7930.299999999999  0.94946  
7934.700000000001  0.95009  
7939.099999999999  0.94964  
7943.6  0.94958  
7948.0  0.95035  
7952.4  0.95073  
7956.900000000001  0.95051  
7961.3  0.9505  
7965.700000000001  0.95081  
7970.2  0.95052  
7974.6  0.94986  
7979.099999999999  0.94992  
7983.5  0.95016  
7987.9  0.95018  
7992.4  0.94999  
7996.799999999999  0.94994  
8001.3  0.95018  
8005.700000000001  0.95001  
8010.1  0.94981  
8014.6  0.94951  
8019.0  0.94874  
8023.5  0.9484  
8027.9  0.94881  
8032.3  0.94853  
8036.799999999999  0.94764  
8041.2  0.94668  
8045.700000000001  0.94579  
8050.1  0.94544  
8054.6  0.94543  
8059.0  0.94524  
8063.400000000001  0.94464  
8067.9  0.94411  
8072.3  0.94369  
8076.799999999999  0.94316  
8081.2  0.94282  
8085.700000000001  0.94316  
8090.1  0.94325  
8094.6  0.94232  
8099.0  0.94201  
8103.5  0.94297  
8107.9  0.94355  
8112.3  0.94385  
8116.799999999999  0.9441  
8121.2  0.94423  
8125.700000000001  0.94486  
8130.1  0.94567  
8134.6  0.94594  
8139.0  0.94586  
8143.5  0.94578  
8147.9  0.9457  
8152.4  0.94589  
8156.799999999999  0.94639  
8161.3  0.94671  
8165.700000000001  0.94654  
8170.2  0.94604  
8174.6  0.94538  
8179.099999999999  0.94492  
8183.5  0.9445  
8188.0  0.94439  
8192.4  0.94401  
8196.900000000001  0.943  
8201.4  0.94284  
8205.800000000001  0.94383  
8210.3  0.94408  
8214.7  0.94284  
8219.199999999999  0.94161  
8223.6  0.94156  
8228.099999999999  0.94204  
8232.5  0.94175  
8237.0  0.94099  
8241.4  0.94089  
8245.9  0.94081  
8250.3  0.94048  
8254.8  0.94057  
8259.3  0.94072  
8263.7  0.9405  
8268.2  0.94071  
8272.6  0.94139  
8277.1  0.94164  
8281.5  0.94205  
8286.0  0.94317  
8290.5  0.94333  
8294.9  0.94301  
8299.400000000001  0.94356  
8303.8  0.94433  
8308.300000000001  0.94444  
8312.8  0.94444  
8317.2  0.94479  
8321.699999999999  0.94497  
8326.1  0.94503  
8330.599999999999  0.94514  
8335.1  0.94487  
8339.5  0.94348  
8344.0  0.94196  
8348.4  0.94166  
8352.9  0.94125  
8357.4  0.94063  
8361.8  0.9402  
8366.3  0.93937  
8370.800000000001  0.93858  
8375.2  0.93768  
8379.7  0.93729  
8384.199999999999  0.93743  
8388.6  0.93698  
8393.099999999999  0.93581  
8397.5  0.93522  
8402.0  0.93481  
8406.5  0.93391  
8410.9  0.93355  
8415.4  0.93229  
8419.9  0.92958  
8424.3  0.92801  
8428.8  0.92688  
8433.300000000001  0.92522  
8437.7  0.92396  
8442.2  0.92238  
8446.699999999999  0.9201  
8451.1  0.91843  
8455.599999999999  0.91694  
8460.1  0.91452  
8464.6  0.91139  
8469.0  0.90807  
8473.5  0.90436  
8478.0  0.89951  
8482.4  0.89384  
8486.900000000001  0.88671  
8491.4  0.87797  
8495.800000000001  0.86848  
8500.3  0.85685  
8504.8  0.84173  
8509.3  0.82345  
8513.7  0.80319  
8518.2  0.78086  
8522.7  0.75576  
8527.1  0.72772  
8531.6  0.69742  
8536.1  0.66449  
8540.599999999999  0.62914  
8545.0  0.59227  
8549.5  0.55333  
8554.0  0.51221  
8558.5  0.4698  
8562.9  0.4259  
8567.4  0.38034  
8571.900000000001  0.33479  
8576.4  0.29034  
8580.800000000001  0.24728  
8585.3  0.20739  
8589.8  0.17161  
8594.3  0.13998  
8598.7  0.1133  
8603.2  0.09206  
8607.7  0.07532  
8612.2  0.06195  
8616.699999999999  0.0514  
8621.1  0.04353  
8625.599999999999  0.03752  
8630.1  0.03242  
8634.6  0.02822  
8639.0  0.02487  
8643.5  0.0225  
8648.0  0.02052  
8652.5  0.01861  
8657.0  0.01664  
8661.4  0.01526  
8665.9  0.01445  
8670.4  0.01355  
8674.9  0.01272  
8679.400000000001  0.01213  
8683.8  0.01146  
8688.300000000001  0.01077  
8692.8  0.01041  
8697.3  0.01012  
8701.8  0.00964  
8706.3  0.00925  
8710.7  0.00909  
8715.2  0.00913  
8719.7  0.0091  
8724.199999999999  0.00871  
8728.7  0.00827  
8733.2  0.008  
8737.6  0.0082  
8742.1  0.00868  
8746.6  0.00851  
8751.1  0.00786  
8755.599999999999  0.00798  
8760.1  0.00839  
8764.6  0.00836  
8769.0  0.00818  
8773.5  0.00836  
8778.0  0.00838  
8782.5  0.00811  
8787.0  0.00777  
8791.5  0.00773  
8796.0  0.00805  

