@MEASUREMENT_RADIUS 23.0 cm
#lambda:
#tr:
#end
6251.799999999999  0.00212  
6256.1  0.00216  
6260.4  0.00225  
6264.700000000001  0.00216  
6269.0  0.00209  
6273.3  0.00225  
6277.6  0.00241  
6281.900000000001  0.00233  
6286.2  0.00227  
6290.5  0.00233  
6294.8  0.0024  
6299.099999999999  0.00241  
6303.400000000001  0.00232  
6307.7  0.00237  
6312.0  0.00256  
6316.3  0.0025  
6320.599999999999  0.00248  
6325.0  0.00263  
6329.299999999999  0.00263  
6333.6  0.00259  
6337.9  0.00264  
6342.200000000001  0.00274  
6346.5  0.0028  
6350.8  0.00275  
6355.1  0.00268  
6359.400000000001  0.00265  
6363.7  0.00271  
6368.099999999999  0.00283  
6372.4  0.00289  
6376.7  0.00276  
6381.0  0.00262  
6385.299999999999  0.00273  
6389.6  0.00288  
6393.9  0.00288  
6398.200000000001  0.00294  
6402.6  0.00307  
6406.900000000001  0.00312  
6411.2  0.003  
6415.5  0.00295  
6419.8  0.00305  
6424.099999999999  0.00312  
6428.5  0.00307  
6432.799999999999  0.00308  
6437.1  0.00312  
6441.4  0.00307  
6445.700000000001  0.00306  
6450.0  0.00303  
6454.400000000001  0.00301  
6458.7  0.00299  
6463.0  0.00292  
6467.3  0.00288  
6471.599999999999  0.00303  
6476.0  0.00318  
6480.299999999999  0.00301  
6484.6  0.00284  
6488.9  0.00291  
6493.3  0.00293  
6497.6  0.00291  
6501.900000000001  0.00295  
6506.2  0.00298  
6510.5  0.003  
6514.9  0.00304  
6519.2  0.00302  
6523.5  0.00293  
6527.799999999999  0.00296  
6532.200000000001  0.00298  
6536.5  0.00293  
6540.8  0.00296  
6545.2  0.00303  
6549.5  0.00311  
6553.8  0.00304  
6558.099999999999  0.003  
6562.5  0.003  
6566.799999999999  0.00296  
6571.1  0.00291  
6575.5  0.00296  
6579.8  0.00302  
6584.099999999999  0.00294  
6588.400000000001  0.00296  
6592.799999999999  0.00305  
6597.1  0.00291  
6601.4  0.00282  
6605.8  0.00295  
6610.1  0.00311  
6614.400000000001  0.00316  
6618.8  0.00315  
6623.099999999999  0.00311  
6627.4  0.00308  
6631.799999999999  0.00317  
6636.1  0.00318  
6640.4  0.00317  
6644.8  0.00322  
6649.099999999999  0.00329  
6653.5  0.00343  
6657.799999999999  0.00348  
6662.1  0.00342  
6666.5  0.00347  
6670.8  0.00355  
6675.1  0.00354  
6679.5  0.00348  
6683.8  0.00356  
6688.200000000001  0.00363  
6692.5  0.0036  
6696.799999999999  0.00355  
6701.2  0.00344  
6705.5  0.00345  
6709.9  0.00369  
6714.2  0.00377  
6718.5  0.00372  
6722.9  0.0037  
6727.200000000001  0.00367  
6731.599999999999  0.00362  
6735.900000000001  0.00365  
6740.299999999999  0.00369  
6744.6  0.0036  
6748.9  0.00362  
6753.3  0.00385  
6757.6  0.0039  
6762.0  0.00371  
6766.3  0.00372  
6770.700000000001  0.00385  
6775.0  0.00389  
6779.400000000001  0.00386  
6783.7  0.00397  
6788.099999999999  0.0041  
6792.4  0.00399  
6796.799999999999  0.00383  
6801.1  0.00386  
6805.5  0.00391  
6809.8  0.00396  
6814.2  0.00404  
6818.5  0.004  
6822.9  0.00393  
6827.200000000001  0.00399  
6831.599999999999  0.00403  
6835.900000000001  0.00404  
6840.299999999999  0.00412  
6844.6  0.00414  
6849.0  0.00409  
6853.3  0.00404  
6857.7  0.00414  
6862.0  0.00438  
6866.4  0.00464  
6870.700000000001  0.00483  
6875.1  0.005  
6879.5  0.00534  
6883.8  0.00583  
6888.200000000001  0.00634  
6892.5  0.00715  
6896.900000000001  0.00834  
6901.2  0.00976  
6905.599999999999  0.01196  
6910.0  0.01534  
6914.299999999999  0.01998  
6918.7  0.02588  
6923.0  0.03385  
6927.4  0.04478  
6931.799999999999  0.05917  
6936.1  0.0771  
6940.5  0.09894  
6944.8  0.12496  
6949.2  0.15581  
6953.6  0.1921  
6957.9  0.23378  
6962.3  0.28084  
6966.599999999999  0.33298  
6971.0  0.38917  
6975.4  0.44841  
6979.700000000001  0.50954  
6984.099999999999  0.57042  
6988.5  0.62881  
6992.799999999999  0.68257  
6997.200000000001  0.72948  
7001.599999999999  0.76791  
7005.900000000001  0.79787  
7010.299999999999  0.82071  
7014.700000000001  0.83825  
7019.0  0.85194  
7023.400000000001  0.86275  
7027.799999999999  0.87214  
7032.1  0.88086  
7036.5  0.88825  
7040.900000000001  0.89442  
7045.2  0.89992  
7049.6  0.90499  
7054.0  0.90979  
7058.3  0.91411  
7062.7  0.91746  
7067.1  0.92001  
7071.5  0.92271  
7075.8  0.92547  
7080.2  0.92726  
7084.6  0.92857  
7088.9  0.92968  
7093.3  0.93051  
7097.7  0.93121  
7102.1  0.93162  
7106.4  0.93165  
7110.8  0.93137  
7115.2  0.93056  
7119.6  0.92956  
7123.9  0.92901  
7128.3  0.92823  
7132.7  0.92637  
7137.1  0.92382  
7141.4  0.92217  
7145.8  0.92092  
7150.2  0.91857  
7154.6  0.91623  
7159.0  0.91496  
7163.3  0.91415  
7167.7  0.91362  
7172.1  0.91322  
7176.5  0.91286  
7180.900000000001  0.91339  
7185.2  0.91482  
7189.6  0.91587  
7194.0  0.91626  
7198.400000000001  0.91639  
7202.799999999999  0.91701  
7207.1  0.91808  
7211.5  0.9189  
7215.900000000001  0.91955  
7220.299999999999  0.92006  
7224.700000000001  0.92025  
7229.099999999999  0.92097  
7233.400000000001  0.92267  
7237.799999999999  0.92404  
7242.200000000001  0.92485  
7246.599999999999  0.92625  
7251.0  0.92783  
7255.4  0.92893  
7259.700000000001  0.92965  
7264.099999999999  0.93072  
7268.5  0.9325  
7272.9  0.9341  
7277.3  0.9348  
7281.7  0.93545  
7286.1  0.93659  
7290.5  0.9376  
7294.9  0.9381  
7299.2  0.93848  
7303.6  0.93923  
7308.0  0.93976  
7312.4  0.94003  
7316.799999999999  0.94059  
7321.2  0.94118  
7325.599999999999  0.9413  
7330.0  0.94183  
7334.400000000001  0.9426  
7338.8  0.94261  
7343.099999999999  0.94208  
7347.5  0.94197  
7351.900000000001  0.94231  
7356.3  0.94241  
7360.700000000001  0.94172  
7365.1  0.94064  
7369.5  0.93935  
7373.9  0.93899  
7378.3  0.93985  
7382.7  0.93998  
7387.1  0.93921  
7391.5  0.93893  
7395.900000000001  0.93937  
7400.299999999999  0.93927  
7404.700000000001  0.93913  
7409.099999999999  0.93978  
7413.5  0.94024  
7417.9  0.94025  
7422.3  0.94033  
7426.7  0.94042  
7431.1  0.94047  
7435.5  0.94076  
7439.9  0.94062  
7444.299999999999  0.93962  
7448.7  0.93913  
7453.099999999999  0.93932  
7457.5  0.9388  
7461.900000000001  0.93802  
7466.3  0.9375  
7470.700000000001  0.93718  
7475.1  0.93682  
7479.5  0.93661  
7483.9  0.93672  
7488.3  0.93709  
7492.7  0.93728  
7497.1  0.93711  
7501.5  0.93687  
7505.900000000001  0.93698  
7510.299999999999  0.93771  
7514.700000000001  0.9379  
7519.099999999999  0.93768  
7523.5  0.93831  
7527.9  0.93931  
7532.3  0.93968  
7536.799999999999  0.93949  
7541.2  0.93959  
7545.599999999999  0.94034  
7550.0  0.94099  
7554.400000000001  0.9417  
7558.8  0.94252  
7563.200000000001  0.94268  
7567.6  0.94273  
7572.0  0.94353  
7576.4  0.94465  
7580.8  0.94498  
7585.299999999999  0.94472  
7589.700000000001  0.94527  
7594.099999999999  0.9459  
7598.5  0.94579  
7602.9  0.94587  
7607.3  0.94638  
7611.7  0.94632  
7616.1  0.94608  
7620.599999999999  0.94675  
7625.0  0.94669  
7629.400000000001  0.94599  
7633.8  0.94634  
7638.200000000001  0.94626  
7642.6  0.94545  
7647.0  0.94581  
7651.5  0.94718  
7655.900000000001  0.9472  
7660.299999999999  0.94602  
7664.700000000001  0.94584  
7669.099999999999  0.94651  
7673.5  0.94648  
7678.0  0.9457  
7682.4  0.94535  
7686.799999999999  0.94593  
7691.2  0.94611  
7695.599999999999  0.94492  
7700.0  0.94389  
7704.5  0.94365  
7708.9  0.94322  
7713.3  0.94233  
7717.7  0.94216  
7722.1  0.94289  
7726.599999999999  0.94271  
7731.0  0.94141  
7735.4  0.9404  
7739.8  0.94059  
7744.299999999999  0.94148  
7748.7  0.94201  
7753.099999999999  0.94196  
7757.5  0.94208  
7761.900000000001  0.94267  
7766.4  0.9428  
7770.8  0.94275  
7775.2  0.94355  
7779.6  0.9437  
7784.099999999999  0.94303  
7788.5  0.94307  
7792.9  0.94347  
7797.3  0.94344  
7801.799999999999  0.94331  
7806.2  0.9434  
7810.599999999999  0.94316  
7815.0  0.94289  
7819.5  0.94261  
7823.9  0.94237  
7828.3  0.94231  
7832.799999999999  0.94164  
7837.200000000001  0.94044  
7841.599999999999  0.93979  
7846.0  0.93995  
7850.5  0.93977  
7854.9  0.93869  
7859.299999999999  0.93803  
7863.8  0.93837  
7868.200000000001  0.9385  
7872.6  0.93795  
7877.1  0.93722  
7881.5  0.93699  
7885.900000000001  0.93705  
7890.4  0.93648  
7894.8  0.93604  
7899.2  0.93608  
7903.7  0.93609  
7908.099999999999  0.936  
7912.5  0.93621  
7917.0  0.93671  
7921.4  0.93736  
7925.8  0.93772  
7930.299999999999  0.93797  
7934.700000000001  0.93847  
7939.099999999999  0.93929  
7943.6  0.94054  
7948.0  0.94134  
7952.4  0.9417  
7956.900000000001  0.94224  
7961.3  0.94311  
7965.700000000001  0.94411  
7970.2  0.94463  
7974.6  0.94439  
7979.099999999999  0.94433  
7983.5  0.94472  
7987.9  0.94537  
7992.4  0.94588  
7996.799999999999  0.94585  
8001.3  0.94645  
8005.700000000001  0.94696  
8010.1  0.94595  
8014.6  0.94487  
8019.0  0.9447  
8023.5  0.94505  
8027.9  0.9455  
8032.3  0.94497  
8036.799999999999  0.94384  
8041.2  0.94302  
8045.700000000001  0.94239  
8050.1  0.94204  
8054.6  0.94202  
8059.0  0.94181  
8063.400000000001  0.94121  
8067.9  0.94036  
8072.3  0.93943  
8076.799999999999  0.93922  
8081.2  0.93896  
8085.700000000001  0.93854  
8090.1  0.93838  
8094.6  0.93764  
8099.0  0.93712  
8103.5  0.93744  
8107.9  0.93715  
8112.3  0.9369  
8116.799999999999  0.93691  
8121.2  0.93662  
8125.700000000001  0.93725  
8130.1  0.9384  
8134.6  0.93849  
8139.0  0.93792  
8143.5  0.93779  
8147.9  0.93851  
8152.4  0.9393  
8156.799999999999  0.93903  
8161.3  0.93855  
8165.700000000001  0.93869  
8170.2  0.93891  
8174.6  0.93888  
8179.099999999999  0.93901  
8183.5  0.93916  
8188.0  0.93922  
8192.4  0.93909  
8196.900000000001  0.93896  
8201.4  0.93954  
8205.800000000001  0.93992  
8210.3  0.93954  
8214.7  0.9389  
8219.199999999999  0.93828  
8223.6  0.9379  
8228.099999999999  0.93778  
8232.5  0.93754  
8237.0  0.93686  
8241.4  0.93649  
8245.9  0.936  
8250.3  0.93454  
8254.8  0.93356  
8259.3  0.9334  
8263.7  0.93299  
8268.2  0.93272  
8272.6  0.93252  
8277.1  0.93207  
8281.5  0.9314  
8286.0  0.93126  
8290.5  0.93161  
8294.9  0.9317  
8299.400000000001  0.93204  
8303.8  0.93248  
8308.300000000001  0.93282  
8312.8  0.93356  
8317.2  0.93417  
8321.699999999999  0.93396  
8326.1  0.93419  
8330.599999999999  0.93583  
8335.1  0.9368  
8339.5  0.93576  
8344.0  0.93471  
8348.4  0.93516  
8352.9  0.93618  
8357.4  0.93665  
8361.8  0.93536  
8366.3  0.9335  
8370.800000000001  0.93284  
8375.2  0.93264  
8379.7  0.93244  
8384.199999999999  0.932  
8388.6  0.93117  
8393.099999999999  0.93052  
8397.5  0.92963  
8402.0  0.92812  
8406.5  0.92676  
8410.9  0.926  
8415.4  0.9249  
8419.9  0.92293  
8424.3  0.92086  
8428.8  0.91938  
8433.300000000001  0.91825  
8437.7  0.917  
8442.2  0.91506  
8446.699999999999  0.91205  
8451.1  0.90984  
8455.599999999999  0.90889  
8460.1  0.90709  
8464.6  0.90476  
8469.0  0.90306  
8473.5  0.90112  
8478.0  0.89796  
8482.4  0.89431  
8486.900000000001  0.89008  
8491.4  0.88458  
8495.800000000001  0.87823  
8500.3  0.87095  
8504.8  0.86143  
8509.3  0.84811  
8513.7  0.83266  
8518.2  0.81607  
8522.7  0.79608  
8527.1  0.77168  
8531.6  0.7441  
8536.1  0.71446  
8540.599999999999  0.68296  
8545.0  0.64881  
8549.5  0.61208  
8554.0  0.57251  
8558.5  0.53044  
8562.9  0.48747  
8567.4  0.44328  
8571.900000000001  0.39778  
8576.4  0.35183  
8580.800000000001  0.30595  
8585.3  0.26175  
8589.8  0.22025  
8594.3  0.18231  
8598.7  0.1492  
8603.2  0.12141  
8607.7  0.09823  
8612.2  0.07966  
8616.699999999999  0.0656  
8621.1  0.05466  
8625.599999999999  0.04583  
8630.1  0.03885  
8634.6  0.03369  
8639.0  0.02961  
8643.5  0.02632  
8648.0  0.0236  
8652.5  0.02108  
8657.0  0.01882  
8661.4  0.01729  
8665.9  0.01619  
8670.4  0.01504  
8674.9  0.01372  
8679.400000000001  0.01272  
8683.8  0.0124  
8688.300000000001  0.01191  
8692.8  0.01108  
8697.3  0.01054  
8701.8  0.01023  
8706.3  0.00985  
8710.7  0.0095  
8715.2  0.00928  
8719.7  0.00929  
8724.199999999999  0.00918  
8728.7  0.00868  
8733.2  0.00839  
8737.6  0.00842  
8742.1  0.00831  
8746.6  0.00817  
8751.1  0.00816  
8755.599999999999  0.00819  
8760.1  0.00816  
8764.6  0.0082  
8769.0  0.00804  
8773.5  0.00818  
8778.0  0.00845  
8782.5  0.00841  
8787.0  0.00818  
8791.5  0.00817  
8796.0  0.00819  

