@MEASUREMENT_RADIUS 25.0 cm
#lambda:
#tr:
#end
6251.799999999999  0.00214  
6256.1  0.00222  
6260.4  0.00228  
6264.700000000001  0.00215  
6269.0  0.00216  
6273.3  0.00222  
6277.6  0.00217  
6281.900000000001  0.00218  
6286.2  0.00237  
6290.5  0.00247  
6294.8  0.00238  
6299.099999999999  0.00231  
6303.400000000001  0.00241  
6307.7  0.00247  
6312.0  0.00253  
6316.3  0.00253  
6320.599999999999  0.00249  
6325.0  0.00266  
6329.299999999999  0.00275  
6333.6  0.00259  
6337.9  0.00257  
6342.200000000001  0.00264  
6346.5  0.00257  
6350.8  0.00257  
6355.1  0.00274  
6359.400000000001  0.00292  
6363.7  0.00286  
6368.099999999999  0.00271  
6372.4  0.00274  
6376.7  0.00282  
6381.0  0.00281  
6385.299999999999  0.00287  
6389.6  0.00298  
6393.9  0.00291  
6398.200000000001  0.00287  
6402.6  0.00302  
6406.900000000001  0.00309  
6411.2  0.00305  
6415.5  0.00315  
6419.8  0.00323  
6424.099999999999  0.00316  
6428.5  0.00304  
6432.799999999999  0.00296  
6437.1  0.00299  
6441.4  0.00301  
6445.700000000001  0.00305  
6450.0  0.00314  
6454.400000000001  0.00317  
6458.7  0.00294  
6463.0  0.00287  
6467.3  0.00315  
6471.599999999999  0.00334  
6476.0  0.00311  
6480.299999999999  0.00279  
6484.6  0.00279  
6488.9  0.00294  
6493.3  0.00304  
6497.6  0.00318  
6501.900000000001  0.0032  
6506.2  0.00304  
6510.5  0.00296  
6514.9  0.00294  
6519.2  0.00293  
6523.5  0.00298  
6527.799999999999  0.00304  
6532.200000000001  0.003  
6536.5  0.00293  
6540.8  0.00287  
6545.2  0.00273  
6549.5  0.00272  
6553.8  0.00289  
6558.099999999999  0.00309  
6562.5  0.00305  
6566.799999999999  0.00299  
6571.1  0.003  
6575.5  0.00298  
6579.8  0.00286  
6584.099999999999  0.0029  
6588.400000000001  0.00312  
6592.799999999999  0.00322  
6597.1  0.00305  
6601.4  0.00293  
6605.8  0.00296  
6610.1  0.00302  
6614.400000000001  0.00309  
6618.8  0.00312  
6623.099999999999  0.00306  
6627.4  0.00309  
6631.799999999999  0.0033  
6636.1  0.00336  
6640.4  0.00335  
6644.8  0.0034  
6649.099999999999  0.00337  
6653.5  0.00339  
6657.799999999999  0.0035  
6662.1  0.00349  
6666.5  0.00345  
6670.8  0.00353  
6675.1  0.0036  
6679.5  0.00347  
6683.8  0.00335  
6688.200000000001  0.00344  
6692.5  0.00361  
6696.799999999999  0.00359  
6701.2  0.00354  
6705.5  0.0036  
6709.9  0.00359  
6714.2  0.0036  
6718.5  0.00365  
6722.9  0.00367  
6727.200000000001  0.00371  
6731.599999999999  0.00372  
6735.900000000001  0.00372  
6740.299999999999  0.00374  
6744.6  0.0037  
6748.9  0.00375  
6753.3  0.00385  
6757.6  0.00389  
6762.0  0.00386  
6766.3  0.00389  
6770.700000000001  0.00405  
6775.0  0.00405  
6779.400000000001  0.00384  
6783.7  0.00383  
6788.099999999999  0.00402  
6792.4  0.00403  
6796.799999999999  0.00399  
6801.1  0.00404  
6805.5  0.00409  
6809.8  0.00405  
6814.2  0.00393  
6818.5  0.00397  
6822.9  0.00407  
6827.200000000001  0.0041  
6831.599999999999  0.00405  
6835.900000000001  0.00394  
6840.299999999999  0.00399  
6844.6  0.00415  
6849.0  0.00419  
6853.3  0.00409  
6857.7  0.00417  
6862.0  0.00446  
6866.4  0.00465  
6870.700000000001  0.00491  
6875.1  0.0053  
6879.5  0.00571  
6883.8  0.00633  
6888.200000000001  0.00718  
6892.5  0.00827  
6896.900000000001  0.01001  
6901.2  0.01243  
6905.599999999999  0.01559  
6910.0  0.01983  
6914.299999999999  0.02596  
6918.7  0.03438  
6923.0  0.04529  
6927.4  0.05933  
6931.799999999999  0.07726  
6936.1  0.09922  
6940.5  0.12526  
6944.8  0.15595  
6949.2  0.19219  
6953.6  0.23424  
6957.9  0.28135  
6962.3  0.33299  
6966.599999999999  0.38924  
6971.0  0.44899  
6975.4  0.51005  
6979.700000000001  0.57082  
6984.099999999999  0.62938  
6988.5  0.68304  
6992.799999999999  0.72976  
6997.200000000001  0.76856  
7001.599999999999  0.7991  
7005.900000000001  0.82239  
7010.299999999999  0.84011  
7014.700000000001  0.85395  
7019.0  0.86538  
7023.400000000001  0.87491  
7027.799999999999  0.88273  
7032.1  0.8899  
7036.5  0.89646  
7040.900000000001  0.90207  
7045.2  0.90704  
7049.6  0.91196  
7054.0  0.9168  
7058.3  0.9207  
7062.7  0.92328  
7067.1  0.92538  
7071.5  0.92782  
7075.8  0.92958  
7080.2  0.93051  
7084.6  0.93179  
7088.9  0.93247  
7093.3  0.93216  
7097.7  0.93192  
7102.1  0.93228  
7106.4  0.93265  
7110.8  0.93203  
7115.2  0.93076  
7119.6  0.92972  
7123.9  0.92895  
7128.3  0.9274  
7132.7  0.9249  
7137.1  0.92239  
7141.4  0.92089  
7145.8  0.92011  
7150.2  0.91877  
7154.6  0.91703  
7159.0  0.91593  
7163.3  0.91565  
7167.7  0.91587  
7172.1  0.9156  
7176.5  0.91511  
7180.900000000001  0.91608  
7185.2  0.91771  
7189.6  0.91855  
7194.0  0.91914  
7198.400000000001  0.91968  
7202.799999999999  0.91993  
7207.1  0.92009  
7211.5  0.9202  
7215.900000000001  0.92037  
7220.299999999999  0.92069  
7224.700000000001  0.92131  
7229.099999999999  0.92249  
7233.400000000001  0.92362  
7237.799999999999  0.92407  
7242.200000000001  0.92485  
7246.599999999999  0.92675  
7251.0  0.92848  
7255.4  0.92938  
7259.700000000001  0.93033  
7264.099999999999  0.93201  
7268.5  0.93427  
7272.9  0.9366  
7277.3  0.93796  
7281.7  0.93859  
7286.1  0.93965  
7290.5  0.94091  
7294.9  0.94195  
7299.2  0.94261  
7303.6  0.94319  
7308.0  0.94396  
7312.4  0.9442  
7316.799999999999  0.94399  
7321.2  0.94413  
7325.599999999999  0.94458  
7330.0  0.94478  
7334.400000000001  0.94443  
7338.8  0.94392  
7343.099999999999  0.94344  
7347.5  0.94286  
7351.900000000001  0.94229  
7356.3  0.94232  
7360.700000000001  0.94217  
7365.1  0.94116  
7369.5  0.94049  
7373.9  0.94037  
7378.3  0.94037  
7382.7  0.94057  
7387.1  0.94072  
7391.5  0.94107  
7395.900000000001  0.94188  
7400.299999999999  0.94179  
7404.700000000001  0.94143  
7409.099999999999  0.94212  
7413.5  0.94311  
7417.9  0.9439  
7422.3  0.94417  
7426.7  0.94335  
7431.1  0.94265  
7435.5  0.94253  
7439.9  0.9418  
7444.299999999999  0.94103  
7448.7  0.94076  
7453.099999999999  0.94006  
7457.5  0.93872  
7461.900000000001  0.9378  
7466.3  0.9377  
7470.700000000001  0.93773  
7475.1  0.93757  
7479.5  0.93754  
7483.9  0.93741  
7488.3  0.93734  
7492.7  0.93768  
7497.1  0.93822  
7501.5  0.9386  
7505.900000000001  0.93891  
7510.299999999999  0.93954  
7514.700000000001  0.94021  
7519.099999999999  0.94072  
7523.5  0.94158  
7527.9  0.94229  
7532.3  0.94246  
7536.799999999999  0.94256  
7541.2  0.94298  
7545.599999999999  0.94322  
7550.0  0.9431  
7554.400000000001  0.94374  
7558.8  0.94488  
7563.200000000001  0.94549  
7567.6  0.94556  
7572.0  0.94565  
7576.4  0.94626  
7580.8  0.94681  
7585.299999999999  0.94652  
7589.700000000001  0.94679  
7594.099999999999  0.94784  
7598.5  0.94829  
7602.9  0.94815  
7607.3  0.94799  
7611.7  0.94797  
7616.1  0.94825  
7620.599999999999  0.94829  
7625.0  0.948  
7629.400000000001  0.9484  
7633.8  0.94912  
7638.200000000001  0.94866  
7642.6  0.94782  
7647.0  0.948  
7651.5  0.9486  
7655.900000000001  0.94871  
7660.299999999999  0.94853  
7664.700000000001  0.94806  
7669.099999999999  0.94749  
7673.5  0.94747  
7678.0  0.94726  
7682.4  0.94645  
7686.799999999999  0.94613  
7691.2  0.94601  
7695.599999999999  0.94521  
7700.0  0.94439  
7704.5  0.94383  
7708.9  0.94329  
7713.3  0.94294  
7717.7  0.94276  
7722.1  0.94302  
7726.599999999999  0.94312  
7731.0  0.94249  
7735.4  0.94247  
7739.8  0.94322  
7744.299999999999  0.94367  
7748.7  0.94405  
7753.099999999999  0.94455  
7757.5  0.94473  
7761.900000000001  0.94489  
7766.4  0.94535  
7770.8  0.94589  
7775.2  0.94653  
7779.6  0.94673  
7784.099999999999  0.94627  
7788.5  0.94578  
7792.9  0.94542  
7797.3  0.94499  
7801.799999999999  0.94421  
7806.2  0.94314  
7810.599999999999  0.94241  
7815.0  0.94248  
7819.5  0.94254  
7823.9  0.94163  
7828.3  0.94031  
7832.799999999999  0.93964  
7837.200000000001  0.93907  
7841.599999999999  0.93845  
7846.0  0.93846  
7850.5  0.93884  
7854.9  0.93899  
7859.299999999999  0.93835  
7863.8  0.93791  
7868.200000000001  0.93843  
7872.6  0.93887  
7877.1  0.93873  
7881.5  0.93863  
7885.900000000001  0.93869  
7890.4  0.93861  
7894.8  0.93921  
7899.2  0.94042  
7903.7  0.94096  
7908.099999999999  0.94096  
7912.5  0.94102  
7917.0  0.94144  
7921.4  0.94256  
7925.8  0.94334  
7930.299999999999  0.94343  
7934.700000000001  0.94398  
7939.099999999999  0.94523  
7943.6  0.9462  
7948.0  0.946  
7952.4  0.94604  
7956.900000000001  0.947  
7961.3  0.94751  
7965.700000000001  0.94751  
7970.2  0.9477  
7974.6  0.94793  
7979.099999999999  0.94834  
7983.5  0.94844  
7987.9  0.94809  
7992.4  0.9477  
7996.799999999999  0.94736  
8001.3  0.94762  
8005.700000000001  0.94783  
8010.1  0.94739  
8014.6  0.94686  
8019.0  0.9465  
8023.5  0.94648  
8027.9  0.94681  
8032.3  0.94632  
8036.799999999999  0.94542  
8041.2  0.94503  
8045.700000000001  0.94458  
8050.1  0.94387  
8054.6  0.94344  
8059.0  0.94315  
8063.400000000001  0.94303  
8067.9  0.94272  
8072.3  0.9413  
8076.799999999999  0.94014  
8081.2  0.94004  
8085.700000000001  0.93999  
8090.1  0.93952  
8094.6  0.93885  
8099.0  0.93893  
8103.5  0.9399  
8107.9  0.93978  
8112.3  0.93926  
8116.799999999999  0.93958  
8121.2  0.93989  
8125.700000000001  0.94016  
8130.1  0.94058  
8134.6  0.9407  
8139.0  0.94108  
8143.5  0.94157  
8147.9  0.94142  
8152.4  0.94181  
8156.799999999999  0.94234  
8161.3  0.94195  
8165.700000000001  0.94206  
8170.2  0.94265  
8174.6  0.94251  
8179.099999999999  0.9422  
8183.5  0.94196  
8188.0  0.94171  
8192.4  0.94143  
8196.900000000001  0.94161  
8201.4  0.94235  
8205.800000000001  0.94213  
8210.3  0.94118  
8214.7  0.94073  
8219.199999999999  0.94041  
8223.6  0.94003  
8228.099999999999  0.93951  
8232.5  0.93881  
8237.0  0.93792  
8241.4  0.93712  
8245.9  0.93642  
8250.3  0.93557  
8254.8  0.93488  
8259.3  0.9346  
8263.7  0.9348  
8268.2  0.93552  
8272.6  0.93522  
8277.1  0.93417  
8281.5  0.93447  
8286.0  0.93539  
8290.5  0.93576  
8294.9  0.93576  
8299.400000000001  0.93612  
8303.8  0.93719  
8308.300000000001  0.93862  
8312.8  0.93948  
8317.2  0.93926  
8321.699999999999  0.93918  
8326.1  0.94007  
8330.599999999999  0.94072  
8335.1  0.94029  
8339.5  0.93962  
8344.0  0.93926  
8348.4  0.93924  
8352.9  0.93923  
8357.4  0.93911  
8361.8  0.93789  
8366.3  0.93585  
8370.800000000001  0.93507  
8375.2  0.93573  
8379.7  0.93599  
8384.199999999999  0.93448  
8388.6  0.93259  
8393.099999999999  0.93213  
8397.5  0.93203  
8402.0  0.93083  
8406.5  0.92935  
8410.9  0.92823  
8415.4  0.92667  
8419.9  0.92486  
8424.3  0.92357  
8428.8  0.92215  
8433.300000000001  0.92029  
8437.7  0.91895  
8442.2  0.91803  
8446.699999999999  0.91636  
8451.1  0.91469  
8455.599999999999  0.91349  
8460.1  0.9117  
8464.6  0.91001  
8469.0  0.90903  
8473.5  0.90721  
8478.0  0.90381  
8482.4  0.89935  
8486.900000000001  0.89456  
8491.4  0.88959  
8495.800000000001  0.88318  
8500.3  0.87444  
8504.8  0.86408  
8509.3  0.85138  
8513.7  0.83524  
8518.2  0.8157  
8522.7  0.79396  
8527.1  0.76965  
8531.6  0.74233  
8536.1  0.7122  
8540.599999999999  0.67938  
8545.0  0.64453  
8549.5  0.6072  
8554.0  0.56668  
8558.5  0.52453  
8562.9  0.48173  
8567.4  0.43663  
8571.900000000001  0.38988  
8576.4  0.34356  
8580.800000000001  0.29837  
8585.3  0.25471  
8589.8  0.21335  
8594.3  0.17596  
8598.7  0.1436  
8603.2  0.11675  
8607.7  0.09484  
8612.2  0.07729  
8616.699999999999  0.06368  
8621.1  0.05303  
8625.599999999999  0.04461  
8630.1  0.03807  
8634.6  0.03321  
8639.0  0.02923  
8643.5  0.02569  
8648.0  0.02274  
8652.5  0.02056  
8657.0  0.01872  
8661.4  0.01721  
8665.9  0.01601  
8670.4  0.01468  
8674.9  0.0135  
8679.400000000001  0.01272  
8683.8  0.01204  
8688.300000000001  0.01131  
8692.8  0.01064  
8697.3  0.01013  
8701.8  0.00989  
8706.3  0.00961  
8710.7  0.00932  
8715.2  0.0091  
8719.7  0.00893  
8724.199999999999  0.00885  
8728.7  0.00875  
8733.2  0.00863  
8737.6  0.00857  
8742.1  0.00825  
8746.6  0.00805  
8751.1  0.00815  
8755.599999999999  0.00816  
8760.1  0.0079  
8764.6  0.00775  
8769.0  0.00774  
8773.5  0.00783  
8778.0  0.00809  
8782.5  0.00847  
8787.0  0.00837  
8791.5  0.00808  
8796.0  0.008  

