@MEASUREMENT_RADIUS 20.0 cm
#lambda:
#tr:
#end
6251.799999999999  0.00196  
6256.1  0.00211  
6260.4  0.00225  
6264.700000000001  0.00225  
6269.0  0.00228  
6273.3  0.00218  
6277.6  0.00211  
6281.900000000001  0.00217  
6286.2  0.00216  
6290.5  0.00222  
6294.8  0.00241  
6299.099999999999  0.0024  
6303.400000000001  0.00225  
6307.7  0.00223  
6312.0  0.00247  
6316.3  0.00263  
6320.599999999999  0.00259  
6325.0  0.00252  
6329.299999999999  0.00239  
6333.6  0.00241  
6337.9  0.00261  
6342.200000000001  0.00262  
6346.5  0.00259  
6350.8  0.00261  
6355.1  0.00259  
6359.400000000001  0.00261  
6363.7  0.00267  
6368.099999999999  0.00277  
6372.4  0.00282  
6376.7  0.0028  
6381.0  0.00285  
6385.299999999999  0.0029  
6389.6  0.00292  
6393.9  0.00283  
6398.200000000001  0.00274  
6402.6  0.00292  
6406.900000000001  0.00316  
6411.2  0.00309  
6415.5  0.00293  
6419.8  0.00285  
6424.099999999999  0.00287  
6428.5  0.00303  
6432.799999999999  0.00309  
6437.1  0.00298  
6441.4  0.00295  
6445.700000000001  0.00305  
6450.0  0.00306  
6454.400000000001  0.00306  
6458.7  0.00303  
6463.0  0.00299  
6467.3  0.00302  
6471.599999999999  0.00307  
6476.0  0.00305  
6480.299999999999  0.00292  
6484.6  0.00284  
6488.9  0.00299  
6493.3  0.00306  
6497.6  0.00306  
6501.900000000001  0.00304  
6506.2  0.00298  
6510.5  0.00303  
6514.9  0.00312  
6519.2  0.00315  
6523.5  0.0031  
6527.799999999999  0.00303  
6532.200000000001  0.00295  
6536.5  0.00298  
6540.8  0.0031  
6545.2  0.00306  
6549.5  0.00299  
6553.8  0.00298  
6558.099999999999  0.00305  
6562.5  0.00306  
6566.799999999999  0.00302  
6571.1  0.00302  
6575.5  0.00299  
6579.8  0.00298  
6584.099999999999  0.00306  
6588.400000000001  0.00302  
6592.799999999999  0.00295  
6597.1  0.00296  
6601.4  0.00308  
6605.8  0.00311  
6610.1  0.00296  
6614.400000000001  0.00298  
6618.8  0.00317  
6623.099999999999  0.00326  
6627.4  0.00314  
6631.799999999999  0.00306  
6636.1  0.00312  
6640.4  0.00318  
6644.8  0.00317  
6649.099999999999  0.00319  
6653.5  0.00327  
6657.799999999999  0.00332  
6662.1  0.00339  
6666.5  0.00344  
6670.8  0.00338  
6675.1  0.00332  
6679.5  0.00335  
6683.8  0.00356  
6688.200000000001  0.00371  
6692.5  0.00368  
6696.799999999999  0.0035  
6701.2  0.00341  
6705.5  0.00356  
6709.9  0.00373  
6714.2  0.00364  
6718.5  0.00353  
6722.9  0.00361  
6727.200000000001  0.00368  
6731.599999999999  0.0037  
6735.900000000001  0.00378  
6740.299999999999  0.00379  
6744.6  0.00357  
6748.9  0.00346  
6753.3  0.00363  
6757.6  0.00378  
6762.0  0.00384  
6766.3  0.00397  
6770.700000000001  0.00396  
6775.0  0.00389  
6779.400000000001  0.00386  
6783.7  0.00384  
6788.099999999999  0.00377  
6792.4  0.00377  
6796.799999999999  0.00397  
6801.1  0.00403  
6805.5  0.00395  
6809.8  0.00394  
6814.2  0.00398  
6818.5  0.00401  
6822.9  0.00411  
6827.200000000001  0.00419  
6831.599999999999  0.00412  
6835.900000000001  0.00398  
6840.299999999999  0.00392  
6844.6  0.00393  
6849.0  0.0041  
6853.3  0.00432  
6857.7  0.00434  
6862.0  0.0042  
6866.4  0.00417  
6870.700000000001  0.00437  
6875.1  0.00466  
6879.5  0.00498  
6883.8  0.00534  
6888.200000000001  0.00573  
6892.5  0.0063  
6896.900000000001  0.00723  
6901.2  0.00848  
6905.599999999999  0.01015  
6910.0  0.01239  
6914.299999999999  0.01569  
6918.7  0.02034  
6923.0  0.02674  
6927.4  0.03529  
6931.799999999999  0.04668  
6936.1  0.06157  
6940.5  0.08008  
6944.8  0.10239  
6949.2  0.1293  
6953.6  0.16115  
6957.9  0.19825  
6962.3  0.2407  
6966.599999999999  0.28855  
6971.0  0.34142  
6975.4  0.3981  
6979.700000000001  0.45775  
6984.099999999999  0.51942  
6988.5  0.58058  
6992.799999999999  0.63787  
6997.200000000001  0.68965  
7001.599999999999  0.73488  
7005.900000000001  0.77164  
7010.299999999999  0.79976  
7014.700000000001  0.82156  
7019.0  0.83858  
7023.400000000001  0.85168  
7027.799999999999  0.86206  
7032.1  0.871  
7036.5  0.87915  
7040.900000000001  0.88631  
7045.2  0.8927  
7049.6  0.89836  
7054.0  0.9033  
7058.3  0.90784  
7062.7  0.91175  
7067.1  0.91514  
7071.5  0.91836  
7075.8  0.92117  
7080.2  0.9234  
7084.6  0.92522  
7088.9  0.92655  
7093.3  0.92775  
7097.7  0.92874  
7102.1  0.92909  
7106.4  0.92904  
7110.8  0.92916  
7115.2  0.92906  
7119.6  0.92839  
7123.9  0.92803  
7128.3  0.92745  
7132.7  0.92573  
7137.1  0.92346  
7141.4  0.92202  
7145.8  0.92061  
7150.2  0.91798  
7154.6  0.91574  
7159.0  0.91452  
7163.3  0.91328  
7167.7  0.91207  
7172.1  0.9112  
7176.5  0.91079  
7180.900000000001  0.9109  
7185.2  0.91163  
7189.6  0.91239  
7194.0  0.91295  
7198.400000000001  0.91372  
7202.799999999999  0.91423  
7207.1  0.91466  
7211.5  0.91583  
7215.900000000001  0.91674  
7220.299999999999  0.91709  
7224.700000000001  0.91793  
7229.099999999999  0.91932  
7233.400000000001  0.92051  
7237.799999999999  0.92117  
7242.200000000001  0.92197  
7246.599999999999  0.92376  
7251.0  0.92562  
7255.4  0.92659  
7259.700000000001  0.92752  
7264.099999999999  0.92897  
7268.5  0.93055  
7272.9  0.93196  
7277.3  0.93295  
7281.7  0.93383  
7286.1  0.93468  
7290.5  0.93522  
7294.9  0.93594  
7299.2  0.93657  
7303.6  0.93694  
7308.0  0.93714  
7312.4  0.93734  
7316.799999999999  0.93795  
7321.2  0.93878  
7325.599999999999  0.93893  
7330.0  0.93878  
7334.400000000001  0.93908  
7338.8  0.93934  
7343.099999999999  0.93958  
7347.5  0.93991  
7351.900000000001  0.93968  
7356.3  0.9395  
7360.700000000001  0.9394  
7365.1  0.93884  
7369.5  0.93794  
7373.9  0.9377  
7378.3  0.93794  
7382.7  0.93769  
7387.1  0.93721  
7391.5  0.93689  
7395.900000000001  0.93685  
7400.299999999999  0.93673  
7404.700000000001  0.93661  
7409.099999999999  0.93646  
7413.5  0.93661  
7417.9  0.93744  
7422.3  0.93808  
7426.7  0.93804  
7431.1  0.93804  
7435.5  0.93802  
7439.9  0.93732  
7444.299999999999  0.93646  
7448.7  0.93644  
7453.099999999999  0.93691  
7457.5  0.93669  
7461.900000000001  0.93612  
7466.3  0.93554  
7470.700000000001  0.93489  
7475.1  0.93465  
7479.5  0.93491  
7483.9  0.93503  
7488.3  0.93494  
7492.7  0.93489  
7497.1  0.93492  
7501.5  0.93488  
7505.900000000001  0.935  
7510.299999999999  0.93565  
7514.700000000001  0.93602  
7519.099999999999  0.93581  
7523.5  0.93587  
7527.9  0.93638  
7532.3  0.93677  
7536.799999999999  0.93697  
7541.2  0.93721  
7545.599999999999  0.93778  
7550.0  0.93831  
7554.400000000001  0.93823  
7558.8  0.93848  
7563.200000000001  0.93926  
7567.6  0.94001  
7572.0  0.9411  
7576.4  0.942  
7580.8  0.94193  
7585.299999999999  0.94205  
7589.700000000001  0.9429  
7594.099999999999  0.94365  
7598.5  0.94393  
7602.9  0.9437  
7607.3  0.94375  
7611.7  0.94413  
7616.1  0.94413  
7620.599999999999  0.94403  
7625.0  0.94378  
7629.400000000001  0.94356  
7633.8  0.94404  
7638.200000000001  0.94405  
7642.6  0.94329  
7647.0  0.94299  
7651.5  0.94318  
7655.900000000001  0.94334  
7660.299999999999  0.94368  
7664.700000000001  0.94417  
7669.099999999999  0.94394  
7673.5  0.94314  
7678.0  0.94316  
7682.4  0.94351  
7686.799999999999  0.94348  
7691.2  0.94333  
7695.599999999999  0.94284  
7700.0  0.94185  
7704.5  0.94085  
7708.9  0.94034  
7713.3  0.9402  
7717.7  0.94049  
7722.1  0.94066  
7726.599999999999  0.94019  
7731.0  0.93917  
7735.4  0.93855  
7739.8  0.93901  
7744.299999999999  0.93949  
7748.7  0.93941  
7753.099999999999  0.93952  
7757.5  0.93971  
7761.900000000001  0.93954  
7766.4  0.9394  
7770.8  0.93966  
7775.2  0.94045  
7779.6  0.94072  
7784.099999999999  0.94031  
7788.5  0.94024  
7792.9  0.94082  
7797.3  0.941  
7801.799999999999  0.94033  
7806.2  0.93981  
7810.599999999999  0.9398  
7815.0  0.93995  
7819.5  0.94014  
7823.9  0.93982  
7828.3  0.93888  
7832.799999999999  0.9385  
7837.200000000001  0.93857  
7841.599999999999  0.93809  
7846.0  0.93781  
7850.5  0.93794  
7854.9  0.93779  
7859.299999999999  0.93725  
7863.8  0.93656  
7868.200000000001  0.93604  
7872.6  0.93549  
7877.1  0.93489  
7881.5  0.93452  
7885.900000000001  0.93414  
7890.4  0.93375  
7894.8  0.93366  
7899.2  0.93365  
7903.7  0.93344  
7908.099999999999  0.933  
7912.5  0.93247  
7917.0  0.93242  
7921.4  0.93352  
7925.8  0.93429  
7930.299999999999  0.93427  
7934.700000000001  0.93453  
7939.099999999999  0.93513  
7943.6  0.93606  
7948.0  0.93667  
7952.4  0.93725  
7956.900000000001  0.93811  
7961.3  0.93899  
7965.700000000001  0.93983  
7970.2  0.9405  
7974.6  0.94097  
7979.099999999999  0.94113  
7983.5  0.94099  
7987.9  0.94186  
7992.4  0.94297  
7996.799999999999  0.94298  
8001.3  0.94299  
8005.700000000001  0.94331  
8010.1  0.94274  
8014.6  0.9414  
8019.0  0.94151  
8023.5  0.94253  
8027.9  0.94275  
8032.3  0.94202  
8036.799999999999  0.94106  
8041.2  0.94016  
8045.700000000001  0.93978  
8050.1  0.9399  
8054.6  0.93965  
8059.0  0.93907  
8063.400000000001  0.93812  
8067.9  0.93745  
8072.3  0.93725  
8076.799999999999  0.93675  
8081.2  0.93573  
8085.700000000001  0.93509  
8090.1  0.93512  
8094.6  0.93474  
8099.0  0.93394  
8103.5  0.93373  
8107.9  0.93387  
8112.3  0.93397  
8116.799999999999  0.93419  
8121.2  0.9344  
8125.700000000001  0.93401  
8130.1  0.93381  
8134.6  0.93437  
8139.0  0.93453  
8143.5  0.93445  
8147.9  0.93469  
8152.4  0.9348  
8156.799999999999  0.93459  
8161.3  0.93474  
8165.700000000001  0.93545  
8170.2  0.9359  
8174.6  0.93535  
8179.099999999999  0.93446  
8183.5  0.93456  
8188.0  0.93499  
8192.4  0.93511  
8196.900000000001  0.93549  
8201.4  0.93566  
8205.800000000001  0.93558  
8210.3  0.93554  
8214.7  0.93506  
8219.199999999999  0.93445  
8223.6  0.93475  
8228.099999999999  0.93485  
8232.5  0.93355  
8237.0  0.93234  
8241.4  0.93232  
8245.9  0.93181  
8250.3  0.93064  
8254.8  0.93002  
8259.3  0.92937  
8263.7  0.92852  
8268.2  0.92804  
8272.6  0.92816  
8277.1  0.9279  
8281.5  0.92675  
8286.0  0.92643  
8290.5  0.92693  
8294.9  0.92717  
8299.400000000001  0.92674  
8303.8  0.92645  
8308.300000000001  0.9276  
8312.8  0.92876  
8317.2  0.92885  
8321.699999999999  0.92913  
8326.1  0.9301  
8330.599999999999  0.93043  
8335.1  0.93002  
8339.5  0.92973  
8344.0  0.92982  
8348.4  0.93019  
8352.9  0.93009  
8357.4  0.92967  
8361.8  0.92893  
8366.3  0.92793  
8370.800000000001  0.92774  
8375.2  0.92801  
8379.7  0.928  
8384.199999999999  0.92674  
8388.6  0.92529  
8393.099999999999  0.92515  
8397.5  0.92482  
8402.0  0.92333  
8406.5  0.92186  
8410.9  0.92081  
8415.4  0.91914  
8419.9  0.91657  
8424.3  0.91502  
8428.8  0.91396  
8433.300000000001  0.9116  
8437.7  0.90941  
8442.2  0.90786  
8446.699999999999  0.90589  
8451.1  0.90364  
8455.599999999999  0.90163  
8460.1  0.89981  
8464.6  0.89765  
8469.0  0.89511  
8473.5  0.89232  
8478.0  0.88901  
8482.4  0.88514  
8486.900000000001  0.88011  
8491.4  0.87408  
8495.800000000001  0.86722  
8500.3  0.85855  
8504.8  0.84808  
8509.3  0.83529  
8513.7  0.8198  
8518.2  0.80067  
8522.7  0.77838  
8527.1  0.75382  
8531.6  0.72679  
8536.1  0.6969  
8540.599999999999  0.66362  
8545.0  0.62796  
8549.5  0.59112  
8554.0  0.55156  
8558.5  0.50956  
8562.9  0.46667  
8567.4  0.4224  
8571.900000000001  0.37723  
8576.4  0.33211  
8580.800000000001  0.28754  
8585.3  0.24456  
8589.8  0.20458  
8594.3  0.1687  
8598.7  0.13743  
8603.2  0.11156  
8607.7  0.09083  
8612.2  0.07404  
8616.699999999999  0.06074  
8621.1  0.05076  
8625.599999999999  0.04316  
8630.1  0.03686  
8634.6  0.03196  
8639.0  0.02816  
8643.5  0.02506  
8648.0  0.02245  
8652.5  0.02021  
8657.0  0.01823  
8661.4  0.01671  
8665.9  0.01558  
8670.4  0.0145  
8674.9  0.01331  
8679.400000000001  0.01231  
8683.8  0.01172  
8688.300000000001  0.01145  
8692.8  0.011  
8697.3  0.01029  
8701.8  0.00983  
8706.3  0.0096  
8710.7  0.00929  
8715.2  0.00888  
8719.7  0.00869  
8724.199999999999  0.00872  
8728.7  0.00877  
8733.2  0.00844  
8737.6  0.00798  
8742.1  0.00773  
8746.6  0.0078  
8751.1  0.00792  
8755.599999999999  0.00787  
8760.1  0.00769  
8764.6  0.00796  
8769.0  0.00799  
8773.5  0.00778  
8778.0  0.00793  
8782.5  0.00821  
8787.0  0.00828  
8791.5  0.00812  
8796.0  0.00777  

