@MEASUREMENT_RADIUS 21.0 cm
#lambda:
#tr:
#end
6251.799999999999  0.00235  
6256.1  0.00209  
6260.4  0.00206  
6264.700000000001  0.00214  
6269.0  0.00216  
6273.3  0.00219  
6277.6  0.00226  
6281.900000000001  0.00222  
6286.2  0.0021  
6290.5  0.00206  
6294.8  0.00221  
6299.099999999999  0.00229  
6303.400000000001  0.00233  
6307.7  0.00235  
6312.0  0.00229  
6316.3  0.00227  
6320.599999999999  0.00233  
6325.0  0.00249  
6329.299999999999  0.00257  
6333.6  0.00254  
6337.9  0.00259  
6342.200000000001  0.0027  
6346.5  0.00272  
6350.8  0.00271  
6355.1  0.00277  
6359.400000000001  0.00283  
6363.7  0.00283  
6368.099999999999  0.00277  
6372.4  0.00272  
6376.7  0.00266  
6381.0  0.0027  
6385.299999999999  0.00287  
6389.6  0.00289  
6393.9  0.00287  
6398.200000000001  0.00302  
6402.6  0.0031  
6406.900000000001  0.00299  
6411.2  0.00302  
6415.5  0.00318  
6419.8  0.00326  
6424.099999999999  0.00306  
6428.5  0.00282  
6432.799999999999  0.00289  
6437.1  0.00303  
6441.4  0.0031  
6445.700000000001  0.00311  
6450.0  0.00301  
6454.400000000001  0.00302  
6458.7  0.0031  
6463.0  0.00315  
6467.3  0.00312  
6471.599999999999  0.00302  
6476.0  0.00305  
6480.299999999999  0.00319  
6484.6  0.00312  
6488.9  0.00295  
6493.3  0.00292  
6497.6  0.00297  
6501.900000000001  0.00295  
6506.2  0.0029  
6510.5  0.00287  
6514.9  0.00291  
6519.2  0.00304  
6523.5  0.0031  
6527.799999999999  0.003  
6532.200000000001  0.00291  
6536.5  0.00302  
6540.8  0.00314  
6545.2  0.00303  
6549.5  0.00284  
6553.8  0.00273  
6558.099999999999  0.00287  
6562.5  0.00312  
6566.799999999999  0.00315  
6571.1  0.00293  
6575.5  0.00277  
6579.8  0.0028  
6584.099999999999  0.00293  
6588.400000000001  0.00301  
6592.799999999999  0.00293  
6597.1  0.00289  
6601.4  0.00304  
6605.8  0.00315  
6610.1  0.00315  
6614.400000000001  0.00309  
6618.8  0.00312  
6623.099999999999  0.00317  
6627.4  0.00309  
6631.799999999999  0.00317  
6636.1  0.00328  
6640.4  0.0032  
6644.8  0.00306  
6649.099999999999  0.00304  
6653.5  0.00325  
6657.799999999999  0.00352  
6662.1  0.00355  
6666.5  0.00349  
6670.8  0.0034  
6675.1  0.00335  
6679.5  0.00337  
6683.8  0.00358  
6688.200000000001  0.00371  
6692.5  0.00347  
6696.799999999999  0.00328  
6701.2  0.00344  
6705.5  0.00358  
6709.9  0.00363  
6714.2  0.00366  
6718.5  0.00359  
6722.9  0.0035  
6727.200000000001  0.00358  
6731.599999999999  0.0037  
6735.900000000001  0.00377  
6740.299999999999  0.00383  
6744.6  0.00374  
6748.9  0.00355  
6753.3  0.00347  
6757.6  0.0036  
6762.0  0.00375  
6766.3  0.00385  
6770.700000000001  0.00386  
6775.0  0.0039  
6779.400000000001  0.00404  
6783.7  0.00403  
6788.099999999999  0.00386  
6792.4  0.00379  
6796.799999999999  0.00391  
6801.1  0.00402  
6805.5  0.00406  
6809.8  0.00414  
6814.2  0.0042  
6818.5  0.00419  
6822.9  0.00414  
6827.200000000001  0.00411  
6831.599999999999  0.0041  
6835.900000000001  0.00404  
6840.299999999999  0.00394  
6844.6  0.00398  
6849.0  0.00421  
6853.3  0.0043  
6857.7  0.0042  
6862.0  0.00425  
6866.4  0.00441  
6870.700000000001  0.00454  
6875.1  0.00469  
6879.5  0.005  
6883.8  0.00548  
6888.200000000001  0.006  
6892.5  0.00657  
6896.900000000001  0.00745  
6901.2  0.00877  
6905.599999999999  0.01057  
6910.0  0.01301  
6914.299999999999  0.01668  
6918.7  0.0217  
6923.0  0.02842  
6927.4  0.03757  
6931.799999999999  0.04973  
6936.1  0.06524  
6940.5  0.0844  
6944.8  0.10755  
6949.2  0.13554  
6953.6  0.16864  
6957.9  0.20681  
6962.3  0.25032  
6966.599999999999  0.299  
6971.0  0.35276  
6975.4  0.41075  
6979.700000000001  0.4707  
6984.099999999999  0.53164  
6988.5  0.59252  
6992.799999999999  0.64977  
6997.200000000001  0.70045  
7001.599999999999  0.74351  
7005.900000000001  0.77836  
7010.299999999999  0.80517  
7014.700000000001  0.82578  
7019.0  0.8422  
7023.400000000001  0.85508  
7027.799999999999  0.86533  
7032.1  0.87418  
7036.5  0.88145  
7040.900000000001  0.88808  
7045.2  0.89469  
7049.6  0.90031  
7054.0  0.90536  
7058.3  0.91017  
7062.7  0.91391  
7067.1  0.91683  
7071.5  0.91982  
7075.8  0.92242  
7080.2  0.92414  
7084.6  0.92583  
7088.9  0.92761  
7093.3  0.92861  
7097.7  0.92908  
7102.1  0.92967  
7106.4  0.93007  
7110.8  0.92977  
7115.2  0.92951  
7119.6  0.92957  
7123.9  0.92887  
7128.3  0.92735  
7132.7  0.9259  
7137.1  0.92418  
7141.4  0.92226  
7145.8  0.92054  
7150.2  0.91842  
7154.6  0.91627  
7159.0  0.91478  
7163.3  0.91368  
7167.7  0.91291  
7172.1  0.91231  
7176.5  0.91188  
7180.900000000001  0.91206  
7185.2  0.91269  
7189.6  0.91316  
7194.0  0.91354  
7198.400000000001  0.91424  
7202.799999999999  0.91512  
7207.1  0.91584  
7211.5  0.9163  
7215.900000000001  0.91659  
7220.299999999999  0.91758  
7224.700000000001  0.9193  
7229.099999999999  0.92054  
7233.400000000001  0.92113  
7237.799999999999  0.92154  
7242.200000000001  0.92292  
7246.599999999999  0.92537  
7251.0  0.92694  
7255.4  0.92747  
7259.700000000001  0.92856  
7264.099999999999  0.93018  
7268.5  0.93145  
7272.9  0.93275  
7277.3  0.93397  
7281.7  0.93472  
7286.1  0.93525  
7290.5  0.93589  
7294.9  0.93663  
7299.2  0.9369  
7303.6  0.93715  
7308.0  0.93789  
7312.4  0.93863  
7316.799999999999  0.93845  
7321.2  0.93825  
7325.599999999999  0.9391  
7330.0  0.94009  
7334.400000000001  0.94033  
7338.8  0.94028  
7343.099999999999  0.94011  
7347.5  0.94014  
7351.900000000001  0.9407  
7356.3  0.94106  
7360.700000000001  0.94036  
7365.1  0.93937  
7369.5  0.93888  
7373.9  0.93868  
7378.3  0.93839  
7382.7  0.93819  
7387.1  0.93834  
7391.5  0.93808  
7395.900000000001  0.93762  
7400.299999999999  0.93755  
7404.700000000001  0.93786  
7409.099999999999  0.9381  
7413.5  0.93823  
7417.9  0.93846  
7422.3  0.93857  
7426.7  0.93844  
7431.1  0.93853  
7435.5  0.93884  
7439.9  0.93883  
7444.299999999999  0.93824  
7448.7  0.93764  
7453.099999999999  0.93756  
7457.5  0.93724  
7461.900000000001  0.93667  
7466.3  0.93637  
7470.700000000001  0.93618  
7475.1  0.93603  
7479.5  0.93601  
7483.9  0.93592  
7488.3  0.93568  
7492.7  0.93549  
7497.1  0.93571  
7501.5  0.9363  
7505.900000000001  0.93658  
7510.299999999999  0.93658  
7514.700000000001  0.93622  
7519.099999999999  0.93593  
7523.5  0.93648  
7527.9  0.93713  
7532.3  0.93755  
7536.799999999999  0.93816  
7541.2  0.9382  
7545.599999999999  0.93809  
7550.0  0.93844  
7554.400000000001  0.9391  
7558.8  0.94027  
7563.200000000001  0.94072  
7567.6  0.94029  
7572.0  0.94074  
7576.4  0.94191  
7580.8  0.94285  
7585.299999999999  0.94327  
7589.700000000001  0.94343  
7594.099999999999  0.94379  
7598.5  0.9445  
7602.9  0.94477  
7607.3  0.94458  
7611.7  0.94479  
7616.1  0.94526  
7620.599999999999  0.94528  
7625.0  0.94473  
7629.400000000001  0.94452  
7633.8  0.9449  
7638.200000000001  0.94451  
7642.6  0.94389  
7647.0  0.94439  
7651.5  0.94503  
7655.900000000001  0.94441  
7660.299999999999  0.94374  
7664.700000000001  0.94422  
7669.099999999999  0.94483  
7673.5  0.94465  
7678.0  0.94421  
7682.4  0.94384  
7686.799999999999  0.94402  
7691.2  0.94424  
7695.599999999999  0.94365  
7700.0  0.94287  
7704.5  0.94218  
7708.9  0.94158  
7713.3  0.94135  
7717.7  0.94126  
7722.1  0.94122  
7726.599999999999  0.94087  
7731.0  0.94019  
7735.4  0.94017  
7739.8  0.94023  
7744.299999999999  0.93991  
7748.7  0.94004  
7753.099999999999  0.94036  
7757.5  0.9402  
7761.900000000001  0.94027  
7766.4  0.94059  
7770.8  0.94067  
7775.2  0.94101  
7779.6  0.94126  
7784.099999999999  0.94149  
7788.5  0.94223  
7792.9  0.9423  
7797.3  0.94132  
7801.799999999999  0.94067  
7806.2  0.94074  
7810.599999999999  0.94091  
7815.0  0.94094  
7819.5  0.94071  
7823.9  0.94017  
7828.3  0.93979  
7832.799999999999  0.94  
7837.200000000001  0.94  
7841.599999999999  0.93944  
7846.0  0.93926  
7850.5  0.93922  
7854.9  0.93862  
7859.299999999999  0.9379  
7863.8  0.93768  
7868.200000000001  0.93763  
7872.6  0.93717  
7877.1  0.93622  
7881.5  0.93558  
7885.900000000001  0.93536  
7890.4  0.93496  
7894.8  0.93489  
7899.2  0.93476  
7903.7  0.93429  
7908.099999999999  0.93389  
7912.5  0.93371  
7917.0  0.93357  
7921.4  0.93416  
7925.8  0.9351  
7930.299999999999  0.93553  
7934.700000000001  0.9359  
7939.099999999999  0.93634  
7943.6  0.93667  
7948.0  0.93753  
7952.4  0.93884  
7956.900000000001  0.93925  
7961.3  0.93934  
7965.700000000001  0.93978  
7970.2  0.94045  
7974.6  0.94138  
7979.099999999999  0.94237  
7983.5  0.9426  
7987.9  0.94299  
7992.4  0.9437  
7996.799999999999  0.94373  
8001.3  0.94394  
8005.700000000001  0.94411  
8010.1  0.94421  
8014.6  0.94397  
8019.0  0.94352  
8023.5  0.9434  
8027.9  0.94335  
8032.3  0.94261  
8036.799999999999  0.94209  
8041.2  0.94195  
8045.700000000001  0.94126  
8050.1  0.94077  
8054.6  0.94093  
8059.0  0.94071  
8063.400000000001  0.93973  
8067.9  0.93911  
8072.3  0.93853  
8076.799999999999  0.93763  
8081.2  0.93708  
8085.700000000001  0.93673  
8090.1  0.93598  
8094.6  0.93541  
8099.0  0.93556  
8103.5  0.93589  
8107.9  0.93569  
8112.3  0.93531  
8116.799999999999  0.93489  
8121.2  0.9347  
8125.700000000001  0.93506  
8130.1  0.93556  
8134.6  0.93589  
8139.0  0.93588  
8143.5  0.93559  
8147.9  0.93524  
8152.4  0.93544  
8156.799999999999  0.93588  
8161.3  0.93609  
8165.700000000001  0.93637  
8170.2  0.93668  
8174.6  0.93665  
8179.099999999999  0.93642  
8183.5  0.93644  
8188.0  0.93648  
8192.4  0.93608  
8196.900000000001  0.93586  
8201.4  0.93664  
8205.800000000001  0.93764  
8210.3  0.93735  
8214.7  0.9366  
8219.199999999999  0.93644  
8223.6  0.93635  
8228.099999999999  0.93625  
8232.5  0.93554  
8237.0  0.93419  
8241.4  0.93365  
8245.9  0.93346  
8250.3  0.93218  
8254.8  0.93083  
8259.3  0.93076  
8263.7  0.93086  
8268.2  0.93041  
8272.6  0.92984  
8277.1  0.92948  
8281.5  0.92891  
8286.0  0.92839  
8290.5  0.92846  
8294.9  0.92872  
8299.400000000001  0.92889  
8303.8  0.92933  
8308.300000000001  0.93005  
8312.8  0.93038  
8317.2  0.93019  
8321.699999999999  0.93006  
8326.1  0.93066  
8330.599999999999  0.93174  
8335.1  0.93222  
8339.5  0.93164  
8344.0  0.93134  
8348.4  0.93215  
8352.9  0.93219  
8357.4  0.93134  
8361.8  0.93063  
8366.3  0.92983  
8370.800000000001  0.9296  
8375.2  0.92988  
8379.7  0.92998  
8384.199999999999  0.92915  
8388.6  0.92752  
8393.099999999999  0.92645  
8397.5  0.92632  
8402.0  0.92598  
8406.5  0.92468  
8410.9  0.92317  
8415.4  0.92153  
8419.9  0.91907  
8424.3  0.9168  
8428.8  0.91539  
8433.300000000001  0.91431  
8437.7  0.91271  
8442.2  0.91032  
8446.699999999999  0.90733  
8451.1  0.90502  
8455.599999999999  0.90423  
8460.1  0.90286  
8464.6  0.90015  
8469.0  0.89791  
8473.5  0.89548  
8478.0  0.89225  
8482.4  0.88895  
8486.900000000001  0.88415  
8491.4  0.87816  
8495.800000000001  0.87197  
8500.3  0.86381  
8504.8  0.85319  
8509.3  0.84053  
8513.7  0.82559  
8518.2  0.80728  
8522.7  0.7856  
8527.1  0.7613  
8531.6  0.73456  
8536.1  0.70489  
8540.599999999999  0.6727  
8545.0  0.63842  
8549.5  0.60136  
8554.0  0.56147  
8558.5  0.51977  
8562.9  0.47694  
8567.4  0.43229  
8571.900000000001  0.3865  
8576.4  0.34101  
8580.800000000001  0.29628  
8585.3  0.25322  
8589.8  0.21265  
8594.3  0.17555  
8598.7  0.14314  
8603.2  0.11601  
8607.7  0.0939  
8612.2  0.07667  
8616.699999999999  0.06365  
8621.1  0.05304  
8625.599999999999  0.04439  
8630.1  0.03779  
8634.6  0.03261  
8639.0  0.02869  
8643.5  0.02573  
8648.0  0.02289  
8652.5  0.02038  
8657.0  0.01828  
8661.4  0.01666  
8665.9  0.01555  
8670.4  0.01462  
8674.9  0.01362  
8679.400000000001  0.01265  
8683.8  0.01188  
8688.300000000001  0.01127  
8692.8  0.01071  
8697.3  0.01032  
8701.8  0.01013  
8706.3  0.0099  
8710.7  0.00952  
8715.2  0.00918  
8719.7  0.00898  
8724.199999999999  0.00872  
8728.7  0.00853  
8733.2  0.00857  
8737.6  0.00851  
8742.1  0.00835  
8746.6  0.00822  
8751.1  0.00808  
8755.599999999999  0.00821  
8760.1  0.00822  
8764.6  0.00801  
8769.0  0.00793  
8773.5  0.00801  
8778.0  0.00788  
8782.5  0.00805  
8787.0  0.00828  
8791.5  0.00822  
8796.0  0.00783  

