@MEASUREMENT_RADIUS 28.0 cm
#lambda:
#tr:
#end
6251.799999999999  0.00199  
6256.1  0.00213  
6260.4  0.00226  
6264.700000000001  0.00215  
6269.0  0.00203  
6273.3  0.0021  
6277.6  0.0023  
6281.900000000001  0.00239  
6286.2  0.00231  
6290.5  0.00222  
6294.8  0.00215  
6299.099999999999  0.00221  
6303.400000000001  0.00244  
6307.7  0.00253  
6312.0  0.00252  
6316.3  0.00252  
6320.599999999999  0.00254  
6325.0  0.00257  
6329.299999999999  0.00259  
6333.6  0.00268  
6337.9  0.00275  
6342.200000000001  0.0027  
6346.5  0.00256  
6350.8  0.0025  
6355.1  0.00257  
6359.400000000001  0.00258  
6363.7  0.00264  
6368.099999999999  0.00284  
6372.4  0.00288  
6376.7  0.00281  
6381.0  0.00285  
6385.299999999999  0.0029  
6389.6  0.00291  
6393.9  0.00298  
6398.200000000001  0.00307  
6402.6  0.00314  
6406.900000000001  0.00321  
6411.2  0.00322  
6415.5  0.00312  
6419.8  0.00305  
6424.099999999999  0.00311  
6428.5  0.00322  
6432.799999999999  0.00333  
6437.1  0.0034  
6441.4  0.00339  
6445.700000000001  0.00335  
6450.0  0.00332  
6454.400000000001  0.00345  
6458.7  0.00364  
6463.0  0.00364  
6467.3  0.0035  
6471.599999999999  0.00346  
6476.0  0.00358  
6480.299999999999  0.00364  
6484.6  0.0036  
6488.9  0.0037  
6493.3  0.00372  
6497.6  0.00371  
6501.900000000001  0.00392  
6506.2  0.00408  
6510.5  0.00399  
6514.9  0.00399  
6519.2  0.00416  
6523.5  0.00419  
6527.799999999999  0.00411  
6532.200000000001  0.00407  
6536.5  0.0042  
6540.8  0.00442  
6545.2  0.00457  
6549.5  0.00456  
6553.8  0.00443  
6558.099999999999  0.00453  
6562.5  0.00474  
6566.799999999999  0.00487  
6571.1  0.00487  
6575.5  0.00493  
6579.8  0.00505  
6584.099999999999  0.00524  
6588.400000000001  0.0054  
6592.799999999999  0.00559  
6597.1  0.00573  
6601.4  0.00581  
6605.8  0.00594  
6610.1  0.00604  
6614.400000000001  0.00611  
6618.8  0.00622  
6623.099999999999  0.00647  
6627.4  0.00674  
6631.799999999999  0.00693  
6636.1  0.00695  
6640.4  0.00713  
6644.8  0.00747  
6649.099999999999  0.0077  
6653.5  0.00791  
6657.799999999999  0.00817  
6662.1  0.00836  
6666.5  0.00844  
6670.8  0.0085  
6675.1  0.00877  
6679.5  0.00916  
6683.8  0.00952  
6688.200000000001  0.00974  
6692.5  0.00999  
6696.799999999999  0.01036  
6701.2  0.01067  
6705.5  0.01104  
6709.9  0.01154  
6714.2  0.0119  
6718.5  0.01228  
6722.9  0.01276  
6727.200000000001  0.01324  
6731.599999999999  0.01365  
6735.900000000001  0.01401  
6740.299999999999  0.01442  
6744.6  0.01504  
6748.9  0.01578  
6753.3  0.01644  
6757.6  0.01699  
6762.0  0.01754  
6766.3  0.01825  
6770.700000000001  0.01907  
6775.0  0.01999  
6779.400000000001  0.02087  
6783.7  0.02172  
6788.099999999999  0.02268  
6792.4  0.02358  
6796.799999999999  0.02465  
6801.1  0.02604  
6805.5  0.02733  
6809.8  0.02853  
6814.2  0.02985  
6818.5  0.03134  
6822.9  0.03309  
6827.200000000001  0.03506  
6831.599999999999  0.03703  
6835.900000000001  0.03897  
6840.299999999999  0.04118  
6844.6  0.04366  
6849.0  0.04627  
6853.3  0.04902  
6857.7  0.05214  
6862.0  0.05549  
6866.4  0.05886  
6870.700000000001  0.06283  
6875.1  0.06742  
6879.5  0.07228  
6883.8  0.07753  
6888.200000000001  0.08341  
6892.5  0.09034  
6896.900000000001  0.09859  
6901.2  0.10787  
6905.599999999999  0.11865  
6910.0  0.13149  
6914.299999999999  0.14657  
6918.7  0.16408  
6923.0  0.18432  
6927.4  0.2076  
6931.799999999999  0.23422  
6936.1  0.26401  
6940.5  0.29718  
6944.8  0.33381  
6949.2  0.37359  
6953.6  0.41592  
6957.9  0.45992  
6962.3  0.50409  
6966.599999999999  0.54693  
6971.0  0.58748  
6975.4  0.62378  
6979.700000000001  0.6546  
6984.099999999999  0.6799  
6988.5  0.69965  
6992.799999999999  0.71476  
6997.200000000001  0.72649  
7001.599999999999  0.73589  
7005.900000000001  0.74357  
7010.299999999999  0.74966  
7014.700000000001  0.75523  
7019.0  0.76091  
7023.400000000001  0.76567  
7027.799999999999  0.76933  
7032.1  0.77263  
7036.5  0.77524  
7040.900000000001  0.77742  
7045.2  0.77964  
7049.6  0.78114  
7054.0  0.78216  
7058.3  0.78334  
7062.7  0.78412  
7067.1  0.7841  
7071.5  0.78419  
7075.8  0.78474  
7080.2  0.78516  
7084.6  0.78572  
7088.9  0.78599  
7093.3  0.78551  
7097.7  0.78508  
7102.1  0.78515  
7106.4  0.78483  
7110.8  0.78403  
7115.2  0.78337  
7119.6  0.78261  
7123.9  0.78156  
7128.3  0.78033  
7132.7  0.77912  
7137.1  0.77824  
7141.4  0.77804  
7145.8  0.77786  
7150.2  0.77686  
7154.6  0.77599  
7159.0  0.776  
7163.3  0.77625  
7167.7  0.77623  
7172.1  0.77602  
7176.5  0.77588  
7180.900000000001  0.77598  
7185.2  0.77628  
7189.6  0.77658  
7194.0  0.77697  
7198.400000000001  0.77745  
7202.799999999999  0.77765  
7207.1  0.7781  
7211.5  0.77896  
7215.900000000001  0.78025  
7220.299999999999  0.78199  
7224.700000000001  0.78349  
7229.099999999999  0.78493  
7233.400000000001  0.787  
7237.799999999999  0.78899  
7242.200000000001  0.79065  
7246.599999999999  0.79287  
7251.0  0.79502  
7255.4  0.79638  
7259.700000000001  0.79713  
7264.099999999999  0.79788  
7268.5  0.79872  
7272.9  0.79959  
7277.3  0.80036  
7281.7  0.80051  
7286.1  0.80003  
7290.5  0.79969  
7294.9  0.7997  
7299.2  0.79956  
7303.6  0.79945  
7308.0  0.79928  
7312.4  0.7988  
7316.799999999999  0.79843  
7321.2  0.79867  
7325.599999999999  0.79882  
7330.0  0.79863  
7334.400000000001  0.79837  
7338.8  0.79811  
7343.099999999999  0.79797  
7347.5  0.798  
7351.900000000001  0.79822  
7356.3  0.79847  
7360.700000000001  0.79844  
7365.1  0.79838  
7369.5  0.79848  
7373.9  0.79883  
7378.3  0.79915  
7382.7  0.79923  
7387.1  0.79926  
7391.5  0.79925  
7395.900000000001  0.79941  
7400.299999999999  0.79923  
7404.700000000001  0.7986  
7409.099999999999  0.79823  
7413.5  0.79839  
7417.9  0.79846  
7422.3  0.79794  
7426.7  0.79704  
7431.1  0.79648  
7435.5  0.79633  
7439.9  0.79578  
7444.299999999999  0.79503  
7448.7  0.79493  
7453.099999999999  0.79543  
7457.5  0.79562  
7461.900000000001  0.79538  
7466.3  0.79564  
7470.700000000001  0.79664  
7475.1  0.79737  
7479.5  0.79783  
7483.9  0.79859  
7488.3  0.79928  
7492.7  0.79988  
7497.1  0.80043  
7501.5  0.80071  
7505.900000000001  0.80098  
7510.299999999999  0.80127  
7514.700000000001  0.8013  
7519.099999999999  0.80139  
7523.5  0.80153  
7527.9  0.8017  
7532.3  0.80225  
7536.799999999999  0.8024  
7541.2  0.80182  
7545.599999999999  0.8015  
7550.0  0.80184  
7554.400000000001  0.80264  
7558.8  0.80335  
7563.200000000001  0.80358  
7567.6  0.8036  
7572.0  0.80382  
7576.4  0.80448  
7580.8  0.80513  
7585.299999999999  0.80517  
7589.700000000001  0.80509  
7594.099999999999  0.80513  
7598.5  0.80505  
7602.9  0.80489  
7607.3  0.8049  
7611.7  0.80471  
7616.1  0.80421  
7620.599999999999  0.80412  
7625.0  0.80424  
7629.400000000001  0.80416  
7633.8  0.80411  
7638.200000000001  0.80362  
7642.6  0.80315  
7647.0  0.80333  
7651.5  0.80353  
7655.900000000001  0.80315  
7660.299999999999  0.80273  
7664.700000000001  0.80291  
7669.099999999999  0.80283  
7673.5  0.80241  
7678.0  0.80251  
7682.4  0.80242  
7686.799999999999  0.80233  
7691.2  0.80272  
7695.599999999999  0.80271  
7700.0  0.80237  
7704.5  0.80219  
7708.9  0.8022  
7713.3  0.80249  
7717.7  0.80309  
7722.1  0.80329  
7726.599999999999  0.803  
7731.0  0.80294  
7735.4  0.8033  
7739.8  0.80368  
7744.299999999999  0.8037  
7748.7  0.80294  
7753.099999999999  0.8021  
7757.5  0.80179  
7761.900000000001  0.80221  
7766.4  0.8024  
7770.8  0.80121  
7775.2  0.8  
7779.6  0.79948  
7784.099999999999  0.799  
7788.5  0.7983  
7792.9  0.79759  
7797.3  0.79723  
7801.799999999999  0.79707  
7806.2  0.79681  
7810.599999999999  0.79643  
7815.0  0.79687  
7819.5  0.7981  
7823.9  0.79839  
7828.3  0.79812  
7832.799999999999  0.79901  
7837.200000000001  0.80009  
7841.599999999999  0.80038  
7846.0  0.80094  
7850.5  0.80197  
7854.9  0.80267  
7859.299999999999  0.80325  
7863.8  0.80358  
7868.200000000001  0.80374  
7872.6  0.80433  
7877.1  0.80456  
7881.5  0.80469  
7885.900000000001  0.8058  
7890.4  0.80641  
7894.8  0.80585  
7899.2  0.80537  
7903.7  0.80575  
7908.099999999999  0.80596  
7912.5  0.80521  
7917.0  0.80503  
7921.4  0.80596  
7925.8  0.80578  
7930.299999999999  0.80503  
7934.700000000001  0.80517  
7939.099999999999  0.80536  
7943.6  0.80529  
7948.0  0.80569  
7952.4  0.80646  
7956.900000000001  0.80622  
7961.3  0.80548  
7965.700000000001  0.80536  
7970.2  0.80556  
7974.6  0.80545  
7979.099999999999  0.80517  
7983.5  0.80519  
7987.9  0.80582  
7992.4  0.8057  
7996.799999999999  0.80471  
8001.3  0.80528  
8005.700000000001  0.80616  
8010.1  0.80519  
8014.6  0.80395  
8019.0  0.80388  
8023.5  0.80393  
8027.9  0.80376  
8032.3  0.80348  
8036.799999999999  0.80309  
8041.2  0.80217  
8045.700000000001  0.80124  
8050.1  0.80141  
8054.6  0.80143  
8059.0  0.80109  
8063.400000000001  0.80089  
8067.9  0.80075  
8072.3  0.80029  
8076.799999999999  0.79984  
8081.2  0.79981  
8085.700000000001  0.80009  
8090.1  0.80021  
8094.6  0.79987  
8099.0  0.79994  
8103.5  0.80068  
8107.9  0.80123  
8112.3  0.80172  
8116.799999999999  0.8015  
8121.2  0.80066  
8125.700000000001  0.80095  
8130.1  0.8018  
8134.6  0.80176  
8139.0  0.8013  
8143.5  0.80085  
8147.9  0.80006  
8152.4  0.79979  
8156.799999999999  0.80019  
8161.3  0.79983  
8165.700000000001  0.79918  
8170.2  0.79899  
8174.6  0.79873  
8179.099999999999  0.79829  
8183.5  0.79761  
8188.0  0.79693  
8192.4  0.79658  
8196.900000000001  0.79688  
8201.4  0.79745  
8205.800000000001  0.79706  
8210.3  0.7961  
8214.7  0.79566  
8219.199999999999  0.79548  
8223.6  0.79557  
8228.099999999999  0.79562  
8232.5  0.79512  
8237.0  0.79454  
8241.4  0.79443  
8245.9  0.79451  
8250.3  0.79412  
8254.8  0.79397  
8259.3  0.79422  
8263.7  0.79412  
8268.2  0.7942  
8272.6  0.79394  
8277.1  0.79335  
8281.5  0.79314  
8286.0  0.7935  
8290.5  0.79332  
8294.9  0.79228  
8299.400000000001  0.79148  
8303.8  0.79106  
8308.300000000001  0.79062  
8312.8  0.79025  
8317.2  0.78929  
8321.699999999999  0.78754  
8326.1  0.78655  
8330.599999999999  0.78681  
8335.1  0.78638  
8339.5  0.78401  
8344.0  0.78175  
8348.4  0.781  
8352.9  0.78032  
8357.4  0.77864  
8361.8  0.7767  
8366.3  0.77541  
8370.800000000001  0.77427  
8375.2  0.77308  
8379.7  0.77196  
8384.199999999999  0.77041  
8388.6  0.76831  
8393.099999999999  0.76607  
8397.5  0.76421  
8402.0  0.76238  
8406.5  0.75972  
8410.9  0.75669  
8415.4  0.75408  
8419.9  0.75127  
8424.3  0.74782  
8428.8  0.7442  
8433.300000000001  0.74067  
8437.7  0.73706  
8442.2  0.73296  
8446.699999999999  0.72891  
8451.1  0.72529  
8455.599999999999  0.72077  
8460.1  0.71508  
8464.6  0.70943  
8469.0  0.70382  
8473.5  0.69718  
8478.0  0.68905  
8482.4  0.67978  
8486.900000000001  0.66932  
8491.4  0.65798  
8495.800000000001  0.6457  
8500.3  0.63142  
8504.8  0.61532  
8509.3  0.59715  
8513.7  0.57666  
8518.2  0.55422  
8522.7  0.53035  
8527.1  0.50504  
8531.6  0.4784  
8536.1  0.45014  
8540.599999999999  0.41993  
8545.0  0.38823  
8549.5  0.35554  
8554.0  0.32225  
8558.5  0.28817  
8562.9  0.25382  
8567.4  0.2203  
8571.900000000001  0.18845  
8576.4  0.15891  
8580.800000000001  0.13246  
8585.3  0.1093  
8589.8  0.0891  
8594.3  0.07222  
8598.7  0.05867  
8603.2  0.04794  
8607.7  0.03978  
8612.2  0.03372  
8616.699999999999  0.02889  
8621.1  0.02477  
8625.599999999999  0.02159  
8630.1  0.01924  
8634.6  0.01736  
8639.0  0.01577  
8643.5  0.01448  
8648.0  0.01343  
8652.5  0.01245  
8657.0  0.01146  
8661.4  0.01072  
8665.9  0.01021  
8670.4  0.00967  
8674.9  0.00904  
8679.400000000001  0.00858  
8683.8  0.00831  
8688.300000000001  0.00824  
8692.8  0.00788  
8697.3  0.00744  
8701.8  0.00737  
8706.3  0.00762  
8710.7  0.00764  
8715.2  0.00709  
8719.7  0.00684  
8724.199999999999  0.00713  
8728.7  0.0072  
8733.2  0.00677  
8737.6  0.00656  
8742.1  0.0068  
8746.6  0.00702  
8751.1  0.00686  
8755.599999999999  0.00668  
8760.1  0.00655  
8764.6  0.00659  
8769.0  0.00677  
8773.5  0.00692  
8778.0  0.00674  
8782.5  0.00653  
8787.0  0.00643  
8791.5  0.00663  
8796.0  0.00687  

