@MEASUREMENT_RADIUS 0.0 cm
#lambda:
#tr:
#end
6251.799999999999  0.00247  
6256.1  0.00245  
6260.4  0.00253  
6264.700000000001  0.00255  
6269.0  0.0025  
6273.3  0.00248  
6277.6  0.00252  
6281.900000000001  0.00255  
6286.2  0.00253  
6290.5  0.00251  
6294.8  0.00253  
6299.099999999999  0.00248  
6303.400000000001  0.00244  
6307.7  0.00249  
6312.0  0.00263  
6316.3  0.00268  
6320.599999999999  0.00263  
6325.0  0.00249  
6329.299999999999  0.00249  
6333.6  0.00273  
6337.9  0.00286  
6342.200000000001  0.0028  
6346.5  0.00271  
6350.8  0.00263  
6355.1  0.00265  
6359.400000000001  0.00274  
6363.7  0.00283  
6368.099999999999  0.00288  
6372.4  0.00278  
6376.7  0.0027  
6381.0  0.00275  
6385.299999999999  0.00278  
6389.6  0.00287  
6393.9  0.003  
6398.200000000001  0.003  
6402.6  0.00296  
6406.900000000001  0.00304  
6411.2  0.00314  
6415.5  0.00309  
6419.8  0.00305  
6424.099999999999  0.00303  
6428.5  0.00298  
6432.799999999999  0.00291  
6437.1  0.00295  
6441.4  0.00312  
6445.700000000001  0.00328  
6450.0  0.00328  
6454.400000000001  0.00314  
6458.7  0.00308  
6463.0  0.00321  
6467.3  0.00317  
6471.599999999999  0.00308  
6476.0  0.00314  
6480.299999999999  0.00319  
6484.6  0.00321  
6488.9  0.00328  
6493.3  0.0033  
6497.6  0.00323  
6501.900000000001  0.00316  
6506.2  0.00316  
6510.5  0.00321  
6514.9  0.00321  
6519.2  0.00322  
6523.5  0.00321  
6527.799999999999  0.00318  
6532.200000000001  0.00326  
6536.5  0.00333  
6540.8  0.00329  
6545.2  0.00321  
6549.5  0.00331  
6553.8  0.00349  
6558.099999999999  0.00354  
6562.5  0.00339  
6566.799999999999  0.00343  
6571.1  0.00356  
6575.5  0.00355  
6579.8  0.0035  
6584.099999999999  0.00359  
6588.400000000001  0.00375  
6592.799999999999  0.00381  
6597.1  0.00382  
6601.4  0.00384  
6605.8  0.00377  
6610.1  0.0038  
6614.400000000001  0.00396  
6618.8  0.00404  
6623.099999999999  0.00401  
6627.4  0.00405  
6631.799999999999  0.00424  
6636.1  0.00435  
6640.4  0.00428  
6644.8  0.00414  
6649.099999999999  0.0042  
6653.5  0.00449  
6657.799999999999  0.00471  
6662.1  0.00477  
6666.5  0.00488  
6670.8  0.00489  
6675.1  0.00485  
6679.5  0.00483  
6683.8  0.00498  
6688.200000000001  0.00525  
6692.5  0.00538  
6696.799999999999  0.00544  
6701.2  0.00562  
6705.5  0.00579  
6709.9  0.00595  
6714.2  0.00602  
6718.5  0.00616  
6722.9  0.00649  
6727.200000000001  0.00674  
6731.599999999999  0.00695  
6735.900000000001  0.00723  
6740.299999999999  0.00751  
6744.6  0.00783  
6748.9  0.0083  
6753.3  0.00864  
6757.6  0.00886  
6762.0  0.0093  
6766.3  0.00996  
6770.700000000001  0.01054  
6775.0  0.01117  
6779.400000000001  0.01209  
6783.7  0.0131  
6788.099999999999  0.01405  
6792.4  0.01507  
6796.799999999999  0.01623  
6801.1  0.01747  
6805.5  0.01892  
6809.8  0.02069  
6814.2  0.0227  
6818.5  0.02479  
6822.9  0.02697  
6827.200000000001  0.02961  
6831.599999999999  0.03264  
6835.900000000001  0.03575  
6840.299999999999  0.03918  
6844.6  0.04314  
6849.0  0.04751  
6853.3  0.05214  
6857.7  0.05726  
6862.0  0.0632  
6866.4  0.06992  
6870.700000000001  0.07712  
6875.1  0.08481  
6879.5  0.09331  
6883.8  0.1028  
6888.200000000001  0.11345  
6892.5  0.1253  
6896.900000000001  0.13836  
6901.2  0.15254  
6905.599999999999  0.16803  
6910.0  0.18529  
6914.299999999999  0.20436  
6918.7  0.22515  
6923.0  0.24777  
6927.4  0.27226  
6931.799999999999  0.29875  
6936.1  0.3272  
6940.5  0.35761  
6944.8  0.38964  
6949.2  0.42301  
6953.6  0.45785  
6957.9  0.49399  
6962.3  0.53036  
6966.599999999999  0.56639  
6971.0  0.60241  
6975.4  0.63777  
6979.700000000001  0.67188  
6984.099999999999  0.70456  
6988.5  0.73502  
6992.799999999999  0.76343  
6997.200000000001  0.78989  
7001.599999999999  0.81383  
7005.900000000001  0.8351  
7010.299999999999  0.85351  
7014.700000000001  0.86956  
7019.0  0.88414  
7023.400000000001  0.89697  
7027.799999999999  0.90767  
7032.1  0.91658  
7036.5  0.92374  
7040.900000000001  0.92978  
7045.2  0.9353  
7049.6  0.93999  
7054.0  0.94356  
7058.3  0.9463  
7062.7  0.94869  
7067.1  0.95074  
7071.5  0.95244  
7075.8  0.9539  
7080.2  0.95478  
7084.6  0.95548  
7088.9  0.95618  
7093.3  0.95704  
7097.7  0.95814  
7102.1  0.9589  
7106.4  0.95954  
7110.8  0.96048  
7115.2  0.96143  
7119.6  0.96242  
7123.9  0.96372  
7128.3  0.96465  
7132.7  0.96546  
7137.1  0.9667  
7141.4  0.96806  
7145.8  0.96901  
7150.2  0.96967  
7154.6  0.97083  
7159.0  0.97214  
7163.3  0.97271  
7167.7  0.97254  
7172.1  0.9721  
7176.5  0.97223  
7180.900000000001  0.97267  
7185.2  0.9722  
7189.6  0.971  
7194.0  0.97021  
7198.400000000001  0.96996  
7202.799999999999  0.9697  
7207.1  0.96955  
7211.5  0.96917  
7215.900000000001  0.96816  
7220.299999999999  0.96773  
7224.700000000001  0.96846  
7229.099999999999  0.96908  
7233.400000000001  0.96905  
7237.799999999999  0.96948  
7242.200000000001  0.96996  
7246.599999999999  0.96987  
7251.0  0.97009  
7255.4  0.97096  
7259.700000000001  0.97112  
7264.099999999999  0.97086  
7268.5  0.97128  
7272.9  0.97201  
7277.3  0.97198  
7281.7  0.97099  
7286.1  0.97042  
7290.5  0.97068  
7294.9  0.97066  
7299.2  0.97006  
7303.6  0.96948  
7308.0  0.96879  
7312.4  0.96849  
7316.799999999999  0.96872  
7321.2  0.96856  
7325.599999999999  0.96795  
7330.0  0.96771  
7334.400000000001  0.9684  
7338.8  0.96914  
7343.099999999999  0.96923  
7347.5  0.96975  
7351.900000000001  0.97021  
7356.3  0.97028  
7360.700000000001  0.97107  
7365.1  0.97235  
7369.5  0.97281  
7373.9  0.97263  
7378.3  0.97289  
7382.7  0.97327  
7387.1  0.97344  
7391.5  0.97331  
7395.900000000001  0.97278  
7400.299999999999  0.97203  
7404.700000000001  0.97121  
7409.099999999999  0.97021  
7413.5  0.96916  
7417.9  0.968  
7422.3  0.96702  
7426.7  0.96675  
7431.1  0.96651  
7435.5  0.96568  
7439.9  0.96469  
7444.299999999999  0.96393  
7448.7  0.96333  
7453.099999999999  0.96301  
7457.5  0.96298  
7461.900000000001  0.96312  
7466.3  0.96338  
7470.700000000001  0.96362  
7475.1  0.96344  
7479.5  0.96335  
7483.9  0.96384  
7488.3  0.96476  
7492.7  0.96532  
7497.1  0.96516  
7501.5  0.96502  
7505.900000000001  0.96575  
7510.299999999999  0.96654  
7514.700000000001  0.96633  
7519.099999999999  0.96605  
7523.5  0.96656  
7527.9  0.96742  
7532.3  0.96724  
7536.799999999999  0.96592  
7541.2  0.96526  
7545.599999999999  0.96581  
7550.0  0.96603  
7554.400000000001  0.96532  
7558.8  0.96479  
7563.200000000001  0.96438  
7567.6  0.96355  
7572.0  0.96325  
7576.4  0.96356  
7580.8  0.96336  
7585.299999999999  0.96256  
7589.700000000001  0.96194  
7594.099999999999  0.96147  
7598.5  0.96096  
7602.9  0.96055  
7607.3  0.96002  
7611.7  0.95962  
7616.1  0.95889  
7620.599999999999  0.95776  
7625.0  0.95741  
7629.400000000001  0.95704  
7633.8  0.95557  
7638.200000000001  0.9545  
7642.6  0.9544  
7647.0  0.95398  
7651.5  0.95311  
7655.900000000001  0.95233  
7660.299999999999  0.95193  
7664.700000000001  0.95114  
7669.099999999999  0.9502  
7673.5  0.95003  
7678.0  0.94971  
7682.4  0.94907  
7686.799999999999  0.94843  
7691.2  0.94782  
7695.599999999999  0.94793  
7700.0  0.94829  
7704.5  0.94855  
7708.9  0.94887  
7713.3  0.94882  
7717.7  0.94825  
7722.1  0.94828  
7726.599999999999  0.94945  
7731.0  0.94999  
7735.4  0.95044  
7739.8  0.95198  
7744.299999999999  0.95328  
7748.7  0.95413  
7753.099999999999  0.95491  
7757.5  0.95576  
7761.900000000001  0.95681  
7766.4  0.95787  
7770.8  0.95937  
7775.2  0.96099  
7779.6  0.96216  
7784.099999999999  0.9627  
7788.5  0.96312  
7792.9  0.9642  
7797.3  0.9656  
7801.799999999999  0.96689  
7806.2  0.96719  
7810.599999999999  0.96682  
7815.0  0.96729  
7819.5  0.96827  
7823.9  0.96868  
7828.3  0.96837  
7832.799999999999  0.96787  
7837.200000000001  0.96758  
7841.599999999999  0.96758  
7846.0  0.96709  
7850.5  0.96609  
7854.9  0.96562  
7859.299999999999  0.96497  
7863.8  0.96401  
7868.200000000001  0.9637  
7872.6  0.9635  
7877.1  0.96278  
7881.5  0.96169  
7885.900000000001  0.96083  
7890.4  0.96064  
7894.8  0.96087  
7899.2  0.96069  
7903.7  0.96033  
7908.099999999999  0.96019  
7912.5  0.96019  
7917.0  0.96051  
7921.4  0.96102  
7925.8  0.96045  
7930.299999999999  0.95989  
7934.700000000001  0.96086  
7939.099999999999  0.96184  
7943.6  0.96174  
7948.0  0.9612  
7952.4  0.96121  
7956.900000000001  0.96211  
7961.3  0.96275  
7965.700000000001  0.96247  
7970.2  0.96204  
7974.6  0.96205  
7979.099999999999  0.96247  
7983.5  0.96252  
7987.9  0.96249  
7992.4  0.96277  
7996.799999999999  0.96263  
8001.3  0.96255  
8005.700000000001  0.9631  
8010.1  0.9633  
8014.6  0.96297  
8019.0  0.9633  
8023.5  0.96398  
8027.9  0.96469  
8032.3  0.96488  
8036.799999999999  0.96439  
8041.2  0.96447  
8045.700000000001  0.96563  
8050.1  0.96657  
8054.6  0.96658  
8059.0  0.96683  
8063.400000000001  0.96735  
8067.9  0.96747  
8072.3  0.96763  
8076.799999999999  0.9684  
8081.2  0.96868  
8085.700000000001  0.96855  
8090.1  0.96852  
8094.6  0.96892  
8099.0  0.9693  
8103.5  0.96905  
8107.9  0.9687  
8112.3  0.96811  
8116.799999999999  0.96697  
8121.2  0.96665  
8125.700000000001  0.96683  
8130.1  0.9661  
8134.6  0.9648  
8139.0  0.96375  
8143.5  0.9633  
8147.9  0.96287  
8152.4  0.96202  
8156.799999999999  0.96081  
8161.3  0.95993  
8165.700000000001  0.95945  
8170.2  0.95904  
8174.6  0.95876  
8179.099999999999  0.95844  
8183.5  0.95876  
8188.0  0.95934  
8192.4  0.95953  
8196.900000000001  0.95969  
8201.4  0.96002  
8205.800000000001  0.96013  
8210.3  0.96012  
8214.7  0.9606  
8219.199999999999  0.96153  
8223.6  0.96196  
8228.099999999999  0.96243  
8232.5  0.96327  
8237.0  0.96413  
8241.4  0.96473  
8245.9  0.96451  
8250.3  0.96409  
8254.8  0.96434  
8259.3  0.96544  
8263.7  0.96629  
8268.2  0.96629  
8272.6  0.96569  
8277.1  0.96504  
8281.5  0.96492  
8286.0  0.96511  
8290.5  0.96454  
8294.9  0.96303  
8299.400000000001  0.96204  
8303.8  0.96201  
8308.300000000001  0.96168  
8312.8  0.96014  
8317.2  0.95768  
8321.699999999999  0.95578  
8326.1  0.95438  
8330.599999999999  0.95162  
8335.1  0.94753  
8339.5  0.94356  
8344.0  0.9395  
8348.4  0.93405  
8352.9  0.92685  
8357.4  0.91886  
8361.8  0.9096  
8366.3  0.89829  
8370.800000000001  0.88535  
8375.2  0.8706  
8379.7  0.85347  
8384.199999999999  0.83411  
8388.6  0.81289  
8393.099999999999  0.78913  
8397.5  0.76291  
8402.0  0.734  
8406.5  0.70227  
8410.9  0.66942  
8415.4  0.63539  
8419.9  0.59947  
8424.3  0.5624  
8428.8  0.52507  
8433.300000000001  0.48796  
8437.7  0.45131  
8442.2  0.41518  
8446.699999999999  0.37999  
8451.1  0.3464  
8455.599999999999  0.31456  
8460.1  0.28447  
8464.6  0.25682  
8469.0  0.23172  
8473.5  0.20826  
8478.0  0.18687  
8482.4  0.16796  
8486.900000000001  0.15106  
8491.4  0.13556  
8495.800000000001  0.12177  
8500.3  0.10992  
8504.8  0.09942  
8509.3  0.08932  
8513.7  0.08005  
8518.2  0.0722  
8522.7  0.06525  
8527.1  0.05879  
8531.6  0.05323  
8536.1  0.0487  
8540.599999999999  0.0445  
8545.0  0.04064  
8549.5  0.03735  
8554.0  0.03438  
8558.5  0.0318  
8562.9  0.02942  
8567.4  0.027  
8571.900000000001  0.02484  
8576.4  0.02315  
8580.800000000001  0.0217  
8585.3  0.02029  
8589.8  0.01881  
8594.3  0.01732  
8598.7  0.01604  
8603.2  0.01504  
8607.7  0.01418  
8612.2  0.0133  
8616.699999999999  0.0125  
8621.1  0.01198  
8625.599999999999  0.0115  
8630.1  0.01092  
8634.6  0.01041  
8639.0  0.00996  
8643.5  0.0097  
8648.0  0.00925  
8652.5  0.00874  
8657.0  0.00851  
8661.4  0.00857  
8665.9  0.00843  
8670.4  0.00799  
8674.9  0.00763  
8679.400000000001  0.00754  
8683.8  0.00742  
8688.300000000001  0.0073  
8692.8  0.00732  
8697.3  0.00737  
8701.8  0.00734  
8706.3  0.00715  
8710.7  0.00696  
8715.2  0.00696  
8719.7  0.00696  
8724.199999999999  0.00691  
8728.7  0.00709  
8733.2  0.00723  
8737.6  0.00686  
8742.1  0.00669  
8746.6  0.00697  
8751.1  0.00706  
8755.599999999999  0.00706  
8760.1  0.0069  
8764.6  0.00685  
8769.0  0.00678  
8773.5  0.00696  
8778.0  0.00734  
8782.5  0.00751  
8787.0  0.00735  
8791.5  0.00717  
8796.0  0.00722  

