@MEASUREMENT_RADIUS 1.0 cm
#lambda:
#tr:
#end
6251.799999999999  0.0023  
6256.1  0.00234  
6260.4  0.00244  
6264.700000000001  0.00252  
6269.0  0.00256  
6273.3  0.00249  
6277.6  0.0024  
6281.900000000001  0.00247  
6286.2  0.0027  
6290.5  0.00274  
6294.8  0.00251  
6299.099999999999  0.00239  
6303.400000000001  0.00264  
6307.7  0.00281  
6312.0  0.00273  
6316.3  0.00272  
6320.599999999999  0.00288  
6325.0  0.00284  
6329.299999999999  0.00267  
6333.6  0.00264  
6337.9  0.00277  
6342.200000000001  0.00277  
6346.5  0.00269  
6350.8  0.00272  
6355.1  0.00279  
6359.400000000001  0.00285  
6363.7  0.0029  
6368.099999999999  0.00288  
6372.4  0.00283  
6376.7  0.00283  
6381.0  0.0029  
6385.299999999999  0.00292  
6389.6  0.00287  
6393.9  0.00297  
6398.200000000001  0.00316  
6402.6  0.00317  
6406.900000000001  0.00304  
6411.2  0.0029  
6415.5  0.00288  
6419.8  0.00311  
6424.099999999999  0.00316  
6428.5  0.00303  
6432.799999999999  0.00307  
6437.1  0.00318  
6441.4  0.00318  
6445.700000000001  0.0032  
6450.0  0.00322  
6454.400000000001  0.00324  
6458.7  0.00319  
6463.0  0.00307  
6467.3  0.00304  
6471.599999999999  0.003  
6476.0  0.00305  
6480.299999999999  0.0032  
6484.6  0.00322  
6488.9  0.00316  
6493.3  0.00322  
6497.6  0.00325  
6501.900000000001  0.00317  
6506.2  0.00316  
6510.5  0.00326  
6514.9  0.00328  
6519.2  0.00323  
6523.5  0.00312  
6527.799999999999  0.00311  
6532.200000000001  0.0032  
6536.5  0.00323  
6540.8  0.00317  
6545.2  0.00316  
6549.5  0.00333  
6553.8  0.00343  
6558.099999999999  0.00341  
6562.5  0.00339  
6566.799999999999  0.00337  
6571.1  0.00345  
6575.5  0.00354  
6579.8  0.00353  
6584.099999999999  0.00355  
6588.400000000001  0.00362  
6592.799999999999  0.00367  
6597.1  0.00369  
6601.4  0.00376  
6605.8  0.00387  
6610.1  0.00392  
6614.400000000001  0.00388  
6618.8  0.0038  
6623.099999999999  0.00386  
6627.4  0.0041  
6631.799999999999  0.00426  
6636.1  0.00426  
6640.4  0.00434  
6644.8  0.00441  
6649.099999999999  0.00444  
6653.5  0.00449  
6657.799999999999  0.00457  
6662.1  0.00466  
6666.5  0.00474  
6670.8  0.00476  
6675.1  0.00483  
6679.5  0.00496  
6683.8  0.00518  
6688.200000000001  0.00532  
6692.5  0.00537  
6696.799999999999  0.00536  
6701.2  0.00546  
6705.5  0.00575  
6709.9  0.00602  
6714.2  0.00617  
6718.5  0.00628  
6722.9  0.00637  
6727.200000000001  0.00658  
6731.599999999999  0.00691  
6735.900000000001  0.00723  
6740.299999999999  0.00755  
6744.6  0.00777  
6748.9  0.00805  
6753.3  0.00846  
6757.6  0.00885  
6762.0  0.00935  
6766.3  0.01004  
6770.700000000001  0.01057  
6775.0  0.01104  
6779.400000000001  0.01183  
6783.7  0.01287  
6788.099999999999  0.01395  
6792.4  0.01503  
6796.799999999999  0.01614  
6801.1  0.01742  
6805.5  0.01893  
6809.8  0.0207  
6814.2  0.02262  
6818.5  0.02458  
6822.9  0.02677  
6827.200000000001  0.02937  
6831.599999999999  0.03226  
6835.900000000001  0.03535  
6840.299999999999  0.03886  
6844.6  0.04275  
6849.0  0.04689  
6853.3  0.05167  
6857.7  0.05703  
6862.0  0.0627  
6866.4  0.06896  
6870.700000000001  0.07601  
6875.1  0.08379  
6879.5  0.09233  
6883.8  0.10179  
6888.200000000001  0.11201  
6892.5  0.1231  
6896.900000000001  0.13589  
6901.2  0.1503  
6905.599999999999  0.16599  
6910.0  0.18304  
6914.299999999999  0.20172  
6918.7  0.22224  
6923.0  0.24456  
6927.4  0.26879  
6931.799999999999  0.29515  
6936.1  0.32348  
6940.5  0.35353  
6944.8  0.38523  
6949.2  0.41819  
6953.6  0.45248  
6957.9  0.48816  
6962.3  0.52449  
6966.599999999999  0.56077  
6971.0  0.59672  
6975.4  0.63218  
6979.700000000001  0.66678  
6984.099999999999  0.69972  
6988.5  0.73059  
6992.799999999999  0.75929  
6997.200000000001  0.78577  
7001.599999999999  0.80998  
7005.900000000001  0.83184  
7010.299999999999  0.85094  
7014.700000000001  0.86765  
7019.0  0.88233  
7023.400000000001  0.89484  
7027.799999999999  0.90556  
7032.1  0.91484  
7036.5  0.9225  
7040.900000000001  0.92906  
7045.2  0.93487  
7049.6  0.93948  
7054.0  0.94299  
7058.3  0.9461  
7062.7  0.94868  
7067.1  0.95026  
7071.5  0.95162  
7075.8  0.95348  
7080.2  0.95503  
7084.6  0.9558  
7088.9  0.95595  
7093.3  0.95652  
7097.7  0.95802  
7102.1  0.95927  
7106.4  0.95991  
7110.8  0.96057  
7115.2  0.9615  
7119.6  0.96268  
7123.9  0.96367  
7128.3  0.96433  
7132.7  0.9652  
7137.1  0.9666  
7141.4  0.96831  
7145.8  0.96953  
7150.2  0.97011  
7154.6  0.97094  
7159.0  0.97195  
7163.3  0.97226  
7167.7  0.97198  
7172.1  0.97179  
7176.5  0.97184  
7180.900000000001  0.97188  
7185.2  0.97214  
7189.6  0.9721  
7194.0  0.97081  
7198.400000000001  0.9697  
7202.799999999999  0.96941  
7207.1  0.96937  
7211.5  0.96909  
7215.900000000001  0.9684  
7220.299999999999  0.968  
7224.700000000001  0.9684  
7229.099999999999  0.96885  
7233.400000000001  0.96882  
7237.799999999999  0.96933  
7242.200000000001  0.97022  
7246.599999999999  0.97042  
7251.0  0.97026  
7255.4  0.97081  
7259.700000000001  0.97128  
7264.099999999999  0.97117  
7268.5  0.97172  
7272.9  0.97271  
7277.3  0.97227  
7281.7  0.97136  
7286.1  0.97128  
7290.5  0.97107  
7294.9  0.97031  
7299.2  0.96971  
7303.6  0.9691  
7308.0  0.96853  
7312.4  0.96871  
7316.799999999999  0.96868  
7321.2  0.96826  
7325.599999999999  0.9677  
7330.0  0.96736  
7334.400000000001  0.96799  
7338.8  0.96849  
7343.099999999999  0.96889  
7347.5  0.96988  
7351.900000000001  0.97075  
7356.3  0.97071  
7360.700000000001  0.97065  
7365.1  0.97172  
7369.5  0.97274  
7373.9  0.97305  
7378.3  0.9735  
7382.7  0.97389  
7387.1  0.97357  
7391.5  0.97271  
7395.900000000001  0.97208  
7400.299999999999  0.97196  
7404.700000000001  0.97193  
7409.099999999999  0.97095  
7413.5  0.96942  
7417.9  0.96853  
7422.3  0.96775  
7426.7  0.96697  
7431.1  0.96634  
7435.5  0.96539  
7439.9  0.96472  
7444.299999999999  0.96448  
7448.7  0.96362  
7453.099999999999  0.96279  
7457.5  0.96276  
7461.900000000001  0.96303  
7466.3  0.96349  
7470.700000000001  0.96384  
7475.1  0.96369  
7479.5  0.96383  
7483.9  0.96446  
7488.3  0.96494  
7492.7  0.96485  
7497.1  0.96485  
7501.5  0.96504  
7505.900000000001  0.96563  
7510.299999999999  0.96653  
7514.700000000001  0.96685  
7519.099999999999  0.96646  
7523.5  0.96627  
7527.9  0.96693  
7532.3  0.96727  
7536.799999999999  0.96644  
7541.2  0.96576  
7545.599999999999  0.96605  
7550.0  0.9659  
7554.400000000001  0.96513  
7558.8  0.96512  
7563.200000000001  0.96493  
7567.6  0.96403  
7572.0  0.96344  
7576.4  0.96352  
7580.8  0.96329  
7585.299999999999  0.96254  
7589.700000000001  0.9621  
7594.099999999999  0.96149  
7598.5  0.96072  
7602.9  0.96051  
7607.3  0.96051  
7611.7  0.95957  
7616.1  0.95826  
7620.599999999999  0.95757  
7625.0  0.95709  
7629.400000000001  0.95638  
7633.8  0.95569  
7638.200000000001  0.95507  
7642.6  0.95452  
7647.0  0.9541  
7651.5  0.95348  
7655.900000000001  0.9529  
7660.299999999999  0.95234  
7664.700000000001  0.95077  
7669.099999999999  0.94953  
7673.5  0.94995  
7678.0  0.95014  
7682.4  0.94945  
7686.799999999999  0.9487  
7691.2  0.94841  
7695.599999999999  0.94844  
7700.0  0.94843  
7704.5  0.94858  
7708.9  0.9487  
7713.3  0.94862  
7717.7  0.94874  
7722.1  0.94895  
7726.599999999999  0.94929  
7731.0  0.94995  
7735.4  0.95115  
7739.8  0.95244  
7744.299999999999  0.95303  
7748.7  0.95345  
7753.099999999999  0.95482  
7757.5  0.95603  
7761.900000000001  0.95651  
7766.4  0.95739  
7770.8  0.95901  
7775.2  0.96091  
7779.6  0.96219  
7784.099999999999  0.96245  
7788.5  0.96267  
7792.9  0.96363  
7797.3  0.96504  
7801.799999999999  0.96614  
7806.2  0.96688  
7810.599999999999  0.96744  
7815.0  0.9677  
7819.5  0.96806  
7823.9  0.96849  
7828.3  0.96834  
7832.799999999999  0.96796  
7837.200000000001  0.96751  
7841.599999999999  0.96678  
7846.0  0.96642  
7850.5  0.96671  
7854.9  0.96661  
7859.299999999999  0.96518  
7863.8  0.96388  
7868.200000000001  0.96373  
7872.6  0.96347  
7877.1  0.96284  
7881.5  0.96222  
7885.900000000001  0.96129  
7890.4  0.96059  
7894.8  0.9609  
7899.2  0.96102  
7903.7  0.96033  
7908.099999999999  0.95966  
7912.5  0.96  
7917.0  0.96089  
7921.4  0.96076  
7925.8  0.9597  
7930.299999999999  0.96007  
7934.700000000001  0.96129  
7939.099999999999  0.96138  
7943.6  0.96098  
7948.0  0.96106  
7952.4  0.96189  
7956.900000000001  0.96261  
7961.3  0.96229  
7965.700000000001  0.96166  
7970.2  0.96189  
7974.6  0.96271  
7979.099999999999  0.96303  
7983.5  0.96271  
7987.9  0.96259  
7992.4  0.96229  
7996.799999999999  0.96178  
8001.3  0.96235  
8005.700000000001  0.96321  
8010.1  0.96361  
8014.6  0.9639  
8019.0  0.96379  
8023.5  0.96339  
8027.9  0.96393  
8032.3  0.96486  
8036.799999999999  0.96533  
8041.2  0.96531  
8045.700000000001  0.96539  
8050.1  0.96563  
8054.6  0.96567  
8059.0  0.96625  
8063.400000000001  0.96718  
8067.9  0.96781  
8072.3  0.96793  
8076.799999999999  0.96821  
8081.2  0.96865  
8085.700000000001  0.96901  
8090.1  0.96867  
8094.6  0.96857  
8099.0  0.96886  
8103.5  0.96853  
8107.9  0.96826  
8112.3  0.96774  
8116.799999999999  0.96639  
8121.2  0.9661  
8125.700000000001  0.96623  
8130.1  0.96525  
8134.6  0.96442  
8139.0  0.96405  
8143.5  0.96324  
8147.9  0.96234  
8152.4  0.96202  
8156.799999999999  0.96137  
8161.3  0.96037  
8165.700000000001  0.95999  
8170.2  0.95963  
8174.6  0.95933  
8179.099999999999  0.95924  
8183.5  0.95936  
8188.0  0.95943  
8192.4  0.9594  
8196.900000000001  0.95948  
8201.4  0.95973  
8205.800000000001  0.96005  
8210.3  0.96045  
8214.7  0.96081  
8219.199999999999  0.96131  
8223.6  0.96212  
8228.099999999999  0.96289  
8232.5  0.96339  
8237.0  0.96373  
8241.4  0.96431  
8245.9  0.9647  
8250.3  0.96481  
8254.8  0.96483  
8259.3  0.96481  
8263.7  0.96512  
8268.2  0.96576  
8272.6  0.9657  
8277.1  0.96582  
8281.5  0.96583  
8286.0  0.96481  
8290.5  0.9641  
8294.9  0.96342  
8299.400000000001  0.96227  
8303.8  0.96159  
8308.300000000001  0.96099  
8312.8  0.96015  
8317.2  0.95887  
8321.699999999999  0.95636  
8326.1  0.95364  
8330.599999999999  0.9517  
8335.1  0.94902  
8339.5  0.94492  
8344.0  0.94031  
8348.4  0.93492  
8352.9  0.928  
8357.4  0.92049  
8361.8  0.91196  
8366.3  0.90133  
8370.800000000001  0.88821  
8375.2  0.87312  
8379.7  0.85684  
8384.199999999999  0.8387  
8388.6  0.81736  
8393.099999999999  0.79325  
8397.5  0.76743  
8402.0  0.73954  
8406.5  0.70911  
8410.9  0.67655  
8415.4  0.64267  
8419.9  0.60766  
8424.3  0.57086  
8428.8  0.53366  
8433.300000000001  0.49684  
8437.7  0.45956  
8442.2  0.42279  
8446.699999999999  0.38778  
8451.1  0.35427  
8455.599999999999  0.322  
8460.1  0.2913  
8464.6  0.26295  
8469.0  0.23727  
8473.5  0.21366  
8478.0  0.19197  
8482.4  0.17243  
8486.900000000001  0.15496  
8491.4  0.13939  
8495.800000000001  0.12522  
8500.3  0.11266  
8504.8  0.10164  
8509.3  0.09157  
8513.7  0.08249  
8518.2  0.07421  
8522.7  0.06681  
8527.1  0.06061  
8531.6  0.05524  
8536.1  0.05026  
8540.599999999999  0.04563  
8545.0  0.04173  
8549.5  0.03834  
8554.0  0.03525  
8558.5  0.03256  
8562.9  0.02988  
8567.4  0.02743  
8571.900000000001  0.02568  
8576.4  0.02402  
8580.800000000001  0.02207  
8585.3  0.02017  
8589.8  0.01865  
8594.3  0.01763  
8598.7  0.0166  
8603.2  0.01542  
8607.7  0.01423  
8612.2  0.01319  
8616.699999999999  0.01252  
8621.1  0.01223  
8625.599999999999  0.01185  
8630.1  0.01107  
8634.6  0.01032  
8639.0  0.00994  
8643.5  0.0098  
8648.0  0.00943  
8652.5  0.00886  
8657.0  0.00852  
8661.4  0.00848  
8665.9  0.00837  
8670.4  0.00795  
8674.9  0.00754  
8679.400000000001  0.00726  
8683.8  0.00714  
8688.300000000001  0.00721  
8692.8  0.00725  
8697.3  0.00722  
8701.8  0.00716  
8706.3  0.00695  
8710.7  0.0067  
8715.2  0.0068  
8719.7  0.00712  
8724.199999999999  0.0071  
8728.7  0.00692  
8733.2  0.00694  
8737.6  0.00699  
8742.1  0.00685  
8746.6  0.00689  
8751.1  0.0071  
8755.599999999999  0.00722  
8760.1  0.00703  
8764.6  0.00702  
8769.0  0.00722  
8773.5  0.0072  
8778.0  0.00711  
8782.5  0.00752  
8787.0  0.00764  
8791.5  0.00738  
8796.0  0.00713  

