@MEASUREMENT_RADIUS 2.0 cm
#lambda:
#tr:
#end
6251.799999999999  0.00243  
6256.1  0.00258  
6260.4  0.0027  
6264.700000000001  0.00263  
6269.0  0.00246  
6273.3  0.00248  
6277.6  0.00261  
6281.900000000001  0.00256  
6286.2  0.00257  
6290.5  0.00275  
6294.8  0.00277  
6299.099999999999  0.00261  
6303.400000000001  0.00254  
6307.7  0.00258  
6312.0  0.00267  
6316.3  0.00272  
6320.599999999999  0.0028  
6325.0  0.00281  
6329.299999999999  0.00265  
6333.6  0.00255  
6337.9  0.00262  
6342.200000000001  0.00263  
6346.5  0.0026  
6350.8  0.00272  
6355.1  0.00286  
6359.400000000001  0.00293  
6363.7  0.00283  
6368.099999999999  0.00276  
6372.4  0.00284  
6376.7  0.00285  
6381.0  0.00284  
6385.299999999999  0.00293  
6389.6  0.0031  
6393.9  0.00322  
6398.200000000001  0.00313  
6402.6  0.00295  
6406.900000000001  0.00299  
6411.2  0.00321  
6415.5  0.00333  
6419.8  0.00315  
6424.099999999999  0.00299  
6428.5  0.00307  
6432.799999999999  0.00319  
6437.1  0.00319  
6441.4  0.00314  
6445.700000000001  0.00316  
6450.0  0.00321  
6454.400000000001  0.00314  
6458.7  0.00295  
6463.0  0.00298  
6467.3  0.00326  
6471.599999999999  0.00338  
6476.0  0.00322  
6480.299999999999  0.00313  
6484.6  0.00323  
6488.9  0.00329  
6493.3  0.00318  
6497.6  0.00314  
6501.900000000001  0.00327  
6506.2  0.00336  
6510.5  0.00319  
6514.9  0.00301  
6519.2  0.00303  
6523.5  0.00315  
6527.799999999999  0.00324  
6532.200000000001  0.00329  
6536.5  0.00321  
6540.8  0.00313  
6545.2  0.00322  
6549.5  0.00338  
6553.8  0.00335  
6558.099999999999  0.00333  
6562.5  0.00337  
6566.799999999999  0.00336  
6571.1  0.00342  
6575.5  0.00354  
6579.8  0.00355  
6584.099999999999  0.0036  
6588.400000000001  0.0036  
6592.799999999999  0.00356  
6597.1  0.00367  
6601.4  0.00379  
6605.8  0.00382  
6610.1  0.0038  
6614.400000000001  0.00377  
6618.8  0.0039  
6623.099999999999  0.00406  
6627.4  0.00404  
6631.799999999999  0.00412  
6636.1  0.00425  
6640.4  0.0042  
6644.8  0.0042  
6649.099999999999  0.00441  
6653.5  0.00458  
6657.799999999999  0.00462  
6662.1  0.00464  
6666.5  0.00473  
6670.8  0.00478  
6675.1  0.00484  
6679.5  0.00504  
6683.8  0.0053  
6688.200000000001  0.00536  
6692.5  0.00529  
6696.799999999999  0.00533  
6701.2  0.0055  
6705.5  0.0057  
6709.9  0.00596  
6714.2  0.00608  
6718.5  0.00615  
6722.9  0.00637  
6727.200000000001  0.00662  
6731.599999999999  0.00677  
6735.900000000001  0.0069  
6740.299999999999  0.00722  
6744.6  0.00778  
6748.9  0.0082  
6753.3  0.0083  
6757.6  0.00858  
6762.0  0.00919  
6766.3  0.0098  
6770.700000000001  0.01034  
6775.0  0.01086  
6779.400000000001  0.01148  
6783.7  0.01235  
6788.099999999999  0.01336  
6792.4  0.01433  
6796.799999999999  0.01539  
6801.1  0.01673  
6805.5  0.01814  
6809.8  0.01956  
6814.2  0.02127  
6818.5  0.02338  
6822.9  0.02572  
6827.200000000001  0.02816  
6831.599999999999  0.03077  
6835.900000000001  0.03364  
6840.299999999999  0.03694  
6844.6  0.04059  
6849.0  0.0447  
6853.3  0.04923  
6857.7  0.054  
6862.0  0.05925  
6866.4  0.06535  
6870.700000000001  0.07228  
6875.1  0.07969  
6879.5  0.08758  
6883.8  0.09642  
6888.200000000001  0.1064  
6892.5  0.1174  
6896.900000000001  0.12949  
6901.2  0.14287  
6905.599999999999  0.15755  
6910.0  0.17365  
6914.299999999999  0.19162  
6918.7  0.21116  
6923.0  0.2324  
6927.4  0.25561  
6931.799999999999  0.28085  
6936.1  0.30809  
6940.5  0.33709  
6944.8  0.3677  
6949.2  0.40005  
6953.6  0.4339  
6957.9  0.46912  
6962.3  0.50512  
6966.599999999999  0.54108  
6971.0  0.57704  
6975.4  0.61277  
6979.700000000001  0.6478  
6984.099999999999  0.68163  
6988.5  0.7136  
6992.799999999999  0.74341  
6997.200000000001  0.77103  
7001.599999999999  0.79665  
7005.900000000001  0.82025  
7010.299999999999  0.84113  
7014.700000000001  0.85914  
7019.0  0.87476  
7023.400000000001  0.88848  
7027.799999999999  0.90027  
7032.1  0.90975  
7036.5  0.91761  
7040.900000000001  0.92531  
7045.2  0.93218  
7049.6  0.93704  
7054.0  0.94094  
7058.3  0.94486  
7062.7  0.94783  
7067.1  0.94945  
7071.5  0.95115  
7075.8  0.9532  
7080.2  0.95471  
7084.6  0.95552  
7088.9  0.9561  
7093.3  0.95684  
7097.7  0.95768  
7102.1  0.95818  
7106.4  0.95879  
7110.8  0.95996  
7115.2  0.96097  
7119.6  0.96206  
7123.9  0.96365  
7128.3  0.96478  
7132.7  0.9652  
7137.1  0.96591  
7141.4  0.96731  
7145.8  0.96871  
7150.2  0.96937  
7154.6  0.97007  
7159.0  0.97146  
7163.3  0.972  
7167.7  0.97162  
7172.1  0.97167  
7176.5  0.97206  
7180.900000000001  0.97209  
7185.2  0.97208  
7189.6  0.97196  
7194.0  0.97116  
7198.400000000001  0.97067  
7202.799999999999  0.97018  
7207.1  0.96947  
7211.5  0.96911  
7215.900000000001  0.96903  
7220.299999999999  0.96875  
7224.700000000001  0.96857  
7229.099999999999  0.96892  
7233.400000000001  0.96907  
7237.799999999999  0.9693  
7242.200000000001  0.96979  
7246.599999999999  0.97007  
7251.0  0.97012  
7255.4  0.97047  
7259.700000000001  0.97121  
7264.099999999999  0.97151  
7268.5  0.97159  
7272.9  0.97217  
7277.3  0.9723  
7281.7  0.97198  
7286.1  0.97168  
7290.5  0.97109  
7294.9  0.97045  
7299.2  0.96993  
7303.6  0.96947  
7308.0  0.96916  
7312.4  0.96906  
7316.799999999999  0.96871  
7321.2  0.96853  
7325.599999999999  0.9686  
7330.0  0.96847  
7334.400000000001  0.96859  
7338.8  0.96873  
7343.099999999999  0.96867  
7347.5  0.969  
7351.900000000001  0.96973  
7356.3  0.97029  
7360.700000000001  0.97096  
7365.1  0.97192  
7369.5  0.97258  
7373.9  0.97332  
7378.3  0.97393  
7382.7  0.97378  
7387.1  0.97356  
7391.5  0.97294  
7395.900000000001  0.97216  
7400.299999999999  0.97226  
7404.700000000001  0.97226  
7409.099999999999  0.97102  
7413.5  0.9696  
7417.9  0.96921  
7422.3  0.96943  
7426.7  0.96849  
7431.1  0.96617  
7435.5  0.96475  
7439.9  0.96495  
7444.299999999999  0.96475  
7448.7  0.96361  
7453.099999999999  0.96302  
7457.5  0.96321  
7461.900000000001  0.9635  
7466.3  0.96369  
7470.700000000001  0.9636  
7475.1  0.96331  
7479.5  0.9635  
7483.9  0.96396  
7488.3  0.96466  
7492.7  0.96534  
7497.1  0.96541  
7501.5  0.96524  
7505.900000000001  0.96565  
7510.299999999999  0.96656  
7514.700000000001  0.96684  
7519.099999999999  0.96666  
7523.5  0.96676  
7527.9  0.96703  
7532.3  0.9667  
7536.799999999999  0.96596  
7541.2  0.96601  
7545.599999999999  0.96652  
7550.0  0.96636  
7554.400000000001  0.96586  
7558.8  0.96551  
7563.200000000001  0.9649  
7567.6  0.96394  
7572.0  0.96344  
7576.4  0.96376  
7580.8  0.96339  
7585.299999999999  0.96239  
7589.700000000001  0.96218  
7594.099999999999  0.96209  
7598.5  0.96136  
7602.9  0.96086  
7607.3  0.96067  
7611.7  0.95997  
7616.1  0.95936  
7620.599999999999  0.95881  
7625.0  0.95797  
7629.400000000001  0.95747  
7633.8  0.95691  
7638.200000000001  0.95561  
7642.6  0.95444  
7647.0  0.95392  
7651.5  0.95379  
7655.900000000001  0.95323  
7660.299999999999  0.95229  
7664.700000000001  0.9513  
7669.099999999999  0.95037  
7673.5  0.95046  
7678.0  0.95067  
7682.4  0.94982  
7686.799999999999  0.94856  
7691.2  0.94826  
7695.599999999999  0.94837  
7700.0  0.94803  
7704.5  0.94796  
7708.9  0.94821  
7713.3  0.94823  
7717.7  0.94853  
7722.1  0.94912  
7726.599999999999  0.94945  
7731.0  0.94968  
7735.4  0.95046  
7739.8  0.95199  
7744.299999999999  0.95286  
7748.7  0.95266  
7753.099999999999  0.95359  
7757.5  0.95569  
7761.900000000001  0.95669  
7766.4  0.95727  
7770.8  0.95889  
7775.2  0.96057  
7779.6  0.96132  
7784.099999999999  0.96135  
7788.5  0.96235  
7792.9  0.96449  
7797.3  0.96554  
7801.799999999999  0.96556  
7806.2  0.96628  
7810.599999999999  0.9675  
7815.0  0.96816  
7819.5  0.96845  
7823.9  0.96853  
7828.3  0.96851  
7832.799999999999  0.96849  
7837.200000000001  0.96813  
7841.599999999999  0.96822  
7846.0  0.96783  
7850.5  0.96654  
7854.9  0.96602  
7859.299999999999  0.96579  
7863.8  0.96471  
7868.200000000001  0.96394  
7872.6  0.96387  
7877.1  0.96342  
7881.5  0.96278  
7885.900000000001  0.96215  
7890.4  0.96173  
7894.8  0.96137  
7899.2  0.96097  
7903.7  0.96095  
7908.099999999999  0.96037  
7912.5  0.95952  
7917.0  0.95984  
7921.4  0.96091  
7925.8  0.96096  
7930.299999999999  0.96012  
7934.700000000001  0.96036  
7939.099999999999  0.96151  
7943.6  0.96128  
7948.0  0.96058  
7952.4  0.96146  
7956.900000000001  0.9623  
7961.3  0.96195  
7965.700000000001  0.96162  
7970.2  0.9618  
7974.6  0.96244  
7979.099999999999  0.96283  
7983.5  0.96226  
7987.9  0.96215  
7992.4  0.96242  
7996.799999999999  0.96245  
8001.3  0.96287  
8005.700000000001  0.96299  
8010.1  0.96284  
8014.6  0.96348  
8019.0  0.96423  
8023.5  0.96375  
8027.9  0.96353  
8032.3  0.96418  
8036.799999999999  0.96473  
8041.2  0.96488  
8045.700000000001  0.96539  
8050.1  0.9662  
8054.6  0.96622  
8059.0  0.96634  
8063.400000000001  0.96748  
8067.9  0.96825  
8072.3  0.96814  
8076.799999999999  0.96844  
8081.2  0.96872  
8085.700000000001  0.9689  
8090.1  0.96903  
8094.6  0.9689  
8099.0  0.96828  
8103.5  0.96827  
8107.9  0.96926  
8112.3  0.96899  
8116.799999999999  0.96742  
8121.2  0.96696  
8125.700000000001  0.96696  
8130.1  0.96573  
8134.6  0.96458  
8139.0  0.96424  
8143.5  0.96348  
8147.9  0.96224  
8152.4  0.96167  
8156.799999999999  0.96136  
8161.3  0.96076  
8165.700000000001  0.96039  
8170.2  0.95982  
8174.6  0.95885  
8179.099999999999  0.95853  
8183.5  0.95913  
8188.0  0.95922  
8192.4  0.95891  
8196.900000000001  0.95921  
8201.4  0.95988  
8205.800000000001  0.96014  
8210.3  0.96005  
8214.7  0.96013  
8219.199999999999  0.96068  
8223.6  0.96154  
8228.099999999999  0.96256  
8232.5  0.96332  
8237.0  0.96369  
8241.4  0.96375  
8245.9  0.96373  
8250.3  0.9645  
8254.8  0.96559  
8259.3  0.96614  
8263.7  0.96564  
8268.2  0.96517  
8272.6  0.96514  
8277.1  0.96521  
8281.5  0.96502  
8286.0  0.9643  
8290.5  0.9644  
8294.9  0.96437  
8299.400000000001  0.96307  
8303.8  0.96217  
8308.300000000001  0.96167  
8312.8  0.96067  
8317.2  0.95895  
8321.699999999999  0.9573  
8326.1  0.95636  
8330.599999999999  0.95454  
8335.1  0.95098  
8339.5  0.94716  
8344.0  0.94358  
8348.4  0.9387  
8352.9  0.93261  
8357.4  0.92609  
8361.8  0.91818  
8366.3  0.90876  
8370.800000000001  0.89767  
8375.2  0.88447  
8379.7  0.86957  
8384.199999999999  0.85279  
8388.6  0.8336  
8393.099999999999  0.8118  
8397.5  0.78785  
8402.0  0.76167  
8406.5  0.7332  
8410.9  0.70303  
8415.4  0.67039  
8419.9  0.63551  
8424.3  0.60012  
8428.8  0.56427  
8433.300000000001  0.52762  
8437.7  0.49015  
8442.2  0.45271  
8446.699999999999  0.4165  
8451.1  0.38171  
8455.599999999999  0.34835  
8460.1  0.31626  
8464.6  0.28612  
8469.0  0.25881  
8473.5  0.23355  
8478.0  0.20984  
8482.4  0.18862  
8486.900000000001  0.16985  
8491.4  0.15252  
8495.800000000001  0.13697  
8500.3  0.12361  
8504.8  0.11158  
8509.3  0.10013  
8513.7  0.08971  
8518.2  0.08076  
8522.7  0.07303  
8527.1  0.06605  
8531.6  0.05981  
8536.1  0.05439  
8540.599999999999  0.04956  
8545.0  0.04532  
8549.5  0.04166  
8554.0  0.03833  
8558.5  0.03521  
8562.9  0.03244  
8567.4  0.02987  
8571.900000000001  0.0275  
8576.4  0.02539  
8580.800000000001  0.02351  
8585.3  0.02176  
8589.8  0.02019  
8594.3  0.01881  
8598.7  0.0172  
8603.2  0.01577  
8607.7  0.01491  
8612.2  0.01422  
8616.699999999999  0.01352  
8621.1  0.01274  
8625.599999999999  0.01204  
8630.1  0.01155  
8634.6  0.01106  
8639.0  0.01043  
8643.5  0.01012  
8648.0  0.00993  
8652.5  0.00957  
8657.0  0.0091  
8661.4  0.00861  
8665.9  0.00833  
8670.4  0.00822  
8674.9  0.00787  
8679.400000000001  0.00769  
8683.8  0.00764  
8688.300000000001  0.0076  
8692.8  0.00746  
8697.3  0.00736  
8701.8  0.0074  
8706.3  0.00719  
8710.7  0.00692  
8715.2  0.00691  
8719.7  0.00688  
8724.199999999999  0.00672  
8728.7  0.00682  
8733.2  0.00699  
8737.6  0.00726  
8742.1  0.00731  
8746.6  0.00691  
8751.1  0.0067  
8755.599999999999  0.00711  
8760.1  0.00733  
8764.6  0.00732  
8769.0  0.0072  
8773.5  0.00719  
8778.0  0.00729  
8782.5  0.00729  
8787.0  0.00708  
8791.5  0.0071  
8796.0  0.00729  

