@MEASUREMENT_RADIUS 3.0 cm
#lambda:
#tr:
#end
6251.799999999999  0.00241  
6256.1  0.00232  
6260.4  0.00229  
6264.700000000001  0.00246  
6269.0  0.00262  
6273.3  0.0025  
6277.6  0.00238  
6281.900000000001  0.0025  
6286.2  0.00264  
6290.5  0.00261  
6294.8  0.00254  
6299.099999999999  0.00248  
6303.400000000001  0.00243  
6307.7  0.00254  
6312.0  0.00273  
6316.3  0.00278  
6320.599999999999  0.00275  
6325.0  0.00268  
6329.299999999999  0.00265  
6333.6  0.0026  
6337.9  0.0026  
6342.200000000001  0.00266  
6346.5  0.00267  
6350.8  0.00274  
6355.1  0.00282  
6359.400000000001  0.00271  
6363.7  0.00255  
6368.099999999999  0.00259  
6372.4  0.00276  
6376.7  0.00278  
6381.0  0.00277  
6385.299999999999  0.00285  
6389.6  0.00293  
6393.9  0.00298  
6398.200000000001  0.003  
6402.6  0.00301  
6406.900000000001  0.003  
6411.2  0.00294  
6415.5  0.00303  
6419.8  0.00313  
6424.099999999999  0.00313  
6428.5  0.00313  
6432.799999999999  0.00311  
6437.1  0.00316  
6441.4  0.00327  
6445.700000000001  0.00332  
6450.0  0.00321  
6454.400000000001  0.00318  
6458.7  0.00319  
6463.0  0.00315  
6467.3  0.00321  
6471.599999999999  0.00328  
6476.0  0.00322  
6480.299999999999  0.00316  
6484.6  0.00328  
6488.9  0.00333  
6493.3  0.00319  
6497.6  0.00317  
6501.900000000001  0.00326  
6506.2  0.0032  
6510.5  0.00313  
6514.9  0.00316  
6519.2  0.00319  
6523.5  0.00325  
6527.799999999999  0.00333  
6532.200000000001  0.00344  
6536.5  0.00344  
6540.8  0.00336  
6545.2  0.00334  
6549.5  0.00336  
6553.8  0.00331  
6558.099999999999  0.00339  
6562.5  0.00354  
6566.799999999999  0.00357  
6571.1  0.00344  
6575.5  0.00337  
6579.8  0.00349  
6584.099999999999  0.00365  
6588.400000000001  0.00369  
6592.799999999999  0.00362  
6597.1  0.00365  
6601.4  0.00373  
6605.8  0.00374  
6610.1  0.0038  
6614.400000000001  0.00394  
6618.8  0.00412  
6623.099999999999  0.00418  
6627.4  0.00406  
6631.799999999999  0.00405  
6636.1  0.00409  
6640.4  0.00413  
6644.8  0.00421  
6649.099999999999  0.00434  
6653.5  0.00453  
6657.799999999999  0.00469  
6662.1  0.00472  
6666.5  0.00471  
6670.8  0.00467  
6675.1  0.00478  
6679.5  0.00495  
6683.8  0.00502  
6688.200000000001  0.00509  
6692.5  0.0053  
6696.799999999999  0.00545  
6701.2  0.00546  
6705.5  0.00542  
6709.9  0.00559  
6714.2  0.00589  
6718.5  0.00608  
6722.9  0.00626  
6727.200000000001  0.00651  
6731.599999999999  0.00675  
6735.900000000001  0.00694  
6740.299999999999  0.00716  
6744.6  0.00752  
6748.9  0.00786  
6753.3  0.00815  
6757.6  0.00851  
6762.0  0.0089  
6766.3  0.00943  
6770.700000000001  0.00997  
6775.0  0.01048  
6779.400000000001  0.01116  
6783.7  0.01199  
6788.099999999999  0.01289  
6792.4  0.01382  
6796.799999999999  0.01486  
6801.1  0.01605  
6805.5  0.0174  
6809.8  0.01896  
6814.2  0.02061  
6818.5  0.02237  
6822.9  0.02437  
6827.200000000001  0.0266  
6831.599999999999  0.02912  
6835.900000000001  0.03189  
6840.299999999999  0.03507  
6844.6  0.0386  
6849.0  0.04238  
6853.3  0.04654  
6857.7  0.0512  
6862.0  0.05627  
6866.4  0.06197  
6870.700000000001  0.06835  
6875.1  0.07539  
6879.5  0.08299  
6883.8  0.09124  
6888.200000000001  0.10064  
6892.5  0.11123  
6896.900000000001  0.12286  
6901.2  0.13549  
6905.599999999999  0.14919  
6910.0  0.16423  
6914.299999999999  0.18093  
6918.7  0.19955  
6923.0  0.22017  
6927.4  0.24244  
6931.799999999999  0.26622  
6936.1  0.29166  
6940.5  0.31902  
6944.8  0.34842  
6949.2  0.3796  
6953.6  0.41244  
6957.9  0.44675  
6962.3  0.48166  
6966.599999999999  0.5168  
6971.0  0.55259  
6975.4  0.58879  
6979.700000000001  0.62428  
6984.099999999999  0.65831  
6988.5  0.69105  
6992.799999999999  0.722  
6997.200000000001  0.75082  
7001.599999999999  0.778  
7005.900000000001  0.80341  
7010.299999999999  0.82576  
7014.700000000001  0.84519  
7019.0  0.86269  
7023.400000000001  0.8779  
7027.799999999999  0.89122  
7032.1  0.90308  
7036.5  0.91287  
7040.900000000001  0.92057  
7045.2  0.9268  
7049.6  0.93254  
7054.0  0.93796  
7058.3  0.94247  
7062.7  0.94562  
7067.1  0.94786  
7071.5  0.94995  
7075.8  0.95175  
7080.2  0.95296  
7084.6  0.95413  
7088.9  0.9553  
7093.3  0.95624  
7097.7  0.957  
7102.1  0.95763  
7106.4  0.95878  
7110.8  0.9601  
7115.2  0.96071  
7119.6  0.96131  
7123.9  0.96259  
7128.3  0.96367  
7132.7  0.96442  
7137.1  0.9654  
7141.4  0.96641  
7145.8  0.96743  
7150.2  0.96842  
7154.6  0.96961  
7159.0  0.97086  
7163.3  0.97108  
7167.7  0.97092  
7172.1  0.9713  
7176.5  0.97173  
7180.900000000001  0.97179  
7185.2  0.97172  
7189.6  0.97153  
7194.0  0.97107  
7198.400000000001  0.97092  
7202.799999999999  0.97071  
7207.1  0.96994  
7211.5  0.96891  
7215.900000000001  0.96861  
7220.299999999999  0.9688  
7224.700000000001  0.96895  
7229.099999999999  0.9692  
7233.400000000001  0.96902  
7237.799999999999  0.96882  
7242.200000000001  0.96928  
7246.599999999999  0.97001  
7251.0  0.97018  
7255.4  0.97029  
7259.700000000001  0.97062  
7264.099999999999  0.97107  
7268.5  0.97143  
7272.9  0.97154  
7277.3  0.97165  
7281.7  0.97142  
7286.1  0.97085  
7290.5  0.97041  
7294.9  0.97036  
7299.2  0.97036  
7303.6  0.97003  
7308.0  0.9696  
7312.4  0.96929  
7316.799999999999  0.96916  
7321.2  0.96895  
7325.599999999999  0.9679  
7330.0  0.96736  
7334.400000000001  0.96862  
7338.8  0.96977  
7343.099999999999  0.96966  
7347.5  0.96969  
7351.900000000001  0.97034  
7356.3  0.97064  
7360.700000000001  0.9709  
7365.1  0.97173  
7369.5  0.97231  
7373.9  0.9728  
7378.3  0.9734  
7382.7  0.97335  
7387.1  0.9732  
7391.5  0.97311  
7395.900000000001  0.97278  
7400.299999999999  0.9722  
7404.700000000001  0.9716  
7409.099999999999  0.97109  
7413.5  0.97035  
7417.9  0.96987  
7422.3  0.96958  
7426.7  0.96868  
7431.1  0.96742  
7435.5  0.96635  
7439.9  0.96554  
7444.299999999999  0.96457  
7448.7  0.96405  
7453.099999999999  0.96447  
7457.5  0.96407  
7461.900000000001  0.96308  
7466.3  0.96316  
7470.700000000001  0.96373  
7475.1  0.96379  
7479.5  0.96377  
7483.9  0.96419  
7488.3  0.96465  
7492.7  0.96456  
7497.1  0.96436  
7501.5  0.96466  
7505.900000000001  0.9654  
7510.299999999999  0.96591  
7514.700000000001  0.96633  
7519.099999999999  0.96683  
7523.5  0.9669  
7527.9  0.96681  
7532.3  0.96667  
7536.799999999999  0.96646  
7541.2  0.96645  
7545.599999999999  0.96643  
7550.0  0.96609  
7554.400000000001  0.96519  
7558.8  0.96478  
7563.200000000001  0.96511  
7567.6  0.96472  
7572.0  0.96409  
7576.4  0.96401  
7580.8  0.96341  
7585.299999999999  0.96279  
7589.700000000001  0.96283  
7594.099999999999  0.96264  
7598.5  0.96215  
7602.9  0.9615  
7607.3  0.96095  
7611.7  0.96031  
7616.1  0.95985  
7620.599999999999  0.95985  
7625.0  0.95933  
7629.400000000001  0.95801  
7633.8  0.95653  
7638.200000000001  0.95585  
7642.6  0.95596  
7647.0  0.95547  
7651.5  0.95459  
7655.900000000001  0.95373  
7660.299999999999  0.95284  
7664.700000000001  0.95201  
7669.099999999999  0.95138  
7673.5  0.95141  
7678.0  0.9512  
7682.4  0.95025  
7686.799999999999  0.94911  
7691.2  0.94824  
7695.599999999999  0.94796  
7700.0  0.94848  
7704.5  0.94863  
7708.9  0.94778  
7713.3  0.94735  
7717.7  0.9475  
7722.1  0.9479  
7726.599999999999  0.94862  
7731.0  0.94942  
7735.4  0.9505  
7739.8  0.95115  
7744.299999999999  0.95124  
7748.7  0.9519  
7753.099999999999  0.95329  
7757.5  0.95433  
7761.900000000001  0.95487  
7766.4  0.95581  
7770.8  0.95752  
7775.2  0.959  
7779.6  0.95994  
7784.099999999999  0.96129  
7788.5  0.96267  
7792.9  0.96326  
7797.3  0.96357  
7801.799999999999  0.96431  
7806.2  0.96582  
7810.599999999999  0.96717  
7815.0  0.96773  
7819.5  0.96785  
7823.9  0.96781  
7828.3  0.96762  
7832.799999999999  0.9678  
7837.200000000001  0.96798  
7841.599999999999  0.96742  
7846.0  0.96676  
7850.5  0.96655  
7854.9  0.96633  
7859.299999999999  0.96551  
7863.8  0.96484  
7868.200000000001  0.96472  
7872.6  0.96433  
7877.1  0.96362  
7881.5  0.96295  
7885.900000000001  0.96235  
7890.4  0.96173  
7894.8  0.96118  
7899.2  0.96078  
7903.7  0.96037  
7908.099999999999  0.96002  
7912.5  0.96002  
7917.0  0.96055  
7921.4  0.96132  
7925.8  0.96081  
7930.299999999999  0.95985  
7934.700000000001  0.96042  
7939.099999999999  0.96136  
7943.6  0.96133  
7948.0  0.961  
7952.4  0.96107  
7956.900000000001  0.96124  
7961.3  0.96143  
7965.700000000001  0.96139  
7970.2  0.96129  
7974.6  0.96197  
7979.099999999999  0.96256  
7983.5  0.96227  
7987.9  0.96237  
7992.4  0.96252  
7996.799999999999  0.96208  
8001.3  0.96231  
8005.700000000001  0.96309  
8010.1  0.96326  
8014.6  0.96323  
8019.0  0.96332  
8023.5  0.96316  
8027.9  0.96388  
8032.3  0.96512  
8036.799999999999  0.96496  
8041.2  0.96425  
8045.700000000001  0.96469  
8050.1  0.96527  
8054.6  0.96555  
8059.0  0.96647  
8063.400000000001  0.967  
8067.9  0.96681  
8072.3  0.96713  
8076.799999999999  0.968  
8081.2  0.96847  
8085.700000000001  0.96872  
8090.1  0.96851  
8094.6  0.96824  
8099.0  0.96832  
8103.5  0.96866  
8107.9  0.96881  
8112.3  0.96843  
8116.799999999999  0.96755  
8121.2  0.96704  
8125.700000000001  0.96687  
8130.1  0.96614  
8134.6  0.96544  
8139.0  0.96452  
8143.5  0.96346  
8147.9  0.96295  
8152.4  0.96277  
8156.799999999999  0.96211  
8161.3  0.96045  
8165.700000000001  0.95938  
8170.2  0.95936  
8174.6  0.95926  
8179.099999999999  0.95877  
8183.5  0.95885  
8188.0  0.95928  
8192.4  0.95923  
8196.900000000001  0.95943  
8201.4  0.95964  
8205.800000000001  0.95918  
8210.3  0.95906  
8214.7  0.95937  
8219.199999999999  0.96002  
8223.6  0.96127  
8228.099999999999  0.9619  
8232.5  0.96191  
8237.0  0.96264  
8241.4  0.96381  
8245.9  0.96423  
8250.3  0.96429  
8254.8  0.96467  
8259.3  0.96556  
8263.7  0.96576  
8268.2  0.96517  
8272.6  0.96475  
8277.1  0.96488  
8281.5  0.96526  
8286.0  0.9653  
8290.5  0.96491  
8294.9  0.96405  
8299.400000000001  0.96346  
8303.8  0.96332  
8308.300000000001  0.96296  
8312.8  0.96191  
8317.2  0.96003  
8321.699999999999  0.95878  
8326.1  0.95789  
8330.599999999999  0.95543  
8335.1  0.95248  
8339.5  0.94977  
8344.0  0.94666  
8348.4  0.94268  
8352.9  0.93755  
8357.4  0.932  
8361.8  0.92511  
8366.3  0.91627  
8370.800000000001  0.90626  
8375.2  0.89533  
8379.7  0.88296  
8384.199999999999  0.86818  
8388.6  0.85098  
8393.099999999999  0.83182  
8397.5  0.81025  
8402.0  0.78631  
8406.5  0.76052  
8410.9  0.73281  
8415.4  0.70271  
8419.9  0.67049  
8424.3  0.63702  
8428.8  0.60258  
8433.300000000001  0.56698  
8437.7  0.53027  
8442.2  0.49355  
8446.699999999999  0.45731  
8451.1  0.42158  
8455.599999999999  0.38675  
8460.1  0.35324  
8464.6  0.32151  
8469.0  0.29167  
8473.5  0.26384  
8478.0  0.23823  
8482.4  0.21451  
8486.900000000001  0.19268  
8491.4  0.17332  
8495.800000000001  0.15609  
8500.3  0.14047  
8504.8  0.12648  
8509.3  0.11352  
8513.7  0.10166  
8518.2  0.09133  
8522.7  0.08236  
8527.1  0.07436  
8531.6  0.06705  
8536.1  0.06073  
8540.599999999999  0.05556  
8545.0  0.05061  
8549.5  0.04577  
8554.0  0.04205  
8558.5  0.03906  
8562.9  0.03587  
8567.4  0.03299  
8571.900000000001  0.03056  
8576.4  0.02828  
8580.800000000001  0.02606  
8585.3  0.02399  
8589.8  0.02211  
8594.3  0.0205  
8598.7  0.01909  
8603.2  0.01778  
8607.7  0.01657  
8612.2  0.01547  
8616.699999999999  0.01441  
8621.1  0.01351  
8625.599999999999  0.01307  
8630.1  0.01249  
8634.6  0.01148  
8639.0  0.01066  
8643.5  0.01046  
8648.0  0.01023  
8652.5  0.00983  
8657.0  0.00928  
8661.4  0.00891  
8665.9  0.00861  
8670.4  0.00837  
8674.9  0.00816  
8679.400000000001  0.00777  
8683.8  0.00757  
8688.300000000001  0.00771  
8692.8  0.00785  
8697.3  0.00783  
8701.8  0.00754  
8706.3  0.00739  
8710.7  0.00746  
8715.2  0.00742  
8719.7  0.00718  
8724.199999999999  0.00699  
8728.7  0.00716  
8733.2  0.00738  
8737.6  0.00754  
8742.1  0.00733  
8746.6  0.00692  
8751.1  0.0068  
8755.599999999999  0.0071  
8760.1  0.00726  
8764.6  0.00724  
8769.0  0.00713  
8773.5  0.0072  
8778.0  0.00736  
8782.5  0.00732  
8787.0  0.0073  
8791.5  0.00735  
8796.0  0.00737  

