@MEASUREMENT_RADIUS 4.0 cm
#lambda:
#tr:
#end
6251.799999999999  0.00248  
6256.1  0.00244  
6260.4  0.0024  
6264.700000000001  0.00236  
6269.0  0.00242  
6273.3  0.00255  
6277.6  0.00266  
6281.900000000001  0.0027  
6286.2  0.00266  
6290.5  0.0026  
6294.8  0.00261  
6299.099999999999  0.00273  
6303.400000000001  0.00277  
6307.7  0.00264  
6312.0  0.00269  
6316.3  0.00274  
6320.599999999999  0.00267  
6325.0  0.00256  
6329.299999999999  0.00264  
6333.6  0.00283  
6337.9  0.00285  
6342.200000000001  0.00274  
6346.5  0.00273  
6350.8  0.00279  
6355.1  0.00281  
6359.400000000001  0.00282  
6363.7  0.00284  
6368.099999999999  0.00275  
6372.4  0.00265  
6376.7  0.00275  
6381.0  0.00288  
6385.299999999999  0.00294  
6389.6  0.00297  
6393.9  0.00301  
6398.200000000001  0.00302  
6402.6  0.00296  
6406.900000000001  0.00299  
6411.2  0.00314  
6415.5  0.00313  
6419.8  0.00298  
6424.099999999999  0.00302  
6428.5  0.00317  
6432.799999999999  0.00315  
6437.1  0.00308  
6441.4  0.00298  
6445.700000000001  0.00302  
6450.0  0.00324  
6454.400000000001  0.0033  
6458.7  0.00312  
6463.0  0.00306  
6467.3  0.00314  
6471.599999999999  0.0032  
6476.0  0.00324  
6480.299999999999  0.00325  
6484.6  0.00323  
6488.9  0.00319  
6493.3  0.00317  
6497.6  0.00322  
6501.900000000001  0.00326  
6506.2  0.0033  
6510.5  0.00336  
6514.9  0.00333  
6519.2  0.00324  
6523.5  0.00317  
6527.799999999999  0.00311  
6532.200000000001  0.00313  
6536.5  0.00328  
6540.8  0.00343  
6545.2  0.0034  
6549.5  0.00327  
6553.8  0.00322  
6558.099999999999  0.00335  
6562.5  0.00345  
6566.799999999999  0.00348  
6571.1  0.00344  
6575.5  0.00347  
6579.8  0.00356  
6584.099999999999  0.00364  
6588.400000000001  0.00359  
6592.799999999999  0.00362  
6597.1  0.00373  
6601.4  0.00371  
6605.8  0.00372  
6610.1  0.00389  
6614.400000000001  0.004  
6618.8  0.004  
6623.099999999999  0.004  
6627.4  0.0041  
6631.799999999999  0.00419  
6636.1  0.00415  
6640.4  0.00424  
6644.8  0.0044  
6649.099999999999  0.00446  
6653.5  0.00447  
6657.799999999999  0.00449  
6662.1  0.00452  
6666.5  0.00462  
6670.8  0.00469  
6675.1  0.00476  
6679.5  0.00491  
6683.8  0.00508  
6688.200000000001  0.00516  
6692.5  0.00522  
6696.799999999999  0.00536  
6701.2  0.00549  
6705.5  0.0056  
6709.9  0.00582  
6714.2  0.00604  
6718.5  0.00611  
6722.9  0.00622  
6727.200000000001  0.00653  
6731.599999999999  0.00685  
6735.900000000001  0.00704  
6740.299999999999  0.00731  
6744.6  0.00758  
6748.9  0.00781  
6753.3  0.00814  
6757.6  0.00862  
6762.0  0.00907  
6766.3  0.00952  
6770.700000000001  0.01003  
6775.0  0.0106  
6779.400000000001  0.01126  
6783.7  0.01212  
6788.099999999999  0.01306  
6792.4  0.01402  
6796.799999999999  0.01504  
6801.1  0.01616  
6805.5  0.01764  
6809.8  0.01927  
6814.2  0.0209  
6818.5  0.02274  
6822.9  0.02487  
6827.200000000001  0.02722  
6831.599999999999  0.02977  
6835.900000000001  0.03261  
6840.299999999999  0.03597  
6844.6  0.03968  
6849.0  0.04345  
6853.3  0.04748  
6857.7  0.05228  
6862.0  0.05789  
6866.4  0.06375  
6870.700000000001  0.06988  
6875.1  0.07688  
6879.5  0.08488  
6883.8  0.09367  
6888.200000000001  0.10325  
6892.5  0.11375  
6896.900000000001  0.12539  
6901.2  0.13823  
6905.599999999999  0.1524  
6910.0  0.1679  
6914.299999999999  0.18504  
6918.7  0.20409  
6923.0  0.22494  
6927.4  0.24736  
6931.799999999999  0.27181  
6936.1  0.29828  
6940.5  0.32653  
6944.8  0.35645  
6949.2  0.38786  
6953.6  0.42105  
6957.9  0.45575  
6962.3  0.49122  
6966.599999999999  0.52706  
6971.0  0.56292  
6975.4  0.59854  
6979.700000000001  0.63387  
6984.099999999999  0.66827  
6988.5  0.70074  
6992.799999999999  0.73129  
6997.200000000001  0.75997  
7001.599999999999  0.78649  
7005.900000000001  0.81091  
7010.299999999999  0.83261  
7014.700000000001  0.85142  
7019.0  0.86804  
7023.400000000001  0.88257  
7027.799999999999  0.89513  
7032.1  0.90619  
7036.5  0.91544  
7040.900000000001  0.92318  
7045.2  0.92988  
7049.6  0.93518  
7054.0  0.93933  
7058.3  0.94308  
7062.7  0.94641  
7067.1  0.94892  
7071.5  0.95068  
7075.8  0.95229  
7080.2  0.95388  
7084.6  0.95503  
7088.9  0.95594  
7093.3  0.95694  
7097.7  0.95799  
7102.1  0.95869  
7106.4  0.95911  
7110.8  0.95992  
7115.2  0.96086  
7119.6  0.96196  
7123.9  0.9633  
7128.3  0.96404  
7132.7  0.9645  
7137.1  0.96558  
7141.4  0.96694  
7145.8  0.96805  
7150.2  0.96885  
7154.6  0.96983  
7159.0  0.97087  
7163.3  0.97095  
7167.7  0.97103  
7172.1  0.97143  
7176.5  0.97131  
7180.900000000001  0.9714  
7185.2  0.97156  
7189.6  0.97092  
7194.0  0.97028  
7198.400000000001  0.97065  
7202.799999999999  0.97066  
7207.1  0.96953  
7211.5  0.96874  
7215.900000000001  0.96881  
7220.299999999999  0.96877  
7224.700000000001  0.96846  
7229.099999999999  0.96862  
7233.400000000001  0.96906  
7237.799999999999  0.9695  
7242.200000000001  0.9699  
7246.599999999999  0.97036  
7251.0  0.97081  
7255.4  0.97101  
7259.700000000001  0.97084  
7264.099999999999  0.97071  
7268.5  0.97143  
7272.9  0.97246  
7277.3  0.97203  
7281.7  0.97104  
7286.1  0.97098  
7290.5  0.97103  
7294.9  0.9706  
7299.2  0.96957  
7303.6  0.96863  
7308.0  0.96849  
7312.4  0.96882  
7316.799999999999  0.96889  
7321.2  0.96845  
7325.599999999999  0.96787  
7330.0  0.96767  
7334.400000000001  0.96851  
7338.8  0.96911  
7343.099999999999  0.96864  
7347.5  0.96888  
7351.900000000001  0.97007  
7356.3  0.97071  
7360.700000000001  0.9711  
7365.1  0.97189  
7369.5  0.97262  
7373.9  0.97335  
7378.3  0.97359  
7382.7  0.97305  
7387.1  0.97291  
7391.5  0.97311  
7395.900000000001  0.97321  
7400.299999999999  0.97227  
7404.700000000001  0.971  
7409.099999999999  0.9707  
7413.5  0.97013  
7417.9  0.96895  
7422.3  0.96833  
7426.7  0.96793  
7431.1  0.96685  
7435.5  0.96549  
7439.9  0.96455  
7444.299999999999  0.96392  
7448.7  0.96351  
7453.099999999999  0.96353  
7457.5  0.96361  
7461.900000000001  0.96342  
7466.3  0.96361  
7470.700000000001  0.96402  
7475.1  0.96367  
7479.5  0.96342  
7483.9  0.96393  
7488.3  0.96462  
7492.7  0.96514  
7497.1  0.96527  
7501.5  0.96504  
7505.900000000001  0.96554  
7510.299999999999  0.96649  
7514.700000000001  0.96654  
7519.099999999999  0.9661  
7523.5  0.9662  
7527.9  0.96684  
7532.3  0.96691  
7536.799999999999  0.96613  
7541.2  0.96572  
7545.599999999999  0.96628  
7550.0  0.96665  
7554.400000000001  0.96567  
7558.8  0.96475  
7563.200000000001  0.96463  
7567.6  0.96462  
7572.0  0.96466  
7576.4  0.96434  
7580.8  0.96336  
7585.299999999999  0.96267  
7589.700000000001  0.96252  
7594.099999999999  0.96226  
7598.5  0.9616  
7602.9  0.96111  
7607.3  0.96097  
7611.7  0.96025  
7616.1  0.95955  
7620.599999999999  0.95933  
7625.0  0.95853  
7629.400000000001  0.95766  
7633.8  0.95714  
7638.200000000001  0.95643  
7642.6  0.9556  
7647.0  0.95455  
7651.5  0.95384  
7655.900000000001  0.95361  
7660.299999999999  0.95292  
7664.700000000001  0.95197  
7669.099999999999  0.95104  
7673.5  0.95017  
7678.0  0.94983  
7682.4  0.94958  
7686.799999999999  0.94873  
7691.2  0.94794  
7695.599999999999  0.94797  
7700.0  0.94831  
7704.5  0.94813  
7708.9  0.94752  
7713.3  0.94729  
7717.7  0.94795  
7722.1  0.94897  
7726.599999999999  0.94936  
7731.0  0.94913  
7735.4  0.94949  
7739.8  0.95072  
7744.299999999999  0.95177  
7748.7  0.95238  
7753.099999999999  0.95352  
7757.5  0.95486  
7761.900000000001  0.95569  
7766.4  0.95642  
7770.8  0.95786  
7775.2  0.95947  
7779.6  0.9605  
7784.099999999999  0.96142  
7788.5  0.96246  
7792.9  0.96313  
7797.3  0.96367  
7801.799999999999  0.96498  
7806.2  0.96681  
7810.599999999999  0.96768  
7815.0  0.96718  
7819.5  0.96715  
7823.9  0.96802  
7828.3  0.96831  
7832.799999999999  0.96797  
7837.200000000001  0.96746  
7841.599999999999  0.96711  
7846.0  0.9667  
7850.5  0.96625  
7854.9  0.96619  
7859.299999999999  0.96562  
7863.8  0.96445  
7868.200000000001  0.96387  
7872.6  0.96379  
7877.1  0.96329  
7881.5  0.96256  
7885.900000000001  0.96164  
7890.4  0.96095  
7894.8  0.96107  
7899.2  0.96075  
7903.7  0.96019  
7908.099999999999  0.95992  
7912.5  0.95963  
7917.0  0.95992  
7921.4  0.96045  
7925.8  0.95988  
7930.299999999999  0.95944  
7934.700000000001  0.96028  
7939.099999999999  0.96126  
7943.6  0.96113  
7948.0  0.96028  
7952.4  0.96042  
7956.900000000001  0.96125  
7961.3  0.96139  
7965.700000000001  0.96095  
7970.2  0.9611  
7974.6  0.96186  
7979.099999999999  0.96218  
7983.5  0.9619  
7987.9  0.96179  
7992.4  0.96202  
7996.799999999999  0.96199  
8001.3  0.96208  
8005.700000000001  0.96293  
8010.1  0.96339  
8014.6  0.96313  
8019.0  0.96282  
8023.5  0.9626  
8027.9  0.96348  
8032.3  0.9646  
8036.799999999999  0.96468  
8041.2  0.96465  
8045.700000000001  0.96523  
8050.1  0.96579  
8054.6  0.96595  
8059.0  0.96631  
8063.400000000001  0.96662  
8067.9  0.96692  
8072.3  0.9678  
8076.799999999999  0.96855  
8081.2  0.9685  
8085.700000000001  0.96859  
8090.1  0.96889  
8094.6  0.96912  
8099.0  0.96897  
8103.5  0.96817  
8107.9  0.96744  
8112.3  0.96747  
8116.799999999999  0.96713  
8121.2  0.96642  
8125.700000000001  0.96622  
8130.1  0.96561  
8134.6  0.96473  
8139.0  0.96399  
8143.5  0.96327  
8147.9  0.96243  
8152.4  0.9617  
8156.799999999999  0.96124  
8161.3  0.96043  
8165.700000000001  0.95985  
8170.2  0.95956  
8174.6  0.95919  
8179.099999999999  0.95894  
8183.5  0.95921  
8188.0  0.95898  
8192.4  0.95826  
8196.900000000001  0.95889  
8201.4  0.95953  
8205.800000000001  0.95913  
8210.3  0.9594  
8214.7  0.9599  
8219.199999999999  0.95983  
8223.6  0.96085  
8228.099999999999  0.96216  
8232.5  0.96209  
8237.0  0.96224  
8241.4  0.9633  
8245.9  0.96401  
8250.3  0.96439  
8254.8  0.96456  
8259.3  0.96472  
8263.7  0.96511  
8268.2  0.96563  
8272.6  0.96566  
8277.1  0.96572  
8281.5  0.96561  
8286.0  0.96475  
8290.5  0.96432  
8294.9  0.96379  
8299.400000000001  0.96291  
8303.8  0.96282  
8308.300000000001  0.96297  
8312.8  0.96206  
8317.2  0.95999  
8321.699999999999  0.95811  
8326.1  0.9575  
8330.599999999999  0.95645  
8335.1  0.9534  
8339.5  0.9501  
8344.0  0.94762  
8348.4  0.94376  
8352.9  0.93808  
8357.4  0.93199  
8361.8  0.92539  
8366.3  0.91771  
8370.800000000001  0.90828  
8375.2  0.89703  
8379.7  0.88427  
8384.199999999999  0.86948  
8388.6  0.85244  
8393.099999999999  0.83292  
8397.5  0.81107  
8402.0  0.78746  
8406.5  0.76206  
8410.9  0.73458  
8415.4  0.70407  
8419.9  0.67165  
8424.3  0.63794  
8428.8  0.60254  
8433.300000000001  0.56641  
8437.7  0.52992  
8442.2  0.49351  
8446.699999999999  0.45715  
8451.1  0.42107  
8455.599999999999  0.38602  
8460.1  0.3523  
8464.6  0.32037  
8469.0  0.29064  
8473.5  0.26299  
8478.0  0.23718  
8482.4  0.21347  
8486.900000000001  0.19242  
8491.4  0.17347  
8495.800000000001  0.15581  
8500.3  0.13968  
8504.8  0.12567  
8509.3  0.11324  
8513.7  0.10192  
8518.2  0.0916  
8522.7  0.08215  
8527.1  0.07383  
8531.6  0.0669  
8536.1  0.06101  
8540.599999999999  0.05552  
8545.0  0.05043  
8549.5  0.046  
8554.0  0.04229  
8558.5  0.03903  
8562.9  0.03585  
8567.4  0.03283  
8571.900000000001  0.0302  
8576.4  0.02784  
8580.800000000001  0.0257  
8585.3  0.02386  
8589.8  0.0222  
8594.3  0.02046  
8598.7  0.01881  
8603.2  0.01749  
8607.7  0.01629  
8612.2  0.01529  
8616.699999999999  0.01447  
8621.1  0.0136  
8625.599999999999  0.01286  
8630.1  0.01218  
8634.6  0.01163  
8639.0  0.01125  
8643.5  0.01072  
8648.0  0.01034  
8652.5  0.01009  
8657.0  0.00957  
8661.4  0.00913  
8665.9  0.00876  
8670.4  0.0084  
8674.9  0.00822  
8679.400000000001  0.00817  
8683.8  0.00819  
8688.300000000001  0.00805  
8692.8  0.00767  
8697.3  0.00729  
8701.8  0.00729  
8706.3  0.00751  
8710.7  0.00769  
8715.2  0.00757  
8719.7  0.00729  
8724.199999999999  0.00708  
8728.7  0.00718  
8733.2  0.00734  
8737.6  0.00745  
8742.1  0.00739  
8746.6  0.00727  
8751.1  0.00706  
8755.599999999999  0.0072  
8760.1  0.00745  
8764.6  0.00731  
8769.0  0.00694  
8773.5  0.00698  
8778.0  0.00729  
8782.5  0.00715  
8787.0  0.00699  
8791.5  0.0075  
8796.0  0.00771  

