@MEASUREMENT_RADIUS 5.0 cm
#lambda:
#tr:
#end
6251.799999999999  0.00241  
6256.1  0.00257  
6260.4  0.00264  
6264.700000000001  0.00264  
6269.0  0.00264  
6273.3  0.00254  
6277.6  0.0025  
6281.900000000001  0.0025  
6286.2  0.00252  
6290.5  0.00263  
6294.8  0.00273  
6299.099999999999  0.00267  
6303.400000000001  0.00269  
6307.7  0.00279  
6312.0  0.00282  
6316.3  0.00268  
6320.599999999999  0.0026  
6325.0  0.00263  
6329.299999999999  0.00272  
6333.6  0.00271  
6337.9  0.00264  
6342.200000000001  0.00269  
6346.5  0.00278  
6350.8  0.00291  
6355.1  0.00296  
6359.400000000001  0.00287  
6363.7  0.00283  
6368.099999999999  0.00278  
6372.4  0.00273  
6376.7  0.00281  
6381.0  0.00294  
6385.299999999999  0.00294  
6389.6  0.00286  
6393.9  0.00287  
6398.200000000001  0.003  
6402.6  0.00309  
6406.900000000001  0.00313  
6411.2  0.00321  
6415.5  0.00322  
6419.8  0.00315  
6424.099999999999  0.00302  
6428.5  0.00298  
6432.799999999999  0.00311  
6437.1  0.0032  
6441.4  0.00313  
6445.700000000001  0.00309  
6450.0  0.00315  
6454.400000000001  0.00317  
6458.7  0.0031  
6463.0  0.0032  
6467.3  0.00338  
6471.599999999999  0.00335  
6476.0  0.00318  
6480.299999999999  0.00308  
6484.6  0.00302  
6488.9  0.0031  
6493.3  0.00324  
6497.6  0.00327  
6501.900000000001  0.0032  
6506.2  0.00317  
6510.5  0.00321  
6514.9  0.00316  
6519.2  0.00315  
6523.5  0.00326  
6527.799999999999  0.00334  
6532.200000000001  0.00328  
6536.5  0.00326  
6540.8  0.00329  
6545.2  0.00333  
6549.5  0.00338  
6553.8  0.00335  
6558.099999999999  0.00335  
6562.5  0.00333  
6566.799999999999  0.00335  
6571.1  0.00344  
6575.5  0.00346  
6579.8  0.00344  
6584.099999999999  0.00354  
6588.400000000001  0.00362  
6592.799999999999  0.00366  
6597.1  0.00373  
6601.4  0.00379  
6605.8  0.0038  
6610.1  0.0038  
6614.400000000001  0.00384  
6618.8  0.00394  
6623.099999999999  0.00403  
6627.4  0.00398  
6631.799999999999  0.0041  
6636.1  0.00427  
6640.4  0.00438  
6644.8  0.00439  
6649.099999999999  0.00436  
6653.5  0.00443  
6657.799999999999  0.00456  
6662.1  0.00462  
6666.5  0.00475  
6670.8  0.00476  
6675.1  0.00475  
6679.5  0.00495  
6683.8  0.00522  
6688.200000000001  0.0053  
6692.5  0.00536  
6696.799999999999  0.00536  
6701.2  0.00544  
6705.5  0.00571  
6709.9  0.00593  
6714.2  0.00604  
6718.5  0.00623  
6722.9  0.00651  
6727.200000000001  0.00674  
6731.599999999999  0.00681  
6735.900000000001  0.00698  
6740.299999999999  0.00739  
6744.6  0.00785  
6748.9  0.00809  
6753.3  0.00827  
6757.6  0.00873  
6762.0  0.00927  
6766.3  0.00981  
6770.700000000001  0.01029  
6775.0  0.01091  
6779.400000000001  0.01179  
6783.7  0.01268  
6788.099999999999  0.01348  
6792.4  0.01441  
6796.799999999999  0.01557  
6801.1  0.0168  
6805.5  0.0182  
6809.8  0.01998  
6814.2  0.02183  
6818.5  0.0237  
6822.9  0.02589  
6827.200000000001  0.02838  
6831.599999999999  0.03112  
6835.900000000001  0.03409  
6840.299999999999  0.0374  
6844.6  0.04117  
6849.0  0.04534  
6853.3  0.04982  
6857.7  0.0548  
6862.0  0.06032  
6866.4  0.06643  
6870.700000000001  0.07326  
6875.1  0.08072  
6879.5  0.08884  
6883.8  0.09797  
6888.200000000001  0.10807  
6892.5  0.1192  
6896.900000000001  0.13169  
6901.2  0.14526  
6905.599999999999  0.15988  
6910.0  0.17621  
6914.299999999999  0.19442  
6918.7  0.21417  
6923.0  0.23574  
6927.4  0.25931  
6931.799999999999  0.28477  
6936.1  0.31214  
6940.5  0.34171  
6944.8  0.37297  
6949.2  0.40525  
6953.6  0.43906  
6957.9  0.47482  
6962.3  0.5113  
6966.599999999999  0.54749  
6971.0  0.58368  
6975.4  0.6197  
6979.700000000001  0.6548  
6984.099999999999  0.68859  
6988.5  0.72063  
6992.799999999999  0.75059  
6997.200000000001  0.77805  
7001.599999999999  0.80281  
7005.900000000001  0.82554  
7010.299999999999  0.8457  
7014.700000000001  0.86303  
7019.0  0.87841  
7023.400000000001  0.89217  
7027.799999999999  0.90369  
7032.1  0.91292  
7036.5  0.92077  
7040.900000000001  0.92782  
7045.2  0.93372  
7049.6  0.9384  
7054.0  0.94224  
7058.3  0.94551  
7062.7  0.94853  
7067.1  0.95083  
7071.5  0.9523  
7075.8  0.95375  
7080.2  0.95514  
7084.6  0.95615  
7088.9  0.95656  
7093.3  0.95693  
7097.7  0.95815  
7102.1  0.9593  
7106.4  0.95976  
7110.8  0.9605  
7115.2  0.9617  
7119.6  0.96286  
7123.9  0.96384  
7128.3  0.96456  
7132.7  0.9651  
7137.1  0.96593  
7141.4  0.96735  
7145.8  0.96873  
7150.2  0.96948  
7154.6  0.97018  
7159.0  0.97082  
7163.3  0.97084  
7167.7  0.97075  
7172.1  0.97103  
7176.5  0.97123  
7180.900000000001  0.97093  
7185.2  0.97067  
7189.6  0.97045  
7194.0  0.96976  
7198.400000000001  0.96928  
7202.799999999999  0.96917  
7207.1  0.96906  
7211.5  0.96872  
7215.900000000001  0.96825  
7220.299999999999  0.96812  
7224.700000000001  0.96834  
7229.099999999999  0.96897  
7233.400000000001  0.96973  
7237.799999999999  0.97014  
7242.200000000001  0.97003  
7246.599999999999  0.97029  
7251.0  0.97089  
7255.4  0.97157  
7259.700000000001  0.97206  
7264.099999999999  0.97182  
7268.5  0.97144  
7272.9  0.97182  
7277.3  0.97171  
7281.7  0.97087  
7286.1  0.97029  
7290.5  0.96969  
7294.9  0.96913  
7299.2  0.96883  
7303.6  0.96848  
7308.0  0.96792  
7312.4  0.96786  
7316.799999999999  0.96831  
7321.2  0.96817  
7325.599999999999  0.96718  
7330.0  0.96666  
7334.400000000001  0.96765  
7338.8  0.96861  
7343.099999999999  0.96855  
7347.5  0.96916  
7351.900000000001  0.97051  
7356.3  0.97135  
7360.700000000001  0.97175  
7365.1  0.97244  
7369.5  0.9731  
7373.9  0.97349  
7378.3  0.97369  
7382.7  0.97372  
7387.1  0.97398  
7391.5  0.97379  
7395.900000000001  0.97283  
7400.299999999999  0.97186  
7404.700000000001  0.97134  
7409.099999999999  0.97052  
7413.5  0.96899  
7417.9  0.968  
7422.3  0.96791  
7426.7  0.96742  
7431.1  0.96606  
7435.5  0.96458  
7439.9  0.96411  
7444.299999999999  0.96415  
7448.7  0.96349  
7453.099999999999  0.96295  
7457.5  0.96298  
7461.900000000001  0.96275  
7466.3  0.96266  
7470.700000000001  0.96343  
7475.1  0.96415  
7479.5  0.96446  
7483.9  0.96481  
7488.3  0.96529  
7492.7  0.96528  
7497.1  0.96522  
7501.5  0.96549  
7505.900000000001  0.96618  
7510.299999999999  0.96678  
7514.700000000001  0.96649  
7519.099999999999  0.96613  
7523.5  0.96663  
7527.9  0.96749  
7532.3  0.9669  
7536.799999999999  0.96563  
7541.2  0.96565  
7545.599999999999  0.96629  
7550.0  0.96599  
7554.400000000001  0.96488  
7558.8  0.96435  
7563.200000000001  0.96468  
7567.6  0.96502  
7572.0  0.96449  
7576.4  0.96363  
7580.8  0.96307  
7585.299999999999  0.96265  
7589.700000000001  0.96237  
7594.099999999999  0.96216  
7598.5  0.96205  
7602.9  0.9615  
7607.3  0.96038  
7611.7  0.95967  
7616.1  0.95975  
7620.599999999999  0.95998  
7625.0  0.95902  
7629.400000000001  0.95746  
7633.8  0.95642  
7638.200000000001  0.95558  
7642.6  0.95528  
7647.0  0.95481  
7651.5  0.95368  
7655.900000000001  0.9529  
7660.299999999999  0.95232  
7664.700000000001  0.9514  
7669.099999999999  0.95036  
7673.5  0.94977  
7678.0  0.94949  
7682.4  0.94891  
7686.799999999999  0.94821  
7691.2  0.94756  
7695.599999999999  0.94728  
7700.0  0.94758  
7704.5  0.94756  
7708.9  0.94734  
7713.3  0.94766  
7717.7  0.94769  
7722.1  0.94779  
7726.599999999999  0.94871  
7731.0  0.94956  
7735.4  0.95066  
7739.8  0.95194  
7744.299999999999  0.95216  
7748.7  0.95205  
7753.099999999999  0.95347  
7757.5  0.95532  
7761.900000000001  0.956  
7766.4  0.95675  
7770.8  0.95858  
7775.2  0.96062  
7779.6  0.96159  
7784.099999999999  0.96159  
7788.5  0.96261  
7792.9  0.96445  
7797.3  0.96555  
7801.799999999999  0.96626  
7806.2  0.96663  
7810.599999999999  0.96664  
7815.0  0.96701  
7819.5  0.96779  
7823.9  0.96836  
7828.3  0.96833  
7832.799999999999  0.96792  
7837.200000000001  0.96747  
7841.599999999999  0.96757  
7846.0  0.96721  
7850.5  0.96607  
7854.9  0.96548  
7859.299999999999  0.96454  
7863.8  0.96331  
7868.200000000001  0.96314  
7872.6  0.96315  
7877.1  0.9626  
7881.5  0.96159  
7885.900000000001  0.96074  
7890.4  0.96042  
7894.8  0.96008  
7899.2  0.95978  
7903.7  0.95957  
7908.099999999999  0.95892  
7912.5  0.95848  
7917.0  0.95896  
7921.4  0.95956  
7925.8  0.9595  
7930.299999999999  0.95978  
7934.700000000001  0.96028  
7939.099999999999  0.96024  
7943.6  0.96025  
7948.0  0.96057  
7952.4  0.9609  
7956.900000000001  0.96085  
7961.3  0.96051  
7965.700000000001  0.96063  
7970.2  0.96153  
7974.6  0.96209  
7979.099999999999  0.96198  
7983.5  0.96161  
7987.9  0.96156  
7992.4  0.96186  
7996.799999999999  0.96181  
8001.3  0.96202  
8005.700000000001  0.96256  
8010.1  0.96265  
8014.6  0.96256  
8019.0  0.96288  
8023.5  0.96318  
8027.9  0.96388  
8032.3  0.96439  
8036.799999999999  0.96432  
8041.2  0.96461  
8045.700000000001  0.9654  
8050.1  0.96602  
8054.6  0.96654  
8059.0  0.96712  
8063.400000000001  0.96755  
8067.9  0.96787  
8072.3  0.96821  
8076.799999999999  0.96882  
8081.2  0.96903  
8085.700000000001  0.96893  
8090.1  0.96854  
8094.6  0.96809  
8099.0  0.96841  
8103.5  0.96852  
8107.9  0.96739  
8112.3  0.96669  
8116.799999999999  0.96648  
8121.2  0.96594  
8125.700000000001  0.9655  
8130.1  0.96531  
8134.6  0.96469  
8139.0  0.96299  
8143.5  0.96179  
8147.9  0.9613  
8152.4  0.96084  
8156.799999999999  0.96018  
8161.3  0.9593  
8165.700000000001  0.95886  
8170.2  0.95855  
8174.6  0.95816  
8179.099999999999  0.95769  
8183.5  0.95764  
8188.0  0.95803  
8192.4  0.95816  
8196.900000000001  0.95834  
8201.4  0.95871  
8205.800000000001  0.95869  
8210.3  0.95875  
8214.7  0.95951  
8219.199999999999  0.96025  
8223.6  0.96126  
8228.099999999999  0.96242  
8232.5  0.96267  
8237.0  0.96284  
8241.4  0.96377  
8245.9  0.96448  
8250.3  0.96459  
8254.8  0.9649  
8259.3  0.96584  
8263.7  0.96622  
8268.2  0.96595  
8272.6  0.9655  
8277.1  0.96523  
8281.5  0.96497  
8286.0  0.96418  
8290.5  0.96392  
8294.9  0.96417  
8299.400000000001  0.96372  
8303.8  0.9633  
8308.300000000001  0.96241  
8312.8  0.9607  
8317.2  0.95915  
8321.699999999999  0.95803  
8326.1  0.95702  
8330.599999999999  0.95522  
8335.1  0.95247  
8339.5  0.94936  
8344.0  0.9465  
8348.4  0.94334  
8352.9  0.93852  
8357.4  0.93245  
8361.8  0.92515  
8366.3  0.91651  
8370.800000000001  0.90654  
8375.2  0.89513  
8379.7  0.88248  
8384.199999999999  0.86762  
8388.6  0.85015  
8393.099999999999  0.83045  
8397.5  0.808  
8402.0  0.78348  
8406.5  0.75736  
8410.9  0.72837  
8415.4  0.69625  
8419.9  0.66279  
8424.3  0.62922  
8428.8  0.59422  
8433.300000000001  0.55713  
8437.7  0.51909  
8442.2  0.48147  
8446.699999999999  0.4447  
8451.1  0.40902  
8455.599999999999  0.37448  
8460.1  0.34096  
8464.6  0.30933  
8469.0  0.28026  
8473.5  0.25349  
8478.0  0.22853  
8482.4  0.20531  
8486.900000000001  0.18427  
8491.4  0.16568  
8495.800000000001  0.14908  
8500.3  0.1342  
8504.8  0.12104  
8509.3  0.10891  
8513.7  0.09748  
8518.2  0.08744  
8522.7  0.07892  
8527.1  0.07115  
8531.6  0.06449  
8536.1  0.05885  
8540.599999999999  0.05335  
8545.0  0.04843  
8549.5  0.04451  
8554.0  0.04101  
8558.5  0.03752  
8562.9  0.03439  
8567.4  0.03168  
8571.900000000001  0.02927  
8576.4  0.02728  
8580.800000000001  0.02555  
8585.3  0.02371  
8589.8  0.02164  
8594.3  0.01967  
8598.7  0.01812  
8603.2  0.01709  
8607.7  0.01606  
8612.2  0.01483  
8616.699999999999  0.01395  
8621.1  0.0134  
8625.599999999999  0.01277  
8630.1  0.01196  
8634.6  0.01125  
8639.0  0.01073  
8643.5  0.01043  
8648.0  0.01011  
8652.5  0.0098  
8657.0  0.00942  
8661.4  0.00907  
8665.9  0.00871  
8670.4  0.00829  
8674.9  0.0079  
8679.400000000001  0.00791  
8683.8  0.0079  
8688.300000000001  0.00749  
8692.8  0.00721  
8697.3  0.00718  
8701.8  0.00742  
8706.3  0.0076  
8710.7  0.0074  
8715.2  0.00698  
8719.7  0.00686  
8724.199999999999  0.00713  
8728.7  0.00733  
8733.2  0.00728  
8737.6  0.00721  
8742.1  0.007  
8746.6  0.00687  
8751.1  0.00706  
8755.599999999999  0.00738  
8760.1  0.00741  
8764.6  0.00735  
8769.0  0.00728  
8773.5  0.00728  
8778.0  0.00726  
8782.5  0.00733  
8787.0  0.0073  
8791.5  0.00751  
8796.0  0.00779  

