@MEASUREMENT_RADIUS 6.0 cm
#lambda:
#tr:
#end
6251.799999999999  0.00232  
6256.1  0.00231  
6260.4  0.00248  
6264.700000000001  0.00254  
6269.0  0.00251  
6273.3  0.0025  
6277.6  0.00253  
6281.900000000001  0.00262  
6286.2  0.00268  
6290.5  0.00258  
6294.8  0.0026  
6299.099999999999  0.00278  
6303.400000000001  0.0029  
6307.7  0.00272  
6312.0  0.00253  
6316.3  0.00259  
6320.599999999999  0.00281  
6325.0  0.00283  
6329.299999999999  0.00267  
6333.6  0.00262  
6337.9  0.00275  
6342.200000000001  0.00288  
6346.5  0.0028  
6350.8  0.00264  
6355.1  0.00264  
6359.400000000001  0.00272  
6363.7  0.00288  
6368.099999999999  0.00292  
6372.4  0.00273  
6376.7  0.00269  
6381.0  0.00282  
6385.299999999999  0.00292  
6389.6  0.00297  
6393.9  0.00306  
6398.200000000001  0.00308  
6402.6  0.00299  
6406.900000000001  0.00296  
6411.2  0.00305  
6415.5  0.00309  
6419.8  0.00312  
6424.099999999999  0.00317  
6428.5  0.00316  
6432.799999999999  0.00315  
6437.1  0.00312  
6441.4  0.00301  
6445.700000000001  0.003  
6450.0  0.00312  
6454.400000000001  0.00324  
6458.7  0.00316  
6463.0  0.00304  
6467.3  0.00307  
6471.599999999999  0.00316  
6476.0  0.00314  
6480.299999999999  0.00311  
6484.6  0.00312  
6488.9  0.00311  
6493.3  0.00312  
6497.6  0.00308  
6501.900000000001  0.00304  
6506.2  0.00316  
6510.5  0.00334  
6514.9  0.00342  
6519.2  0.00337  
6523.5  0.00318  
6527.799999999999  0.00307  
6532.200000000001  0.00321  
6536.5  0.00335  
6540.8  0.00327  
6545.2  0.00321  
6549.5  0.00335  
6553.8  0.00348  
6558.099999999999  0.0035  
6562.5  0.00336  
6566.799999999999  0.00326  
6571.1  0.00346  
6575.5  0.00368  
6579.8  0.00365  
6584.099999999999  0.00352  
6588.400000000001  0.00349  
6592.799999999999  0.00354  
6597.1  0.0036  
6601.4  0.00358  
6605.8  0.00366  
6610.1  0.00383  
6614.400000000001  0.00391  
6618.8  0.00397  
6623.099999999999  0.00408  
6627.4  0.00413  
6631.799999999999  0.00419  
6636.1  0.00422  
6640.4  0.00426  
6644.8  0.00422  
6649.099999999999  0.0042  
6653.5  0.00435  
6657.799999999999  0.00461  
6662.1  0.00472  
6666.5  0.00473  
6670.8  0.0047  
6675.1  0.00472  
6679.5  0.0048  
6683.8  0.00503  
6688.200000000001  0.0052  
6692.5  0.00535  
6696.799999999999  0.00548  
6701.2  0.00546  
6705.5  0.00551  
6709.9  0.00575  
6714.2  0.00591  
6718.5  0.00604  
6722.9  0.00625  
6727.200000000001  0.00649  
6731.599999999999  0.00674  
6735.900000000001  0.00704  
6740.299999999999  0.00732  
6744.6  0.00755  
6748.9  0.0078  
6753.3  0.0081  
6757.6  0.00858  
6762.0  0.00913  
6766.3  0.00959  
6770.700000000001  0.01009  
6775.0  0.01067  
6779.400000000001  0.01135  
6783.7  0.01214  
6788.099999999999  0.01299  
6792.4  0.01387  
6796.799999999999  0.01491  
6801.1  0.01622  
6805.5  0.01767  
6809.8  0.01911  
6814.2  0.02065  
6818.5  0.02259  
6822.9  0.02488  
6827.200000000001  0.02719  
6831.599999999999  0.02967  
6835.900000000001  0.0326  
6840.299999999999  0.03583  
6844.6  0.03925  
6849.0  0.04311  
6853.3  0.04747  
6857.7  0.05232  
6862.0  0.05771  
6866.4  0.06362  
6870.700000000001  0.06999  
6875.1  0.0771  
6879.5  0.08499  
6883.8  0.09361  
6888.200000000001  0.10312  
6892.5  0.11364  
6896.900000000001  0.12542  
6901.2  0.13832  
6905.599999999999  0.1525  
6910.0  0.16814  
6914.299999999999  0.1853  
6918.7  0.20396  
6923.0  0.22456  
6927.4  0.24724  
6931.799999999999  0.27166  
6936.1  0.2977  
6940.5  0.32582  
6944.8  0.35601  
6949.2  0.38774  
6953.6  0.42085  
6957.9  0.4555  
6962.3  0.4911  
6966.599999999999  0.52679  
6971.0  0.56281  
6975.4  0.59903  
6979.700000000001  0.63438  
6984.099999999999  0.66869  
6988.5  0.70179  
6992.799999999999  0.73247  
6997.200000000001  0.76063  
7001.599999999999  0.78718  
7005.900000000001  0.81233  
7010.299999999999  0.83435  
7014.700000000001  0.85269  
7019.0  0.86886  
7023.400000000001  0.88344  
7027.799999999999  0.89622  
7032.1  0.90728  
7036.5  0.91652  
7040.900000000001  0.92423  
7045.2  0.93042  
7049.6  0.93538  
7054.0  0.93996  
7058.3  0.94398  
7062.7  0.94701  
7067.1  0.94926  
7071.5  0.95125  
7075.8  0.95319  
7080.2  0.95425  
7084.6  0.95488  
7088.9  0.95638  
7093.3  0.95789  
7097.7  0.9583  
7102.1  0.95831  
7106.4  0.95926  
7110.8  0.96097  
7115.2  0.96192  
7119.6  0.96225  
7123.9  0.96311  
7128.3  0.96421  
7132.7  0.96497  
7137.1  0.96558  
7141.4  0.96616  
7145.8  0.96712  
7150.2  0.96818  
7154.6  0.96903  
7159.0  0.96994  
7163.3  0.9702  
7167.7  0.96992  
7172.1  0.96991  
7176.5  0.97016  
7180.900000000001  0.9703  
7185.2  0.97008  
7189.6  0.96986  
7194.0  0.96962  
7198.400000000001  0.96923  
7202.799999999999  0.96889  
7207.1  0.96897  
7211.5  0.96912  
7215.900000000001  0.96874  
7220.299999999999  0.96826  
7224.700000000001  0.96837  
7229.099999999999  0.96913  
7233.400000000001  0.9694  
7237.799999999999  0.96951  
7242.200000000001  0.97029  
7246.599999999999  0.97109  
7251.0  0.97139  
7255.4  0.9714  
7259.700000000001  0.97105  
7264.099999999999  0.97099  
7268.5  0.97176  
7272.9  0.97239  
7277.3  0.9718  
7281.7  0.97047  
7286.1  0.96957  
7290.5  0.9694  
7294.9  0.96951  
7299.2  0.96884  
7303.6  0.96793  
7308.0  0.9678  
7312.4  0.96782  
7316.799999999999  0.96751  
7321.2  0.96722  
7325.599999999999  0.96701  
7330.0  0.96721  
7334.400000000001  0.96809  
7338.8  0.96864  
7343.099999999999  0.96858  
7347.5  0.96928  
7351.900000000001  0.9702  
7356.3  0.97052  
7360.700000000001  0.97114  
7365.1  0.97227  
7369.5  0.97276  
7373.9  0.97304  
7378.3  0.97385  
7382.7  0.97413  
7387.1  0.97371  
7391.5  0.97305  
7395.900000000001  0.9727  
7400.299999999999  0.97236  
7404.700000000001  0.9714  
7409.099999999999  0.97021  
7413.5  0.96911  
7417.9  0.96785  
7422.3  0.96683  
7426.7  0.96671  
7431.1  0.96667  
7435.5  0.96567  
7439.9  0.96435  
7444.299999999999  0.96343  
7448.7  0.96282  
7453.099999999999  0.96301  
7457.5  0.96353  
7461.900000000001  0.96341  
7466.3  0.96302  
7470.700000000001  0.96309  
7475.1  0.96371  
7479.5  0.96402  
7483.9  0.96412  
7488.3  0.96483  
7492.7  0.9652  
7497.1  0.96475  
7501.5  0.96454  
7505.900000000001  0.96571  
7510.299999999999  0.96687  
7514.700000000001  0.9665  
7519.099999999999  0.96629  
7523.5  0.96668  
7527.9  0.96671  
7532.3  0.96611  
7536.799999999999  0.96554  
7541.2  0.96592  
7545.599999999999  0.96654  
7550.0  0.96619  
7554.400000000001  0.9649  
7558.8  0.96416  
7563.200000000001  0.9644  
7567.6  0.9644  
7572.0  0.96387  
7576.4  0.96365  
7580.8  0.96335  
7585.299999999999  0.9629  
7589.700000000001  0.96278  
7594.099999999999  0.9628  
7598.5  0.96249  
7602.9  0.96176  
7607.3  0.96122  
7611.7  0.96074  
7616.1  0.96032  
7620.599999999999  0.95998  
7625.0  0.95902  
7629.400000000001  0.95787  
7633.8  0.95712  
7638.200000000001  0.95657  
7642.6  0.95606  
7647.0  0.95496  
7651.5  0.95386  
7655.900000000001  0.95357  
7660.299999999999  0.95324  
7664.700000000001  0.95176  
7669.099999999999  0.95031  
7673.5  0.94975  
7678.0  0.94956  
7682.4  0.94931  
7686.799999999999  0.94868  
7691.2  0.94812  
7695.599999999999  0.94764  
7700.0  0.94699  
7704.5  0.94669  
7708.9  0.94674  
7713.3  0.94662  
7717.7  0.94683  
7722.1  0.94732  
7726.599999999999  0.94751  
7731.0  0.94808  
7735.4  0.94919  
7739.8  0.95048  
7744.299999999999  0.95121  
7748.7  0.95145  
7753.099999999999  0.95245  
7757.5  0.95383  
7761.900000000001  0.95517  
7766.4  0.95646  
7770.8  0.95774  
7775.2  0.95946  
7779.6  0.96107  
7784.099999999999  0.96181  
7788.5  0.9629  
7792.9  0.96379  
7797.3  0.96409  
7801.799999999999  0.96519  
7806.2  0.96667  
7810.599999999999  0.96745  
7815.0  0.96771  
7819.5  0.9678  
7823.9  0.96797  
7828.3  0.96808  
7832.799999999999  0.96761  
7837.200000000001  0.96679  
7841.599999999999  0.96661  
7846.0  0.96653  
7850.5  0.96619  
7854.9  0.96577  
7859.299999999999  0.96453  
7863.8  0.96335  
7868.200000000001  0.9635  
7872.6  0.96371  
7877.1  0.96297  
7881.5  0.96192  
7885.900000000001  0.9608  
7890.4  0.95983  
7894.8  0.95966  
7899.2  0.95981  
7903.7  0.95933  
7908.099999999999  0.9582  
7912.5  0.95796  
7917.0  0.95915  
7921.4  0.95973  
7925.8  0.95873  
7930.299999999999  0.95845  
7934.700000000001  0.95935  
7939.099999999999  0.95973  
7943.6  0.95932  
7948.0  0.95948  
7952.4  0.96042  
7956.900000000001  0.96063  
7961.3  0.96007  
7965.700000000001  0.96002  
7970.2  0.96043  
7974.6  0.9608  
7979.099999999999  0.96117  
7983.5  0.96135  
7987.9  0.96128  
7992.4  0.9609  
7996.799999999999  0.96069  
8001.3  0.96139  
8005.700000000001  0.96195  
8010.1  0.96238  
8014.6  0.96286  
8019.0  0.96259  
8023.5  0.96221  
8027.9  0.96285  
8032.3  0.96363  
8036.799999999999  0.96422  
8041.2  0.96497  
8045.700000000001  0.96537  
8050.1  0.96495  
8054.6  0.96468  
8059.0  0.96593  
8063.400000000001  0.9673  
8067.9  0.96758  
8072.3  0.96789  
8076.799999999999  0.96843  
8081.2  0.96863  
8085.700000000001  0.96889  
8090.1  0.9685  
8094.6  0.96811  
8099.0  0.9684  
8103.5  0.96813  
8107.9  0.96724  
8112.3  0.96698  
8116.799999999999  0.96658  
8121.2  0.96585  
8125.700000000001  0.96534  
8130.1  0.9646  
8134.6  0.96385  
8139.0  0.96292  
8143.5  0.96202  
8147.9  0.96116  
8152.4  0.96042  
8156.799999999999  0.95977  
8161.3  0.95892  
8165.700000000001  0.95827  
8170.2  0.95772  
8174.6  0.95725  
8179.099999999999  0.95692  
8183.5  0.95725  
8188.0  0.95778  
8192.4  0.95767  
8196.900000000001  0.95764  
8201.4  0.95848  
8205.800000000001  0.95897  
8210.3  0.95813  
8214.7  0.95764  
8219.199999999999  0.95879  
8223.6  0.96035  
8228.099999999999  0.96134  
8232.5  0.96197  
8237.0  0.96251  
8241.4  0.96312  
8245.9  0.96356  
8250.3  0.96398  
8254.8  0.96469  
8259.3  0.96505  
8263.7  0.96443  
8268.2  0.96411  
8272.6  0.96423  
8277.1  0.96454  
8281.5  0.96472  
8286.0  0.96453  
8290.5  0.9647  
8294.9  0.96416  
8299.400000000001  0.96307  
8303.8  0.9634  
8308.300000000001  0.96344  
8312.8  0.96183  
8317.2  0.9601  
8321.699999999999  0.95899  
8326.1  0.95817  
8330.599999999999  0.95666  
8335.1  0.95414  
8339.5  0.95162  
8344.0  0.94917  
8348.4  0.94596  
8352.9  0.94207  
8357.4  0.93745  
8361.8  0.93115  
8366.3  0.9237  
8370.800000000001  0.91562  
8375.2  0.90599  
8379.7  0.89466  
8384.199999999999  0.88201  
8388.6  0.8674  
8393.099999999999  0.8503  
8397.5  0.8311  
8402.0  0.80963  
8406.5  0.78574  
8410.9  0.76004  
8415.4  0.73158  
8419.9  0.70065  
8424.3  0.66883  
8428.8  0.63577  
8433.300000000001  0.60103  
8437.7  0.56486  
8442.2  0.52788  
8446.699999999999  0.49088  
8451.1  0.45407  
8455.599999999999  0.41809  
8460.1  0.38383  
8464.6  0.35091  
8469.0  0.31906  
8473.5  0.28881  
8478.0  0.26096  
8482.4  0.23583  
8486.900000000001  0.21291  
8491.4  0.1916  
8495.800000000001  0.17198  
8500.3  0.15434  
8504.8  0.13867  
8509.3  0.12475  
8513.7  0.11226  
8518.2  0.1008  
8522.7  0.0906  
8527.1  0.08168  
8531.6  0.07383  
8536.1  0.06693  
8540.599999999999  0.06082  
8545.0  0.05532  
8549.5  0.05042  
8554.0  0.04618  
8558.5  0.0424  
8562.9  0.03886  
8567.4  0.03577  
8571.900000000001  0.03303  
8576.4  0.03034  
8580.800000000001  0.02806  
8585.3  0.02598  
8589.8  0.02389  
8594.3  0.02203  
8598.7  0.02032  
8603.2  0.01875  
8607.7  0.01741  
8612.2  0.01619  
8616.699999999999  0.01527  
8621.1  0.01458  
8625.599999999999  0.01389  
8630.1  0.01304  
8634.6  0.01216  
8639.0  0.01156  
8643.5  0.01123  
8648.0  0.01075  
8652.5  0.01033  
8657.0  0.01007  
8661.4  0.00972  
8665.9  0.00913  
8670.4  0.00889  
8674.9  0.00893  
8679.400000000001  0.00866  
8683.8  0.00818  
8688.300000000001  0.00785  
8692.8  0.00782  
8697.3  0.00783  
8701.8  0.0077  
8706.3  0.00752  
8710.7  0.00748  
8715.2  0.00738  
8719.7  0.00715  
8724.199999999999  0.00717  
8728.7  0.0074  
8733.2  0.00748  
8737.6  0.00732  
8742.1  0.00692  
8746.6  0.00686  
8751.1  0.00722  
8755.599999999999  0.00747  
8760.1  0.0074  
8764.6  0.00724  
8769.0  0.00726  
8773.5  0.00747  
8778.0  0.00732  
8782.5  0.00709  
8787.0  0.00717  
8791.5  0.00744  
8796.0  0.00753  

