@MEASUREMENT_RADIUS 7.0 cm
#lambda:
#tr:
#end
6251.799999999999  0.00241  
6256.1  0.00241  
6260.4  0.00234  
6264.700000000001  0.00233  
6269.0  0.00242  
6273.3  0.00254  
6277.6  0.00256  
6281.900000000001  0.00246  
6286.2  0.00249  
6290.5  0.00261  
6294.8  0.0026  
6299.099999999999  0.00255  
6303.400000000001  0.00264  
6307.7  0.00268  
6312.0  0.00269  
6316.3  0.00271  
6320.599999999999  0.00272  
6325.0  0.00265  
6329.299999999999  0.00261  
6333.6  0.00269  
6337.9  0.00279  
6342.200000000001  0.00276  
6346.5  0.00265  
6350.8  0.00268  
6355.1  0.00279  
6359.400000000001  0.00281  
6363.7  0.00283  
6368.099999999999  0.00281  
6372.4  0.00274  
6376.7  0.00275  
6381.0  0.00283  
6385.299999999999  0.00288  
6389.6  0.00296  
6393.9  0.00306  
6398.200000000001  0.00295  
6402.6  0.00286  
6406.900000000001  0.00299  
6411.2  0.00308  
6415.5  0.00306  
6419.8  0.00304  
6424.099999999999  0.00308  
6428.5  0.00307  
6432.799999999999  0.00298  
6437.1  0.00304  
6441.4  0.00317  
6445.700000000001  0.00322  
6450.0  0.00316  
6454.400000000001  0.00315  
6458.7  0.00318  
6463.0  0.00319  
6467.3  0.00319  
6471.599999999999  0.00321  
6476.0  0.00333  
6480.299999999999  0.00344  
6484.6  0.00326  
6488.9  0.00312  
6493.3  0.00322  
6497.6  0.0033  
6501.900000000001  0.00325  
6506.2  0.00319  
6510.5  0.00319  
6514.9  0.00317  
6519.2  0.00322  
6523.5  0.00331  
6527.799999999999  0.00329  
6532.200000000001  0.00332  
6536.5  0.0033  
6540.8  0.00319  
6545.2  0.00321  
6549.5  0.00344  
6553.8  0.00354  
6558.099999999999  0.00345  
6562.5  0.0033  
6566.799999999999  0.00334  
6571.1  0.00344  
6575.5  0.00346  
6579.8  0.00338  
6584.099999999999  0.00341  
6588.400000000001  0.00346  
6592.799999999999  0.00352  
6597.1  0.00376  
6601.4  0.00389  
6605.8  0.00374  
6610.1  0.00357  
6614.400000000001  0.00365  
6618.8  0.00384  
6623.099999999999  0.00395  
6627.4  0.00395  
6631.799999999999  0.00393  
6636.1  0.00393  
6640.4  0.00404  
6644.8  0.00416  
6649.099999999999  0.00428  
6653.5  0.00441  
6657.799999999999  0.00441  
6662.1  0.00444  
6666.5  0.00455  
6670.8  0.00461  
6675.1  0.0048  
6679.5  0.00497  
6683.8  0.00507  
6688.200000000001  0.00515  
6692.5  0.00513  
6696.799999999999  0.0051  
6701.2  0.00528  
6705.5  0.00555  
6709.9  0.00574  
6714.2  0.00579  
6718.5  0.00592  
6722.9  0.00614  
6727.200000000001  0.00631  
6731.599999999999  0.00646  
6735.900000000001  0.00666  
6740.299999999999  0.007  
6744.6  0.00734  
6748.9  0.00756  
6753.3  0.00786  
6757.6  0.00827  
6762.0  0.00869  
6766.3  0.00907  
6770.700000000001  0.00947  
6775.0  0.01014  
6779.400000000001  0.01085  
6783.7  0.01129  
6788.099999999999  0.01191  
6792.4  0.01284  
6796.799999999999  0.01386  
6801.1  0.01485  
6805.5  0.01599  
6809.8  0.01742  
6814.2  0.01898  
6818.5  0.02053  
6822.9  0.02239  
6827.200000000001  0.02448  
6831.599999999999  0.0267  
6835.900000000001  0.02921  
6840.299999999999  0.03208  
6844.6  0.03516  
6849.0  0.03853  
6853.3  0.04248  
6857.7  0.04685  
6862.0  0.05145  
6866.4  0.05661  
6870.700000000001  0.06251  
6875.1  0.06879  
6879.5  0.0755  
6883.8  0.08318  
6888.200000000001  0.09184  
6892.5  0.10132  
6896.900000000001  0.11174  
6901.2  0.12307  
6905.599999999999  0.13562  
6910.0  0.14956  
6914.299999999999  0.16484  
6918.7  0.18172  
6923.0  0.20027  
6927.4  0.22025  
6931.799999999999  0.24217  
6936.1  0.26604  
6940.5  0.29151  
6944.8  0.31887  
6949.2  0.34834  
6953.6  0.37951  
6957.9  0.41208  
6962.3  0.44593  
6966.599999999999  0.48078  
6971.0  0.5165  
6975.4  0.55258  
6979.700000000001  0.58829  
6984.099999999999  0.62347  
6988.5  0.65791  
6992.799999999999  0.69113  
6997.200000000001  0.7224  
7001.599999999999  0.75146  
7005.900000000001  0.77882  
7010.299999999999  0.8039  
7014.700000000001  0.82644  
7019.0  0.84663  
7023.400000000001  0.86406  
7027.799999999999  0.87941  
7032.1  0.89293  
7036.5  0.90381  
7040.900000000001  0.91313  
7045.2  0.92187  
7049.6  0.9288  
7054.0  0.93379  
7058.3  0.93833  
7062.7  0.94255  
7067.1  0.94589  
7071.5  0.94857  
7075.8  0.95068  
7080.2  0.95221  
7084.6  0.95389  
7088.9  0.95537  
7093.3  0.95611  
7097.7  0.95688  
7102.1  0.95806  
7106.4  0.95929  
7110.8  0.95986  
7115.2  0.95994  
7119.6  0.96079  
7123.9  0.96203  
7128.3  0.96276  
7132.7  0.96333  
7137.1  0.96417  
7141.4  0.96521  
7145.8  0.96623  
7150.2  0.96688  
7154.6  0.96756  
7159.0  0.96866  
7163.3  0.96913  
7167.7  0.96903  
7172.1  0.96906  
7176.5  0.96917  
7180.900000000001  0.96923  
7185.2  0.96925  
7189.6  0.96943  
7194.0  0.96936  
7198.400000000001  0.96914  
7202.799999999999  0.96865  
7207.1  0.96819  
7211.5  0.96863  
7215.900000000001  0.96879  
7220.299999999999  0.96804  
7224.700000000001  0.96819  
7229.099999999999  0.96926  
7233.400000000001  0.96945  
7237.799999999999  0.96939  
7242.200000000001  0.96997  
7246.599999999999  0.97074  
7251.0  0.97072  
7255.4  0.97037  
7259.700000000001  0.97087  
7264.099999999999  0.97163  
7268.5  0.97168  
7272.9  0.97125  
7277.3  0.97085  
7281.7  0.97089  
7286.1  0.9707  
7290.5  0.96977  
7294.9  0.96897  
7299.2  0.96861  
7303.6  0.96826  
7308.0  0.96769  
7312.4  0.96743  
7316.799999999999  0.96699  
7321.2  0.96624  
7325.599999999999  0.9661  
7330.0  0.9665  
7334.400000000001  0.96708  
7338.8  0.96748  
7343.099999999999  0.9679  
7347.5  0.969  
7351.900000000001  0.9701  
7356.3  0.97046  
7360.700000000001  0.97077  
7365.1  0.97165  
7369.5  0.9724  
7373.9  0.9729  
7378.3  0.97344  
7382.7  0.9736  
7387.1  0.97321  
7391.5  0.97284  
7395.900000000001  0.97297  
7400.299999999999  0.97252  
7404.700000000001  0.97155  
7409.099999999999  0.97068  
7413.5  0.96993  
7417.9  0.96911  
7422.3  0.96813  
7426.7  0.96715  
7431.1  0.96637  
7435.5  0.9657  
7439.9  0.96509  
7444.299999999999  0.96436  
7448.7  0.9635  
7453.099999999999  0.96316  
7457.5  0.96326  
7461.900000000001  0.96341  
7466.3  0.96359  
7470.700000000001  0.96356  
7475.1  0.96343  
7479.5  0.96377  
7483.9  0.96422  
7488.3  0.96452  
7492.7  0.96468  
7497.1  0.96449  
7501.5  0.96428  
7505.900000000001  0.96485  
7510.299999999999  0.96605  
7514.700000000001  0.96653  
7519.099999999999  0.96612  
7523.5  0.96597  
7527.9  0.96641  
7532.3  0.96616  
7536.799999999999  0.96533  
7541.2  0.9654  
7545.599999999999  0.96588  
7550.0  0.96555  
7554.400000000001  0.9649  
7558.8  0.96467  
7563.200000000001  0.96475  
7567.6  0.96441  
7572.0  0.96376  
7576.4  0.96366  
7580.8  0.9637  
7585.299999999999  0.96351  
7589.700000000001  0.96331  
7594.099999999999  0.96298  
7598.5  0.96257  
7602.9  0.96256  
7607.3  0.96243  
7611.7  0.96164  
7616.1  0.96129  
7620.599999999999  0.96129  
7625.0  0.96061  
7629.400000000001  0.9596  
7633.8  0.95863  
7638.200000000001  0.9581  
7642.6  0.95771  
7647.0  0.95658  
7651.5  0.95552  
7655.900000000001  0.95476  
7660.299999999999  0.9539  
7664.700000000001  0.95288  
7669.099999999999  0.95202  
7673.5  0.95179  
7678.0  0.95125  
7682.4  0.94961  
7686.799999999999  0.94789  
7691.2  0.94716  
7695.599999999999  0.94732  
7700.0  0.94767  
7704.5  0.94704  
7708.9  0.94593  
7713.3  0.94569  
7717.7  0.94657  
7722.1  0.9473  
7726.599999999999  0.94686  
7731.0  0.94655  
7735.4  0.948  
7739.8  0.94963  
7744.299999999999  0.94977  
7748.7  0.95002  
7753.099999999999  0.95147  
7757.5  0.95248  
7761.900000000001  0.95275  
7766.4  0.95377  
7770.8  0.95577  
7775.2  0.9576  
7779.6  0.959  
7784.099999999999  0.95992  
7788.5  0.96075  
7792.9  0.96226  
7797.3  0.96334  
7801.799999999999  0.96377  
7806.2  0.96505  
7810.599999999999  0.9664  
7815.0  0.96682  
7819.5  0.96728  
7823.9  0.96769  
7828.3  0.96734  
7832.799999999999  0.96702  
7837.200000000001  0.9673  
7841.599999999999  0.96761  
7846.0  0.96691  
7850.5  0.96589  
7854.9  0.96582  
7859.299999999999  0.96519  
7863.8  0.96394  
7868.200000000001  0.96367  
7872.6  0.96353  
7877.1  0.9627  
7881.5  0.96201  
7885.900000000001  0.96145  
7890.4  0.96061  
7894.8  0.95997  
7899.2  0.95968  
7903.7  0.95956  
7908.099999999999  0.95896  
7912.5  0.95827  
7917.0  0.95842  
7921.4  0.95882  
7925.8  0.95821  
7930.299999999999  0.95761  
7934.700000000001  0.95838  
7939.099999999999  0.95934  
7943.6  0.95926  
7948.0  0.9586  
7952.4  0.95869  
7956.900000000001  0.95927  
7961.3  0.95946  
7965.700000000001  0.95922  
7970.2  0.95917  
7974.6  0.95971  
7979.099999999999  0.96048  
7983.5  0.96074  
7987.9  0.9604  
7992.4  0.96003  
7996.799999999999  0.96022  
8001.3  0.96067  
8005.700000000001  0.96117  
8010.1  0.96147  
8014.6  0.96166  
8019.0  0.96189  
8023.5  0.96175  
8027.9  0.96219  
8032.3  0.96293  
8036.799999999999  0.96343  
8041.2  0.96421  
8045.700000000001  0.9648  
8050.1  0.96531  
8054.6  0.96556  
8059.0  0.96541  
8063.400000000001  0.96606  
8067.9  0.96698  
8072.3  0.96722  
8076.799999999999  0.96768  
8081.2  0.9682  
8085.700000000001  0.96835  
8090.1  0.96828  
8094.6  0.96849  
8099.0  0.96847  
8103.5  0.96809  
8107.9  0.96756  
8112.3  0.96704  
8116.799999999999  0.96624  
8121.2  0.96563  
8125.700000000001  0.96546  
8130.1  0.96451  
8134.6  0.96364  
8139.0  0.96339  
8143.5  0.96296  
8147.9  0.96212  
8152.4  0.9612  
8156.799999999999  0.96015  
8161.3  0.95917  
8165.700000000001  0.95844  
8170.2  0.95774  
8174.6  0.95752  
8179.099999999999  0.95729  
8183.5  0.95735  
8188.0  0.95766  
8192.4  0.95738  
8196.900000000001  0.95731  
8201.4  0.95785  
8205.800000000001  0.95799  
8210.3  0.95787  
8214.7  0.95792  
8219.199999999999  0.9584  
8223.6  0.95917  
8228.099999999999  0.95978  
8232.5  0.96084  
8237.0  0.96179  
8241.4  0.9616  
8245.9  0.96141  
8250.3  0.96237  
8254.8  0.96364  
8259.3  0.96379  
8263.7  0.96305  
8268.2  0.96351  
8272.6  0.96482  
8277.1  0.9652  
8281.5  0.96449  
8286.0  0.96324  
8290.5  0.96298  
8294.9  0.96394  
8299.400000000001  0.96414  
8303.8  0.96374  
8308.300000000001  0.96367  
8312.8  0.96297  
8317.2  0.96127  
8321.699999999999  0.96025  
8326.1  0.96005  
8330.599999999999  0.95894  
8335.1  0.95662  
8339.5  0.95445  
8344.0  0.95338  
8348.4  0.95132  
8352.9  0.9481  
8357.4  0.94511  
8361.8  0.94106  
8366.3  0.93577  
8370.800000000001  0.93015  
8375.2  0.92333  
8379.7  0.9149  
8384.199999999999  0.90543  
8388.6  0.89444  
8393.099999999999  0.88168  
8397.5  0.86761  
8402.0  0.85155  
8406.5  0.83258  
8410.9  0.81125  
8415.4  0.78772  
8419.9  0.76153  
8424.3  0.73394  
8428.8  0.70557  
8433.300000000001  0.67515  
8437.7  0.64182  
8442.2  0.60697  
8446.699999999999  0.57137  
8451.1  0.53509  
8455.599999999999  0.49886  
8460.1  0.46298  
8464.6  0.42713  
8469.0  0.39181  
8473.5  0.35815  
8478.0  0.32685  
8482.4  0.29718  
8486.900000000001  0.26897  
8491.4  0.24287  
8495.800000000001  0.2191  
8500.3  0.19761  
8504.8  0.17809  
8509.3  0.15992  
8513.7  0.14317  
8518.2  0.12814  
8522.7  0.11514  
8527.1  0.10372  
8531.6  0.09339  
8536.1  0.08426  
8540.599999999999  0.07617  
8545.0  0.06914  
8549.5  0.06306  
8554.0  0.05753  
8558.5  0.05243  
8562.9  0.04784  
8567.4  0.04387  
8571.900000000001  0.04044  
8576.4  0.03711  
8580.800000000001  0.0339  
8585.3  0.03106  
8589.8  0.02864  
8594.3  0.02647  
8598.7  0.02427  
8603.2  0.02226  
8607.7  0.02065  
8612.2  0.01936  
8616.699999999999  0.01814  
8621.1  0.01676  
8625.599999999999  0.01564  
8630.1  0.01494  
8634.6  0.01434  
8639.0  0.01351  
8643.5  0.01293  
8648.0  0.01249  
8652.5  0.01196  
8657.0  0.01136  
8661.4  0.01078  
8665.9  0.01015  
8670.4  0.00962  
8674.9  0.00942  
8679.400000000001  0.00931  
8683.8  0.00892  
8688.300000000001  0.00863  
8692.8  0.00845  
8697.3  0.0081  
8701.8  0.00771  
8706.3  0.00775  
8710.7  0.00802  
8715.2  0.00789  
8719.7  0.00765  
8724.199999999999  0.00761  
8728.7  0.00759  
8733.2  0.00744  
8737.6  0.00732  
8742.1  0.00726  
8746.6  0.00724  
8751.1  0.0071  
8755.599999999999  0.00712  
8760.1  0.00723  
8764.6  0.00734  
8769.0  0.00735  
8773.5  0.00736  
8778.0  0.00727  
8782.5  0.00708  
8787.0  0.0071  
8791.5  0.00751  
8796.0  0.0077  

