@MEASUREMENT_RADIUS 8.0 cm
#lambda:
#tr:
#end
6251.799999999999  0.00227  
6256.1  0.00233  
6260.4  0.00246  
6264.700000000001  0.0025  
6269.0  0.00252  
6273.3  0.00256  
6277.6  0.00246  
6281.900000000001  0.00239  
6286.2  0.00256  
6290.5  0.00269  
6294.8  0.00265  
6299.099999999999  0.00256  
6303.400000000001  0.00248  
6307.7  0.0025  
6312.0  0.00272  
6316.3  0.00271  
6320.599999999999  0.00252  
6325.0  0.00257  
6329.299999999999  0.00274  
6333.6  0.00271  
6337.9  0.00262  
6342.200000000001  0.00264  
6346.5  0.00271  
6350.8  0.00279  
6355.1  0.00278  
6359.400000000001  0.00266  
6363.7  0.00267  
6368.099999999999  0.00283  
6372.4  0.00298  
6376.7  0.00296  
6381.0  0.00278  
6385.299999999999  0.00275  
6389.6  0.00299  
6393.9  0.00306  
6398.200000000001  0.00292  
6402.6  0.00297  
6406.900000000001  0.0031  
6411.2  0.00306  
6415.5  0.00303  
6419.8  0.00304  
6424.099999999999  0.00301  
6428.5  0.00306  
6432.799999999999  0.00312  
6437.1  0.00313  
6441.4  0.00308  
6445.700000000001  0.00305  
6450.0  0.00312  
6454.400000000001  0.00316  
6458.7  0.00311  
6463.0  0.00319  
6467.3  0.00325  
6471.599999999999  0.00316  
6476.0  0.00312  
6480.299999999999  0.00315  
6484.6  0.00318  
6488.9  0.00323  
6493.3  0.00326  
6497.6  0.00327  
6501.900000000001  0.00327  
6506.2  0.00313  
6510.5  0.003  
6514.9  0.00311  
6519.2  0.00332  
6523.5  0.00329  
6527.799999999999  0.00312  
6532.200000000001  0.00308  
6536.5  0.00317  
6540.8  0.0033  
6545.2  0.00348  
6549.5  0.00354  
6553.8  0.00338  
6558.099999999999  0.00335  
6562.5  0.00339  
6566.799999999999  0.00333  
6571.1  0.00328  
6575.5  0.00339  
6579.8  0.0036  
6584.099999999999  0.00365  
6588.400000000001  0.00355  
6592.799999999999  0.00355  
6597.1  0.00357  
6601.4  0.00355  
6605.8  0.00369  
6610.1  0.00385  
6614.400000000001  0.00385  
6618.8  0.00387  
6623.099999999999  0.00403  
6627.4  0.00403  
6631.799999999999  0.00398  
6636.1  0.00401  
6640.4  0.00402  
6644.8  0.00395  
6649.099999999999  0.00399  
6653.5  0.00417  
6657.799999999999  0.00435  
6662.1  0.00442  
6666.5  0.00458  
6670.8  0.00463  
6675.1  0.00458  
6679.5  0.00463  
6683.8  0.00484  
6688.200000000001  0.00498  
6692.5  0.00508  
6696.799999999999  0.00521  
6701.2  0.00532  
6705.5  0.00545  
6709.9  0.00557  
6714.2  0.00567  
6718.5  0.00584  
6722.9  0.00599  
6727.200000000001  0.00624  
6731.599999999999  0.00653  
6735.900000000001  0.00673  
6740.299999999999  0.00681  
6744.6  0.00698  
6748.9  0.00738  
6753.3  0.00776  
6757.6  0.00801  
6762.0  0.00826  
6766.3  0.00861  
6770.700000000001  0.00905  
6775.0  0.00961  
6779.400000000001  0.01028  
6783.7  0.01098  
6788.099999999999  0.01167  
6792.4  0.01239  
6796.799999999999  0.01316  
6801.1  0.01409  
6805.5  0.01528  
6809.8  0.01652  
6814.2  0.01784  
6818.5  0.01947  
6822.9  0.02133  
6827.200000000001  0.02316  
6831.599999999999  0.02517  
6835.900000000001  0.02751  
6840.299999999999  0.03016  
6844.6  0.03311  
6849.0  0.03648  
6853.3  0.04011  
6857.7  0.04408  
6862.0  0.04854  
6866.4  0.05343  
6870.700000000001  0.05874  
6875.1  0.06467  
6879.5  0.07138  
6883.8  0.07877  
6888.200000000001  0.08674  
6892.5  0.09532  
6896.900000000001  0.10508  
6901.2  0.11601  
6905.599999999999  0.12785  
6910.0  0.14081  
6914.299999999999  0.15534  
6918.7  0.17134  
6923.0  0.18864  
6927.4  0.20741  
6931.799999999999  0.22803  
6936.1  0.25059  
6940.5  0.27494  
6944.8  0.30124  
6949.2  0.32952  
6953.6  0.35953  
6957.9  0.39141  
6962.3  0.42477  
6966.599999999999  0.4588  
6971.0  0.49353  
6975.4  0.5292  
6979.700000000001  0.56552  
6984.099999999999  0.60138  
6988.5  0.63586  
6992.799999999999  0.6693  
6997.200000000001  0.7018  
7001.599999999999  0.73267  
7005.900000000001  0.76157  
7010.299999999999  0.78826  
7014.700000000001  0.81255  
7019.0  0.83383  
7023.400000000001  0.85251  
7027.799999999999  0.86952  
7032.1  0.88425  
7036.5  0.89646  
7040.900000000001  0.90722  
7045.2  0.91671  
7049.6  0.9243  
7054.0  0.9302  
7058.3  0.93537  
7062.7  0.94027  
7067.1  0.94415  
7071.5  0.94694  
7075.8  0.94951  
7080.2  0.95193  
7084.6  0.95336  
7088.9  0.95428  
7093.3  0.95581  
7097.7  0.95725  
7102.1  0.9579  
7106.4  0.9587  
7110.8  0.95978  
7115.2  0.96068  
7119.6  0.96141  
7123.9  0.96181  
7128.3  0.96203  
7132.7  0.96265  
7137.1  0.96359  
7141.4  0.96458  
7145.8  0.96541  
7150.2  0.96584  
7154.6  0.96662  
7159.0  0.96767  
7163.3  0.96796  
7167.7  0.96795  
7172.1  0.96803  
7176.5  0.96824  
7180.900000000001  0.96846  
7185.2  0.96847  
7189.6  0.96853  
7194.0  0.96861  
7198.400000000001  0.96828  
7202.799999999999  0.96779  
7207.1  0.96823  
7211.5  0.96884  
7215.900000000001  0.96836  
7220.299999999999  0.96776  
7224.700000000001  0.96854  
7229.099999999999  0.96947  
7233.400000000001  0.96934  
7237.799999999999  0.96969  
7242.200000000001  0.97048  
7246.599999999999  0.97085  
7251.0  0.97085  
7255.4  0.97102  
7259.700000000001  0.97104  
7264.099999999999  0.97083  
7268.5  0.97131  
7272.9  0.97179  
7277.3  0.97092  
7281.7  0.96976  
7286.1  0.96947  
7290.5  0.96932  
7294.9  0.96873  
7299.2  0.96787  
7303.6  0.9674  
7308.0  0.96698  
7312.4  0.9667  
7316.799999999999  0.96677  
7321.2  0.96665  
7325.599999999999  0.96612  
7330.0  0.96603  
7334.400000000001  0.96702  
7338.8  0.96779  
7343.099999999999  0.96767  
7347.5  0.96804  
7351.900000000001  0.96893  
7356.3  0.96978  
7360.700000000001  0.97092  
7365.1  0.97168  
7369.5  0.97166  
7373.9  0.97217  
7378.3  0.97286  
7382.7  0.97286  
7387.1  0.97306  
7391.5  0.97344  
7395.900000000001  0.97323  
7400.299999999999  0.97244  
7404.700000000001  0.97154  
7409.099999999999  0.97068  
7413.5  0.96948  
7417.9  0.96823  
7422.3  0.9678  
7426.7  0.96799  
7431.1  0.96735  
7435.5  0.96562  
7439.9  0.96428  
7444.299999999999  0.96401  
7448.7  0.96386  
7453.099999999999  0.96342  
7457.5  0.96299  
7461.900000000001  0.96286  
7466.3  0.96322  
7470.700000000001  0.96366  
7475.1  0.96334  
7479.5  0.96299  
7483.9  0.96355  
7488.3  0.96448  
7492.7  0.965  
7497.1  0.9648  
7501.5  0.96415  
7505.900000000001  0.96441  
7510.299999999999  0.96548  
7514.700000000001  0.96555  
7519.099999999999  0.96525  
7523.5  0.96572  
7527.9  0.96602  
7532.3  0.96543  
7536.799999999999  0.96496  
7541.2  0.96544  
7545.599999999999  0.96592  
7550.0  0.96558  
7554.400000000001  0.96496  
7558.8  0.96476  
7563.200000000001  0.96481  
7567.6  0.96435  
7572.0  0.964  
7576.4  0.96437  
7580.8  0.96407  
7585.299999999999  0.9635  
7589.700000000001  0.96341  
7594.099999999999  0.96312  
7598.5  0.96295  
7602.9  0.96315  
7607.3  0.96313  
7611.7  0.96275  
7616.1  0.96219  
7620.599999999999  0.96179  
7625.0  0.96127  
7629.400000000001  0.96021  
7633.8  0.95955  
7638.200000000001  0.95915  
7642.6  0.95823  
7647.0  0.95711  
7651.5  0.9566  
7655.900000000001  0.95607  
7660.299999999999  0.95487  
7664.700000000001  0.95325  
7669.099999999999  0.95192  
7673.5  0.95135  
7678.0  0.95107  
7682.4  0.95036  
7686.799999999999  0.94923  
7691.2  0.94801  
7695.599999999999  0.94715  
7700.0  0.94682  
7704.5  0.94661  
7708.9  0.94607  
7713.3  0.94536  
7717.7  0.94507  
7722.1  0.94553  
7726.599999999999  0.9464  
7731.0  0.94655  
7735.4  0.9467  
7739.8  0.94803  
7744.299999999999  0.94862  
7748.7  0.94844  
7753.099999999999  0.95  
7757.5  0.95149  
7761.900000000001  0.95162  
7766.4  0.9528  
7770.8  0.95483  
7775.2  0.95625  
7779.6  0.95745  
7784.099999999999  0.95855  
7788.5  0.96002  
7792.9  0.96173  
7797.3  0.96274  
7801.799999999999  0.96343  
7806.2  0.96398  
7810.599999999999  0.96433  
7815.0  0.96571  
7819.5  0.96766  
7823.9  0.9683  
7828.3  0.96764  
7832.799999999999  0.96699  
7837.200000000001  0.96729  
7841.599999999999  0.96778  
7846.0  0.96714  
7850.5  0.96603  
7854.9  0.966  
7859.299999999999  0.96623  
7863.8  0.96506  
7868.200000000001  0.96351  
7872.6  0.96322  
7877.1  0.96318  
7881.5  0.9622  
7885.900000000001  0.96073  
7890.4  0.95993  
7894.8  0.96012  
7899.2  0.95969  
7903.7  0.95881  
7908.099999999999  0.95843  
7912.5  0.95818  
7917.0  0.95811  
7921.4  0.95819  
7925.8  0.95766  
7930.299999999999  0.95734  
7934.700000000001  0.95757  
7939.099999999999  0.95776  
7943.6  0.9578  
7948.0  0.95788  
7952.4  0.95802  
7956.900000000001  0.9579  
7961.3  0.95808  
7965.700000000001  0.95831  
7970.2  0.95839  
7974.6  0.95899  
7979.099999999999  0.95937  
7983.5  0.95931  
7987.9  0.95956  
7992.4  0.9601  
7996.799999999999  0.95989  
8001.3  0.95924  
8005.700000000001  0.95962  
8010.1  0.96094  
8014.6  0.96166  
8019.0  0.9613  
8023.5  0.96121  
8027.9  0.96242  
8032.3  0.96297  
8036.799999999999  0.96274  
8041.2  0.96364  
8045.700000000001  0.96488  
8050.1  0.96506  
8054.6  0.96461  
8059.0  0.96474  
8063.400000000001  0.96545  
8067.9  0.96592  
8072.3  0.96655  
8076.799999999999  0.96801  
8081.2  0.96885  
8085.700000000001  0.968  
8090.1  0.9671  
8094.6  0.96755  
8099.0  0.9678  
8103.5  0.96786  
8107.9  0.96821  
8112.3  0.96785  
8116.799999999999  0.96652  
8121.2  0.96577  
8125.700000000001  0.9656  
8130.1  0.96457  
8134.6  0.96358  
8139.0  0.96293  
8143.5  0.96222  
8147.9  0.96134  
8152.4  0.96047  
8156.799999999999  0.95965  
8161.3  0.95885  
8165.700000000001  0.95827  
8170.2  0.95769  
8174.6  0.95681  
8179.099999999999  0.95626  
8183.5  0.95677  
8188.0  0.95699  
8192.4  0.9563  
8196.900000000001  0.95617  
8201.4  0.9566  
8205.800000000001  0.95674  
8210.3  0.95698  
8214.7  0.95744  
8219.199999999999  0.95749  
8223.6  0.95779  
8228.099999999999  0.95911  
8232.5  0.96013  
8237.0  0.96002  
8241.4  0.95996  
8245.9  0.96058  
8250.3  0.96171  
8254.8  0.96276  
8259.3  0.96335  
8263.7  0.96337  
8268.2  0.9634  
8272.6  0.96348  
8277.1  0.96344  
8281.5  0.96361  
8286.0  0.96374  
8290.5  0.96392  
8294.9  0.96397  
8299.400000000001  0.96337  
8303.8  0.96347  
8308.300000000001  0.96406  
8312.8  0.96359  
8317.2  0.96238  
8321.699999999999  0.96155  
8326.1  0.96111  
8330.599999999999  0.96006  
8335.1  0.95823  
8339.5  0.95691  
8344.0  0.95653  
8348.4  0.95492  
8352.9  0.95217  
8357.4  0.94984  
8361.8  0.94674  
8366.3  0.94251  
8370.800000000001  0.93803  
8375.2  0.93284  
8379.7  0.9265  
8384.199999999999  0.91938  
8388.6  0.91101  
8393.099999999999  0.90073  
8397.5  0.88884  
8402.0  0.87534  
8406.5  0.85933  
8410.9  0.84127  
8415.4  0.82159  
8419.9  0.79945  
8424.3  0.77469  
8428.8  0.74842  
8433.300000000001  0.72055  
8437.7  0.69034  
8442.2  0.65818  
8446.699999999999  0.62396  
8451.1  0.58889  
8455.599999999999  0.55366  
8460.1  0.51767  
8464.6  0.48145  
8469.0  0.44574  
8473.5  0.41052  
8478.0  0.37616  
8482.4  0.34354  
8486.900000000001  0.31279  
8491.4  0.28359  
8495.800000000001  0.2565  
8500.3  0.23194  
8504.8  0.20941  
8509.3  0.18854  
8513.7  0.16928  
8518.2  0.15152  
8522.7  0.13594  
8527.1  0.12233  
8531.6  0.11033  
8536.1  0.09969  
8540.599999999999  0.08981  
8545.0  0.08108  
8549.5  0.07348  
8554.0  0.06666  
8558.5  0.06087  
8562.9  0.05582  
8567.4  0.05092  
8571.900000000001  0.04638  
8576.4  0.04222  
8580.800000000001  0.03877  
8585.3  0.03589  
8589.8  0.03283  
8594.3  0.02976  
8598.7  0.02732  
8603.2  0.02532  
8607.7  0.0234  
8612.2  0.02167  
8616.699999999999  0.02024  
8621.1  0.01901  
8625.599999999999  0.01799  
8630.1  0.01697  
8634.6  0.01592  
8639.0  0.015  
8643.5  0.01415  
8648.0  0.0134  
8652.5  0.01284  
8657.0  0.01211  
8661.4  0.01135  
8665.9  0.0108  
8670.4  0.01049  
8674.9  0.01023  
8679.400000000001  0.00984  
8683.8  0.00949  
8688.300000000001  0.00932  
8692.8  0.00908  
8697.3  0.00873  
8701.8  0.00837  
8706.3  0.00808  
8710.7  0.00815  
8715.2  0.00853  
8719.7  0.00851  
8724.199999999999  0.00807  
8728.7  0.00777  
8733.2  0.00745  
8737.6  0.00725  
8742.1  0.00742  
8746.6  0.00769  
8751.1  0.00761  
8755.599999999999  0.00736  
8760.1  0.00735  
8764.6  0.00743  
8769.0  0.00733  
8773.5  0.00736  
8778.0  0.00757  
8782.5  0.0078  
8787.0  0.00774  
8791.5  0.00745  
8796.0  0.00728  

