@MEASUREMENT_RADIUS 9.0 cm
#lambda:
#tr:
#end
6251.799999999999  0.0025  
6256.1  0.00238  
6260.4  0.00234  
6264.700000000001  0.00234  
6269.0  0.00243  
6273.3  0.00254  
6277.6  0.00259  
6281.900000000001  0.00261  
6286.2  0.00254  
6290.5  0.0025  
6294.8  0.00254  
6299.099999999999  0.00255  
6303.400000000001  0.00258  
6307.7  0.00261  
6312.0  0.0027  
6316.3  0.00275  
6320.599999999999  0.00272  
6325.0  0.00269  
6329.299999999999  0.00271  
6333.6  0.00274  
6337.9  0.00276  
6342.200000000001  0.00274  
6346.5  0.00276  
6350.8  0.00281  
6355.1  0.00271  
6359.400000000001  0.00268  
6363.7  0.00281  
6368.099999999999  0.00285  
6372.4  0.00285  
6376.7  0.00287  
6381.0  0.00283  
6385.299999999999  0.00279  
6389.6  0.00286  
6393.9  0.00294  
6398.200000000001  0.00302  
6402.6  0.00308  
6406.900000000001  0.003  
6411.2  0.00293  
6415.5  0.00301  
6419.8  0.00316  
6424.099999999999  0.0032  
6428.5  0.00312  
6432.799999999999  0.00302  
6437.1  0.00305  
6441.4  0.00321  
6445.700000000001  0.00321  
6450.0  0.00315  
6454.400000000001  0.00313  
6458.7  0.00309  
6463.0  0.00312  
6467.3  0.00315  
6471.599999999999  0.00317  
6476.0  0.0032  
6480.299999999999  0.00316  
6484.6  0.00311  
6488.9  0.00309  
6493.3  0.00313  
6497.6  0.00319  
6501.900000000001  0.00325  
6506.2  0.00327  
6510.5  0.00325  
6514.9  0.00327  
6519.2  0.00337  
6523.5  0.00337  
6527.799999999999  0.00323  
6532.200000000001  0.00314  
6536.5  0.00324  
6540.8  0.00338  
6545.2  0.00334  
6549.5  0.00331  
6553.8  0.00331  
6558.099999999999  0.00331  
6562.5  0.00332  
6566.799999999999  0.0034  
6571.1  0.00346  
6575.5  0.00344  
6579.8  0.00341  
6584.099999999999  0.00347  
6588.400000000001  0.00358  
6592.799999999999  0.00361  
6597.1  0.00355  
6601.4  0.00357  
6605.8  0.0036  
6610.1  0.00365  
6614.400000000001  0.00381  
6618.8  0.00397  
6623.099999999999  0.00389  
6627.4  0.00382  
6631.799999999999  0.00399  
6636.1  0.0041  
6640.4  0.00408  
6644.8  0.0041  
6649.099999999999  0.00424  
6653.5  0.00445  
6657.799999999999  0.00457  
6662.1  0.00451  
6666.5  0.00451  
6670.8  0.00461  
6675.1  0.00478  
6679.5  0.00498  
6683.8  0.00501  
6688.200000000001  0.00493  
6692.5  0.00512  
6696.799999999999  0.00534  
6701.2  0.00544  
6705.5  0.0055  
6709.9  0.00566  
6714.2  0.00586  
6718.5  0.00596  
6722.9  0.00616  
6727.200000000001  0.00646  
6731.599999999999  0.00658  
6735.900000000001  0.00663  
6740.299999999999  0.00692  
6744.6  0.00731  
6748.9  0.00759  
6753.3  0.00786  
6757.6  0.00829  
6762.0  0.00868  
6766.3  0.00894  
6770.700000000001  0.00944  
6775.0  0.01016  
6779.400000000001  0.01076  
6783.7  0.01129  
6788.099999999999  0.012  
6792.4  0.0129  
6796.799999999999  0.01387  
6801.1  0.0149  
6805.5  0.01617  
6809.8  0.01756  
6814.2  0.019  
6818.5  0.02054  
6822.9  0.0223  
6827.200000000001  0.02448  
6831.599999999999  0.02695  
6835.900000000001  0.02943  
6840.299999999999  0.03217  
6844.6  0.0354  
6849.0  0.03907  
6853.3  0.04289  
6857.7  0.04691  
6862.0  0.05159  
6866.4  0.05703  
6870.700000000001  0.06302  
6875.1  0.06946  
6879.5  0.07638  
6883.8  0.08416  
6888.200000000001  0.0929  
6892.5  0.10232  
6896.900000000001  0.11252  
6901.2  0.12386  
6905.599999999999  0.13652  
6910.0  0.15047  
6914.299999999999  0.16601  
6918.7  0.18312  
6923.0  0.20155  
6927.4  0.22147  
6931.799999999999  0.24352  
6936.1  0.26761  
6940.5  0.29327  
6944.8  0.32062  
6949.2  0.3501  
6953.6  0.38145  
6957.9  0.41425  
6962.3  0.4483  
6966.599999999999  0.48321  
6971.0  0.51879  
6975.4  0.55469  
6979.700000000001  0.59095  
6984.099999999999  0.62663  
6988.5  0.66061  
6992.799999999999  0.69335  
6997.200000000001  0.7247  
7001.599999999999  0.75379  
7005.900000000001  0.78091  
7010.299999999999  0.80626  
7014.700000000001  0.82893  
7019.0  0.84852  
7023.400000000001  0.86578  
7027.799999999999  0.88107  
7032.1  0.89399  
7036.5  0.90453  
7040.900000000001  0.91425  
7045.2  0.9231  
7049.6  0.92982  
7054.0  0.935  
7058.3  0.93961  
7062.7  0.94368  
7067.1  0.94691  
7071.5  0.94929  
7075.8  0.95165  
7080.2  0.95406  
7084.6  0.95564  
7088.9  0.95595  
7093.3  0.95616  
7097.7  0.95736  
7102.1  0.95872  
7106.4  0.95978  
7110.8  0.96062  
7115.2  0.96117  
7119.6  0.96188  
7123.9  0.9627  
7128.3  0.96303  
7132.7  0.96304  
7137.1  0.96343  
7141.4  0.96446  
7145.8  0.96533  
7150.2  0.96575  
7154.6  0.96647  
7159.0  0.96752  
7163.3  0.96763  
7167.7  0.96714  
7172.1  0.96706  
7176.5  0.96714  
7180.900000000001  0.96751  
7185.2  0.96831  
7189.6  0.96838  
7194.0  0.9678  
7198.400000000001  0.96794  
7202.799999999999  0.96822  
7207.1  0.9681  
7211.5  0.96841  
7215.900000000001  0.96872  
7220.299999999999  0.96839  
7224.700000000001  0.96882  
7229.099999999999  0.97  
7233.400000000001  0.9701  
7237.799999999999  0.96984  
7242.200000000001  0.97051  
7246.599999999999  0.97117  
7251.0  0.97101  
7255.4  0.97086  
7259.700000000001  0.97079  
7264.099999999999  0.9707  
7268.5  0.97082  
7272.9  0.9707  
7277.3  0.97002  
7281.7  0.96904  
7286.1  0.96829  
7290.5  0.96779  
7294.9  0.96735  
7299.2  0.96705  
7303.6  0.96656  
7308.0  0.96591  
7312.4  0.96595  
7316.799999999999  0.96648  
7321.2  0.96671  
7325.599999999999  0.96657  
7330.0  0.96637  
7334.400000000001  0.96699  
7338.8  0.96824  
7343.099999999999  0.96868  
7347.5  0.96903  
7351.900000000001  0.97011  
7356.3  0.97086  
7360.700000000001  0.97139  
7365.1  0.9726  
7369.5  0.97324  
7373.9  0.97284  
7378.3  0.97291  
7382.7  0.97339  
7387.1  0.97339  
7391.5  0.97262  
7395.900000000001  0.97192  
7400.299999999999  0.97166  
7404.700000000001  0.97084  
7409.099999999999  0.96917  
7413.5  0.96786  
7417.9  0.96752  
7422.3  0.96741  
7426.7  0.96661  
7431.1  0.96539  
7435.5  0.96443  
7439.9  0.96404  
7444.299999999999  0.96387  
7448.7  0.96355  
7453.099999999999  0.9634  
7457.5  0.96309  
7461.900000000001  0.96275  
7466.3  0.96306  
7470.700000000001  0.96357  
7475.1  0.96337  
7479.5  0.96322  
7483.9  0.96407  
7488.3  0.96527  
7492.7  0.96559  
7497.1  0.96507  
7501.5  0.96439  
7505.900000000001  0.96454  
7510.299999999999  0.96518  
7514.700000000001  0.96534  
7519.099999999999  0.96561  
7523.5  0.96566  
7527.9  0.96506  
7532.3  0.96469  
7536.799999999999  0.96483  
7541.2  0.96481  
7545.599999999999  0.96462  
7550.0  0.96469  
7554.400000000001  0.96433  
7558.8  0.96386  
7563.200000000001  0.96418  
7567.6  0.96416  
7572.0  0.96402  
7576.4  0.96473  
7580.8  0.96438  
7585.299999999999  0.96315  
7589.700000000001  0.96342  
7594.099999999999  0.96401  
7598.5  0.96368  
7602.9  0.96327  
7607.3  0.96306  
7611.7  0.96268  
7616.1  0.96232  
7620.599999999999  0.96222  
7625.0  0.96193  
7629.400000000001  0.96073  
7633.8  0.95912  
7638.200000000001  0.95812  
7642.6  0.9575  
7647.0  0.95669  
7651.5  0.95623  
7655.900000000001  0.95544  
7660.299999999999  0.95383  
7664.700000000001  0.95237  
7669.099999999999  0.95138  
7673.5  0.95065  
7678.0  0.94983  
7682.4  0.94877  
7686.799999999999  0.94778  
7691.2  0.94695  
7695.599999999999  0.94648  
7700.0  0.94624  
7704.5  0.94545  
7708.9  0.94467  
7713.3  0.94473  
7717.7  0.94503  
7722.1  0.94532  
7726.599999999999  0.94594  
7731.0  0.9463  
7735.4  0.94691  
7739.8  0.94786  
7744.299999999999  0.94822  
7748.7  0.94905  
7753.099999999999  0.95099  
7757.5  0.95221  
7761.900000000001  0.95248  
7766.4  0.95358  
7770.8  0.95595  
7775.2  0.95783  
7779.6  0.95878  
7784.099999999999  0.95958  
7788.5  0.96083  
7792.9  0.96234  
7797.3  0.96318  
7801.799999999999  0.96385  
7806.2  0.96516  
7810.599999999999  0.96637  
7815.0  0.96708  
7819.5  0.96742  
7823.9  0.96734  
7828.3  0.96717  
7832.799999999999  0.96772  
7837.200000000001  0.96763  
7841.599999999999  0.96667  
7846.0  0.96558  
7850.5  0.9649  
7854.9  0.96535  
7859.299999999999  0.96504  
7863.8  0.96324  
7868.200000000001  0.96221  
7872.6  0.96242  
7877.1  0.96223  
7881.5  0.96119  
7885.900000000001  0.95991  
7890.4  0.95917  
7894.8  0.95923  
7899.2  0.95894  
7903.7  0.95845  
7908.099999999999  0.95773  
7912.5  0.95703  
7917.0  0.95748  
7921.4  0.95794  
7925.8  0.95712  
7930.299999999999  0.95655  
7934.700000000001  0.95698  
7939.099999999999  0.95755  
7943.6  0.95774  
7948.0  0.95744  
7952.4  0.9573  
7956.900000000001  0.95742  
7961.3  0.95785  
7965.700000000001  0.95882  
7970.2  0.95915  
7974.6  0.95841  
7979.099999999999  0.95827  
7983.5  0.95869  
7987.9  0.959  
7992.4  0.9593  
7996.799999999999  0.95916  
8001.3  0.95931  
8005.700000000001  0.96  
8010.1  0.96042  
8014.6  0.96084  
8019.0  0.96155  
8023.5  0.96151  
8027.9  0.96171  
8032.3  0.96281  
8036.799999999999  0.96382  
8041.2  0.96461  
8045.700000000001  0.96512  
8050.1  0.96521  
8054.6  0.96531  
8059.0  0.96601  
8063.400000000001  0.96725  
8067.9  0.9678  
8072.3  0.96761  
8076.799999999999  0.96787  
8081.2  0.9681  
8085.700000000001  0.96824  
8090.1  0.96835  
8094.6  0.96841  
8099.0  0.96784  
8103.5  0.96694  
8107.9  0.96674  
8112.3  0.96658  
8116.799999999999  0.96537  
8121.2  0.96463  
8125.700000000001  0.96441  
8130.1  0.96355  
8134.6  0.96284  
8139.0  0.96175  
8143.5  0.96028  
8147.9  0.9593  
8152.4  0.95915  
8156.799999999999  0.95911  
8161.3  0.95839  
8165.700000000001  0.95773  
8170.2  0.95709  
8174.6  0.95621  
8179.099999999999  0.95535  
8183.5  0.95568  
8188.0  0.95649  
8192.4  0.95637  
8196.900000000001  0.95599  
8201.4  0.95624  
8205.800000000001  0.95692  
8210.3  0.95718  
8214.7  0.95704  
8219.199999999999  0.95748  
8223.6  0.9585  
8228.099999999999  0.9596  
8232.5  0.96025  
8237.0  0.96084  
8241.4  0.96148  
8245.9  0.96148  
8250.3  0.96156  
8254.8  0.96249  
8259.3  0.96338  
8263.7  0.96311  
8268.2  0.96276  
8272.6  0.96318  
8277.1  0.96389  
8281.5  0.96372  
8286.0  0.96276  
8290.5  0.96294  
8294.9  0.96351  
8299.400000000001  0.96345  
8303.8  0.96354  
8308.300000000001  0.96325  
8312.8  0.96209  
8317.2  0.96089  
8321.699999999999  0.96098  
8326.1  0.96116  
8330.599999999999  0.96  
8335.1  0.95823  
8339.5  0.95689  
8344.0  0.95621  
8348.4  0.95488  
8352.9  0.95202  
8357.4  0.94869  
8361.8  0.94559  
8366.3  0.94258  
8370.800000000001  0.93867  
8375.2  0.93337  
8379.7  0.92743  
8384.199999999999  0.92058  
8388.6  0.91179  
8393.099999999999  0.90134  
8397.5  0.88955  
8402.0  0.87592  
8406.5  0.86009  
8410.9  0.84225  
8415.4  0.82201  
8419.9  0.79957  
8424.3  0.77545  
8428.8  0.74943  
8433.300000000001  0.72109  
8437.7  0.68954  
8442.2  0.65613  
8446.699999999999  0.6222  
8451.1  0.58739  
8455.599999999999  0.5516  
8460.1  0.51496  
8464.6  0.47866  
8469.0  0.44299  
8473.5  0.40735  
8478.0  0.37305  
8482.4  0.34079  
8486.900000000001  0.31001  
8491.4  0.28089  
8495.800000000001  0.25409  
8500.3  0.22933  
8504.8  0.20673  
8509.3  0.18627  
8513.7  0.16743  
8518.2  0.1502  
8522.7  0.13459  
8527.1  0.12074  
8531.6  0.10899  
8536.1  0.09855  
8540.599999999999  0.08881  
8545.0  0.0804  
8549.5  0.07308  
8554.0  0.06629  
8558.5  0.06021  
8562.9  0.05485  
8567.4  0.05012  
8571.900000000001  0.04594  
8576.4  0.04213  
8580.800000000001  0.0387  
8585.3  0.03551  
8589.8  0.03241  
8594.3  0.02964  
8598.7  0.02733  
8603.2  0.02539  
8607.7  0.02344  
8612.2  0.02162  
8616.699999999999  0.02022  
8621.1  0.01894  
8625.599999999999  0.0178  
8630.1  0.0168  
8634.6  0.0159  
8639.0  0.01484  
8643.5  0.01398  
8648.0  0.01326  
8652.5  0.01259  
8657.0  0.01214  
8661.4  0.01154  
8665.9  0.01067  
8670.4  0.01028  
8674.9  0.01015  
8679.400000000001  0.00979  
8683.8  0.00946  
8688.300000000001  0.00907  
8692.8  0.00884  
8697.3  0.00891  
8701.8  0.00866  
8706.3  0.00824  
8710.7  0.00841  
8715.2  0.00843  
8719.7  0.00801  
8724.199999999999  0.00784  
8728.7  0.00788  
8733.2  0.00776  
8737.6  0.00781  
8742.1  0.00781  
8746.6  0.00763  
8751.1  0.00767  
8755.599999999999  0.00783  
8760.1  0.00761  
8764.6  0.00753  
8769.0  0.00778  
8773.5  0.00786  
8778.0  0.0077  
8782.5  0.00753  
8787.0  0.00746  
8791.5  0.00776  
8796.0  0.00782  

