@MEASUREMENT_RADIUS 10.0 cm
#lambda:
#tr:
#end
6251.799999999999  0.00249  
6256.1  0.00248  
6260.4  0.00235  
6264.700000000001  0.00231  
6269.0  0.00247  
6273.3  0.00259  
6277.6  0.00263  
6281.900000000001  0.00257  
6286.2  0.0025  
6290.5  0.00254  
6294.8  0.00265  
6299.099999999999  0.00275  
6303.400000000001  0.00284  
6307.7  0.00278  
6312.0  0.0027  
6316.3  0.0027  
6320.599999999999  0.00276  
6325.0  0.00282  
6329.299999999999  0.00275  
6333.6  0.00269  
6337.9  0.0028  
6342.200000000001  0.00277  
6346.5  0.00276  
6350.8  0.00286  
6355.1  0.00287  
6359.400000000001  0.00285  
6363.7  0.00282  
6368.099999999999  0.0028  
6372.4  0.00288  
6376.7  0.00288  
6381.0  0.00286  
6385.299999999999  0.00284  
6389.6  0.0029  
6393.9  0.00304  
6398.200000000001  0.003  
6402.6  0.00285  
6406.900000000001  0.00284  
6411.2  0.00303  
6415.5  0.00316  
6419.8  0.00319  
6424.099999999999  0.00315  
6428.5  0.00307  
6432.799999999999  0.00307  
6437.1  0.00322  
6441.4  0.00326  
6445.700000000001  0.00316  
6450.0  0.0031  
6454.400000000001  0.00318  
6458.7  0.00318  
6463.0  0.00315  
6467.3  0.00313  
6471.599999999999  0.00318  
6476.0  0.00319  
6480.299999999999  0.00321  
6484.6  0.00328  
6488.9  0.00324  
6493.3  0.00315  
6497.6  0.00313  
6501.900000000001  0.00314  
6506.2  0.00316  
6510.5  0.00328  
6514.9  0.00331  
6519.2  0.00327  
6523.5  0.00333  
6527.799999999999  0.00341  
6532.200000000001  0.00334  
6536.5  0.00319  
6540.8  0.00324  
6545.2  0.00334  
6549.5  0.0034  
6553.8  0.00336  
6558.099999999999  0.00334  
6562.5  0.00338  
6566.799999999999  0.00346  
6571.1  0.00345  
6575.5  0.00344  
6579.8  0.00353  
6584.099999999999  0.00364  
6588.400000000001  0.00373  
6592.799999999999  0.00377  
6597.1  0.00368  
6601.4  0.00364  
6605.8  0.00379  
6610.1  0.00398  
6614.400000000001  0.00395  
6618.8  0.00382  
6623.099999999999  0.00385  
6627.4  0.00405  
6631.799999999999  0.00424  
6636.1  0.00422  
6640.4  0.00415  
6644.8  0.00418  
6649.099999999999  0.00431  
6653.5  0.00451  
6657.799999999999  0.0047  
6662.1  0.00481  
6666.5  0.00486  
6670.8  0.00481  
6675.1  0.00484  
6679.5  0.00496  
6683.8  0.00515  
6688.200000000001  0.00524  
6692.5  0.00534  
6696.799999999999  0.00558  
6701.2  0.00583  
6705.5  0.00592  
6709.9  0.00609  
6714.2  0.00632  
6718.5  0.00644  
6722.9  0.00662  
6727.200000000001  0.00684  
6731.599999999999  0.00711  
6735.900000000001  0.00749  
6740.299999999999  0.0078  
6744.6  0.00804  
6748.9  0.00846  
6753.3  0.00891  
6757.6  0.00921  
6762.0  0.00965  
6766.3  0.01035  
6770.700000000001  0.01098  
6775.0  0.01161  
6779.400000000001  0.01238  
6783.7  0.01323  
6788.099999999999  0.01411  
6792.4  0.01509  
6796.799999999999  0.01632  
6801.1  0.01771  
6805.5  0.01918  
6809.8  0.02081  
6814.2  0.0227  
6818.5  0.02487  
6822.9  0.02724  
6827.200000000001  0.02981  
6831.599999999999  0.03267  
6835.900000000001  0.0359  
6840.299999999999  0.03949  
6844.6  0.04343  
6849.0  0.04784  
6853.3  0.05274  
6857.7  0.05814  
6862.0  0.06405  
6866.4  0.07064  
6870.700000000001  0.07798  
6875.1  0.08604  
6879.5  0.09477  
6883.8  0.10433  
6888.200000000001  0.11505  
6892.5  0.12693  
6896.900000000001  0.13996  
6901.2  0.15406  
6905.599999999999  0.16941  
6910.0  0.18635  
6914.299999999999  0.20528  
6918.7  0.22592  
6923.0  0.24826  
6927.4  0.27252  
6931.799999999999  0.29865  
6936.1  0.32634  
6940.5  0.3556  
6944.8  0.38681  
6949.2  0.41979  
6953.6  0.45381  
6957.9  0.48864  
6962.3  0.52413  
6966.599999999999  0.5597  
6971.0  0.59516  
6975.4  0.63048  
6979.700000000001  0.66476  
6984.099999999999  0.69739  
6988.5  0.72832  
6992.799999999999  0.75708  
6997.200000000001  0.78352  
7001.599999999999  0.80814  
7005.900000000001  0.83073  
7010.299999999999  0.85025  
7014.700000000001  0.86721  
7019.0  0.88232  
7023.400000000001  0.89517  
7027.799999999999  0.90596  
7032.1  0.91536  
7036.5  0.92339  
7040.900000000001  0.93012  
7045.2  0.93569  
7049.6  0.94011  
7054.0  0.94388  
7058.3  0.94757  
7062.7  0.95081  
7067.1  0.95255  
7071.5  0.95349  
7075.8  0.95518  
7080.2  0.95692  
7084.6  0.95781  
7088.9  0.95822  
7093.3  0.95894  
7097.7  0.96039  
7102.1  0.96143  
7106.4  0.96153  
7110.8  0.96176  
7115.2  0.96222  
7119.6  0.96295  
7123.9  0.96374  
7128.3  0.96374  
7132.7  0.96383  
7137.1  0.96471  
7141.4  0.9653  
7145.8  0.96542  
7150.2  0.96558  
7154.6  0.96612  
7159.0  0.96707  
7163.3  0.96724  
7167.7  0.96681  
7172.1  0.96671  
7176.5  0.96687  
7180.900000000001  0.96707  
7185.2  0.96746  
7189.6  0.96749  
7194.0  0.9671  
7198.400000000001  0.96725  
7202.799999999999  0.96818  
7207.1  0.96937  
7211.5  0.96958  
7215.900000000001  0.96907  
7220.299999999999  0.96916  
7224.700000000001  0.96984  
7229.099999999999  0.97049  
7233.400000000001  0.97084  
7237.799999999999  0.97109  
7242.200000000001  0.97123  
7246.599999999999  0.97113  
7251.0  0.97062  
7255.4  0.96997  
7259.700000000001  0.96941  
7264.099999999999  0.96898  
7268.5  0.96867  
7272.9  0.96848  
7277.3  0.96771  
7281.7  0.9667  
7286.1  0.96614  
7290.5  0.96562  
7294.9  0.96523  
7299.2  0.96525  
7303.6  0.96541  
7308.0  0.96581  
7312.4  0.96646  
7316.799999999999  0.96696  
7321.2  0.9672  
7325.599999999999  0.96731  
7330.0  0.96796  
7334.400000000001  0.96926  
7338.8  0.97015  
7343.099999999999  0.97048  
7347.5  0.97123  
7351.900000000001  0.97223  
7356.3  0.97257  
7360.700000000001  0.97266  
7365.1  0.97307  
7369.5  0.97312  
7373.9  0.97294  
7378.3  0.97281  
7382.7  0.9721  
7387.1  0.97107  
7391.5  0.97003  
7395.900000000001  0.96938  
7400.299999999999  0.96919  
7404.700000000001  0.96852  
7409.099999999999  0.96702  
7413.5  0.96546  
7417.9  0.96467  
7422.3  0.96458  
7426.7  0.96459  
7431.1  0.96428  
7435.5  0.96338  
7439.9  0.96252  
7444.299999999999  0.96237  
7448.7  0.96276  
7453.099999999999  0.96334  
7457.5  0.96328  
7461.900000000001  0.96319  
7466.3  0.96408  
7470.700000000001  0.96473  
7475.1  0.96452  
7479.5  0.96454  
7483.9  0.96488  
7488.3  0.96518  
7492.7  0.96535  
7497.1  0.96491  
7501.5  0.96445  
7505.900000000001  0.96474  
7510.299999999999  0.96495  
7514.700000000001  0.96469  
7519.099999999999  0.96456  
7523.5  0.96486  
7527.9  0.965  
7532.3  0.96418  
7536.799999999999  0.96345  
7541.2  0.96361  
7545.599999999999  0.96394  
7550.0  0.96427  
7554.400000000001  0.96436  
7558.8  0.96412  
7563.200000000001  0.96386  
7567.6  0.96355  
7572.0  0.96359  
7576.4  0.96432  
7580.8  0.96458  
7585.299999999999  0.96399  
7589.700000000001  0.9636  
7594.099999999999  0.96351  
7598.5  0.96334  
7602.9  0.96292  
7607.3  0.9621  
7611.7  0.96147  
7616.1  0.96184  
7620.599999999999  0.96182  
7625.0  0.96023  
7629.400000000001  0.95855  
7633.8  0.95745  
7638.200000000001  0.95679  
7642.6  0.95605  
7647.0  0.95431  
7651.5  0.95281  
7655.900000000001  0.95215  
7660.299999999999  0.95162  
7664.700000000001  0.95025  
7669.099999999999  0.94854  
7673.5  0.94803  
7678.0  0.94787  
7682.4  0.94673  
7686.799999999999  0.94542  
7691.2  0.94482  
7695.599999999999  0.94464  
7700.0  0.94465  
7704.5  0.94481  
7708.9  0.94483  
7713.3  0.94467  
7717.7  0.94487  
7722.1  0.94573  
7726.599999999999  0.94683  
7731.0  0.94795  
7735.4  0.94923  
7739.8  0.95023  
7744.299999999999  0.95091  
7748.7  0.952  
7753.099999999999  0.95371  
7757.5  0.95498  
7761.900000000001  0.9558  
7766.4  0.95774  
7770.8  0.96005  
7775.2  0.96095  
7779.6  0.96156  
7784.099999999999  0.96255  
7788.5  0.96357  
7792.9  0.96453  
7797.3  0.96526  
7801.799999999999  0.96599  
7806.2  0.96666  
7810.599999999999  0.96692  
7815.0  0.96726  
7819.5  0.96756  
7823.9  0.96715  
7828.3  0.96639  
7832.799999999999  0.96591  
7837.200000000001  0.96552  
7841.599999999999  0.96509  
7846.0  0.96447  
7850.5  0.96384  
7854.9  0.96325  
7859.299999999999  0.96221  
7863.8  0.96099  
7868.200000000001  0.96031  
7872.6  0.96001  
7877.1  0.95987  
7881.5  0.95946  
7885.900000000001  0.95807  
7890.4  0.95685  
7894.8  0.95683  
7899.2  0.957  
7903.7  0.95662  
7908.099999999999  0.95589  
7912.5  0.95559  
7917.0  0.95588  
7921.4  0.9566  
7925.8  0.95644  
7930.299999999999  0.95607  
7934.700000000001  0.95663  
7939.099999999999  0.95727  
7943.6  0.95725  
7948.0  0.95685  
7952.4  0.95731  
7956.900000000001  0.95785  
7961.3  0.95724  
7965.700000000001  0.95661  
7970.2  0.95727  
7974.6  0.95824  
7979.099999999999  0.95841  
7983.5  0.95845  
7987.9  0.95908  
7992.4  0.95976  
7996.799999999999  0.95968  
8001.3  0.96  
8005.700000000001  0.96099  
8010.1  0.96134  
8014.6  0.96189  
8019.0  0.96295  
8023.5  0.96353  
8027.9  0.96429  
8032.3  0.9649  
8036.799999999999  0.96537  
8041.2  0.96605  
8045.700000000001  0.96645  
8050.1  0.96633  
8054.6  0.96606  
8059.0  0.96682  
8063.400000000001  0.96835  
8067.9  0.9689  
8072.3  0.96844  
8076.799999999999  0.96811  
8081.2  0.96775  
8085.700000000001  0.96768  
8090.1  0.96745  
8094.6  0.96693  
8099.0  0.96628  
8103.5  0.96537  
8107.9  0.96445  
8112.3  0.96386  
8116.799999999999  0.96323  
8121.2  0.96246  
8125.700000000001  0.96168  
8130.1  0.96075  
8134.6  0.95976  
8139.0  0.95849  
8143.5  0.95772  
8147.9  0.95769  
8152.4  0.95777  
8156.799999999999  0.95682  
8161.3  0.95582  
8165.700000000001  0.95614  
8170.2  0.95598  
8174.6  0.95537  
8179.099999999999  0.95529  
8183.5  0.9556  
8188.0  0.95574  
8192.4  0.95604  
8196.900000000001  0.95681  
8201.4  0.95748  
8205.800000000001  0.95788  
8210.3  0.95795  
8214.7  0.95809  
8219.199999999999  0.95851  
8223.6  0.95899  
8228.099999999999  0.95977  
8232.5  0.96044  
8237.0  0.9611  
8241.4  0.96163  
8245.9  0.96193  
8250.3  0.96254  
8254.8  0.96316  
8259.3  0.96324  
8263.7  0.96272  
8268.2  0.9628  
8272.6  0.96333  
8277.1  0.9636  
8281.5  0.96357  
8286.0  0.96303  
8290.5  0.96275  
8294.9  0.96258  
8299.400000000001  0.96182  
8303.8  0.96157  
8308.300000000001  0.96189  
8312.8  0.96109  
8317.2  0.9597  
8321.699999999999  0.9592  
8326.1  0.959  
8330.599999999999  0.95798  
8335.1  0.95633  
8339.5  0.95427  
8344.0  0.95195  
8348.4  0.94976  
8352.9  0.94701  
8357.4  0.94335  
8361.8  0.93924  
8366.3  0.93445  
8370.800000000001  0.9284  
8375.2  0.92118  
8379.7  0.9132  
8384.199999999999  0.90378  
8388.6  0.89219  
8393.099999999999  0.8792  
8397.5  0.86408  
8402.0  0.84627  
8406.5  0.82703  
8410.9  0.80599  
8415.4  0.78177  
8419.9  0.755  
8424.3  0.72677  
8428.8  0.69726  
8433.300000000001  0.66586  
8437.7  0.63238  
8442.2  0.59749  
8446.699999999999  0.56147  
8451.1  0.52519  
8455.599999999999  0.48947  
8460.1  0.45375  
8464.6  0.41797  
8469.0  0.38352  
8473.5  0.35098  
8478.0  0.32009  
8482.4  0.29059  
8486.900000000001  0.26297  
8491.4  0.23759  
8495.800000000001  0.21454  
8500.3  0.19364  
8504.8  0.17452  
8509.3  0.15674  
8513.7  0.1405  
8518.2  0.12602  
8522.7  0.11309  
8527.1  0.10195  
8531.6  0.09226  
8536.1  0.08338  
8540.599999999999  0.07526  
8545.0  0.06819  
8549.5  0.06224  
8554.0  0.05658  
8558.5  0.05141  
8562.9  0.04722  
8567.4  0.0434  
8571.900000000001  0.03974  
8576.4  0.03647  
8580.800000000001  0.0337  
8585.3  0.03093  
8589.8  0.02831  
8594.3  0.02616  
8598.7  0.02417  
8603.2  0.02224  
8607.7  0.02043  
8612.2  0.01895  
8616.699999999999  0.01796  
8621.1  0.01709  
8625.599999999999  0.01589  
8630.1  0.01491  
8634.6  0.01442  
8639.0  0.01386  
8643.5  0.01309  
8648.0  0.01244  
8652.5  0.0119  
8657.0  0.01099  
8661.4  0.01024  
8665.9  0.01023  
8670.4  0.01022  
8674.9  0.0095  
8679.400000000001  0.0089  
8683.8  0.00889  
8688.300000000001  0.00884  
8692.8  0.00872  
8697.3  0.00843  
8701.8  0.008  
8706.3  0.00798  
8710.7  0.00798  
8715.2  0.00783  
8719.7  0.00788  
8724.199999999999  0.00775  
8728.7  0.00765  
8733.2  0.00767  
8737.6  0.00761  
8742.1  0.00743  
8746.6  0.00755  
8751.1  0.00763  
8755.599999999999  0.00755  
8760.1  0.00733  
8764.6  0.00722  
8769.0  0.00718  
8773.5  0.00735  
8778.0  0.00747  
8782.5  0.00751  
8787.0  0.00755  
8791.5  0.00774  
8796.0  0.00783  

