@MEASUREMENT_RADIUS 11.0 cm
#lambda:
#tr:
#end
6251.799999999999  0.00246  
6256.1  0.00256  
6260.4  0.00259  
6264.700000000001  0.0025  
6269.0  0.0026  
6273.3  0.00276  
6277.6  0.00272  
6281.900000000001  0.00255  
6286.2  0.00251  
6290.5  0.00273  
6294.8  0.00289  
6299.099999999999  0.00277  
6303.400000000001  0.00271  
6307.7  0.0027  
6312.0  0.00272  
6316.3  0.00286  
6320.599999999999  0.00291  
6325.0  0.00282  
6329.299999999999  0.00282  
6333.6  0.00293  
6337.9  0.00297  
6342.200000000001  0.00283  
6346.5  0.00267  
6350.8  0.00276  
6355.1  0.00293  
6359.400000000001  0.00293  
6363.7  0.0028  
6368.099999999999  0.00274  
6372.4  0.0028  
6376.7  0.00284  
6381.0  0.0029  
6385.299999999999  0.00302  
6389.6  0.00306  
6393.9  0.00298  
6398.200000000001  0.00293  
6402.6  0.00299  
6406.900000000001  0.00309  
6411.2  0.00306  
6415.5  0.00294  
6419.8  0.00302  
6424.099999999999  0.00316  
6428.5  0.00311  
6432.799999999999  0.00312  
6437.1  0.00318  
6441.4  0.00306  
6445.700000000001  0.00298  
6450.0  0.00302  
6454.400000000001  0.00315  
6458.7  0.00321  
6463.0  0.0031  
6467.3  0.003  
6471.599999999999  0.00308  
6476.0  0.00323  
6480.299999999999  0.00328  
6484.6  0.00319  
6488.9  0.00317  
6493.3  0.00332  
6497.6  0.00334  
6501.900000000001  0.00316  
6506.2  0.00309  
6510.5  0.0032  
6514.9  0.00327  
6519.2  0.0033  
6523.5  0.00332  
6527.799999999999  0.00327  
6532.200000000001  0.0032  
6536.5  0.00328  
6540.8  0.00332  
6545.2  0.00326  
6549.5  0.00332  
6553.8  0.00343  
6558.099999999999  0.00347  
6562.5  0.0034  
6566.799999999999  0.00336  
6571.1  0.00345  
6575.5  0.00368  
6579.8  0.00375  
6584.099999999999  0.00365  
6588.400000000001  0.00372  
6592.799999999999  0.00383  
6597.1  0.0038  
6601.4  0.00384  
6605.8  0.00398  
6610.1  0.00399  
6614.400000000001  0.00409  
6618.8  0.00424  
6623.099999999999  0.00411  
6627.4  0.004  
6631.799999999999  0.00419  
6636.1  0.00447  
6640.4  0.00461  
6644.8  0.00456  
6649.099999999999  0.00459  
6653.5  0.00473  
6657.799999999999  0.00483  
6662.1  0.0049  
6666.5  0.00501  
6670.8  0.00507  
6675.1  0.00524  
6679.5  0.00538  
6683.8  0.00547  
6688.200000000001  0.00555  
6692.5  0.00576  
6696.799999999999  0.00602  
6701.2  0.00614  
6705.5  0.00616  
6709.9  0.00626  
6714.2  0.00653  
6718.5  0.00683  
6722.9  0.00717  
6727.200000000001  0.00757  
6731.599999999999  0.00784  
6735.900000000001  0.00802  
6740.299999999999  0.0083  
6744.6  0.0087  
6748.9  0.00918  
6753.3  0.00965  
6757.6  0.01018  
6762.0  0.01079  
6766.3  0.01145  
6770.700000000001  0.01207  
6775.0  0.01289  
6779.400000000001  0.01393  
6783.7  0.01494  
6788.099999999999  0.01613  
6792.4  0.01755  
6796.799999999999  0.01896  
6801.1  0.02046  
6805.5  0.02226  
6809.8  0.02438  
6814.2  0.02682  
6818.5  0.02945  
6822.9  0.03215  
6827.200000000001  0.03528  
6831.599999999999  0.03901  
6835.900000000001  0.04295  
6840.299999999999  0.04716  
6844.6  0.05189  
6849.0  0.0573  
6853.3  0.06343  
6857.7  0.07009  
6862.0  0.0771  
6866.4  0.08471  
6870.700000000001  0.09335  
6875.1  0.10305  
6879.5  0.11371  
6883.8  0.12546  
6888.200000000001  0.13827  
6892.5  0.15212  
6896.900000000001  0.16759  
6901.2  0.18492  
6905.599999999999  0.20378  
6910.0  0.22397  
6914.299999999999  0.24628  
6918.7  0.27084  
6923.0  0.29703  
6927.4  0.32495  
6931.799999999999  0.35493  
6936.1  0.38686  
6940.5  0.42046  
6944.8  0.45506  
6949.2  0.49036  
6953.6  0.52653  
6957.9  0.56317  
6962.3  0.59962  
6966.599999999999  0.6356  
6971.0  0.6707  
6975.4  0.70417  
6979.700000000001  0.73549  
6984.099999999999  0.76487  
6988.5  0.7919  
6992.799999999999  0.81592  
6997.200000000001  0.83704  
7001.599999999999  0.85611  
7005.900000000001  0.87356  
7010.299999999999  0.88824  
7014.700000000001  0.9001  
7019.0  0.91039  
7023.400000000001  0.91951  
7027.799999999999  0.92692  
7032.1  0.93274  
7036.5  0.9379  
7040.900000000001  0.94269  
7045.2  0.94645  
7049.6  0.94905  
7054.0  0.95094  
7058.3  0.95298  
7062.7  0.9551  
7067.1  0.95662  
7071.5  0.95785  
7075.8  0.95897  
7080.2  0.95932  
7084.6  0.95913  
7088.9  0.95965  
7093.3  0.96087  
7097.7  0.96181  
7102.1  0.96226  
7106.4  0.96267  
7110.8  0.96291  
7115.2  0.96293  
7119.6  0.96332  
7123.9  0.96406  
7128.3  0.9646  
7132.7  0.96453  
7137.1  0.96415  
7141.4  0.96417  
7145.8  0.96449  
7150.2  0.965  
7154.6  0.96567  
7159.0  0.96576  
7163.3  0.96539  
7167.7  0.96572  
7172.1  0.96624  
7176.5  0.96625  
7180.900000000001  0.96659  
7185.2  0.96747  
7189.6  0.96824  
7194.0  0.96866  
7198.400000000001  0.96898  
7202.799999999999  0.96936  
7207.1  0.97007  
7211.5  0.97076  
7215.900000000001  0.97069  
7220.299999999999  0.97026  
7224.700000000001  0.97057  
7229.099999999999  0.97113  
7233.400000000001  0.971  
7237.799999999999  0.97086  
7242.200000000001  0.97073  
7246.599999999999  0.97008  
7251.0  0.96916  
7255.4  0.96872  
7259.700000000001  0.9679  
7264.099999999999  0.96638  
7268.5  0.96567  
7272.9  0.9659  
7277.3  0.96542  
7281.7  0.96436  
7286.1  0.96407  
7290.5  0.9642  
7294.9  0.9642  
7299.2  0.96471  
7303.6  0.96545  
7308.0  0.96576  
7312.4  0.96644  
7316.799999999999  0.96788  
7321.2  0.96923  
7325.599999999999  0.96955  
7330.0  0.96999  
7334.400000000001  0.97153  
7338.8  0.97247  
7343.099999999999  0.97253  
7347.5  0.97302  
7351.900000000001  0.97349  
7356.3  0.973  
7360.700000000001  0.97264  
7365.1  0.97301  
7369.5  0.97269  
7373.9  0.97185  
7378.3  0.97133  
7382.7  0.97025  
7387.1  0.96869  
7391.5  0.96745  
7395.900000000001  0.96674  
7400.299999999999  0.96639  
7404.700000000001  0.96551  
7409.099999999999  0.96414  
7413.5  0.96306  
7417.9  0.96258  
7422.3  0.96294  
7426.7  0.96352  
7431.1  0.96335  
7435.5  0.96251  
7439.9  0.96245  
7444.299999999999  0.96297  
7448.7  0.96326  
7453.099999999999  0.96365  
7457.5  0.9639  
7461.900000000001  0.96401  
7466.3  0.96457  
7470.700000000001  0.96506  
7475.1  0.96465  
7479.5  0.96443  
7483.9  0.96498  
7488.3  0.96528  
7492.7  0.96513  
7497.1  0.96464  
7501.5  0.96384  
7505.900000000001  0.96365  
7510.299999999999  0.96421  
7514.700000000001  0.96426  
7519.099999999999  0.96378  
7523.5  0.96397  
7527.9  0.96456  
7532.3  0.96423  
7536.799999999999  0.9635  
7541.2  0.96389  
7545.599999999999  0.96469  
7550.0  0.96438  
7554.400000000001  0.96373  
7558.8  0.96417  
7563.200000000001  0.96493  
7567.6  0.96485  
7572.0  0.96447  
7576.4  0.96427  
7580.8  0.96419  
7585.299999999999  0.96444  
7589.700000000001  0.96439  
7594.099999999999  0.96347  
7598.5  0.96285  
7602.9  0.96278  
7607.3  0.96226  
7611.7  0.96136  
7616.1  0.96071  
7620.599999999999  0.95995  
7625.0  0.95854  
7629.400000000001  0.95684  
7633.8  0.95501  
7638.200000000001  0.95356  
7642.6  0.95273  
7647.0  0.95153  
7651.5  0.94996  
7655.900000000001  0.94856  
7660.299999999999  0.94759  
7664.700000000001  0.9469  
7669.099999999999  0.94591  
7673.5  0.94502  
7678.0  0.94487  
7682.4  0.94454  
7686.799999999999  0.9437  
7691.2  0.94318  
7695.599999999999  0.94283  
7700.0  0.94313  
7704.5  0.94407  
7708.9  0.94477  
7713.3  0.94526  
7717.7  0.94607  
7722.1  0.9473  
7726.599999999999  0.9486  
7731.0  0.95005  
7735.4  0.95161  
7739.8  0.95277  
7744.299999999999  0.95343  
7748.7  0.95481  
7753.099999999999  0.957  
7757.5  0.95839  
7761.900000000001  0.95929  
7766.4  0.96091  
7770.8  0.96296  
7775.2  0.96417  
7779.6  0.96455  
7784.099999999999  0.96489  
7788.5  0.96564  
7792.9  0.96655  
7797.3  0.96721  
7801.799999999999  0.96786  
7806.2  0.96778  
7810.599999999999  0.96649  
7815.0  0.96597  
7819.5  0.96649  
7823.9  0.96644  
7828.3  0.96543  
7832.799999999999  0.96472  
7837.200000000001  0.96415  
7841.599999999999  0.96307  
7846.0  0.96174  
7850.5  0.9605  
7854.9  0.96004  
7859.299999999999  0.95954  
7863.8  0.95847  
7868.200000000001  0.95784  
7872.6  0.95767  
7877.1  0.9573  
7881.5  0.9567  
7885.900000000001  0.95596  
7890.4  0.9553  
7894.8  0.95518  
7899.2  0.95507  
7903.7  0.955  
7908.099999999999  0.95494  
7912.5  0.95463  
7917.0  0.95499  
7921.4  0.95586  
7925.8  0.95564  
7930.299999999999  0.95531  
7934.700000000001  0.95581  
7939.099999999999  0.9562  
7943.6  0.956  
7948.0  0.95589  
7952.4  0.95655  
7956.900000000001  0.95754  
7961.3  0.95726  
7965.700000000001  0.95663  
7970.2  0.95756  
7974.6  0.95843  
7979.099999999999  0.9588  
7983.5  0.9595  
7987.9  0.95979  
7992.4  0.96004  
7996.799999999999  0.96086  
8001.3  0.96183  
8005.700000000001  0.96196  
8010.1  0.96224  
8014.6  0.96331  
8019.0  0.96423  
8023.5  0.96466  
8027.9  0.96562  
8032.3  0.96665  
8036.799999999999  0.96665  
8041.2  0.96715  
8045.700000000001  0.96821  
8050.1  0.96815  
8054.6  0.96757  
8059.0  0.96814  
8063.400000000001  0.96864  
8067.9  0.96813  
8072.3  0.96784  
8076.799999999999  0.96785  
8081.2  0.96705  
8085.700000000001  0.96593  
8090.1  0.9649  
8094.6  0.96437  
8099.0  0.96433  
8103.5  0.96371  
8107.9  0.96233  
8112.3  0.96103  
8116.799999999999  0.95993  
8121.2  0.95955  
8125.700000000001  0.95928  
8130.1  0.95784  
8134.6  0.95639  
8139.0  0.95568  
8143.5  0.9551  
8147.9  0.95451  
8152.4  0.95479  
8156.799999999999  0.95479  
8161.3  0.9539  
8165.700000000001  0.95402  
8170.2  0.95498  
8174.6  0.95523  
8179.099999999999  0.95476  
8183.5  0.95493  
8188.0  0.95586  
8192.4  0.95669  
8196.900000000001  0.9573  
8201.4  0.95787  
8205.800000000001  0.95806  
8210.3  0.95823  
8214.7  0.95893  
8219.199999999999  0.95946  
8223.6  0.95963  
8228.099999999999  0.96041  
8232.5  0.96103  
8237.0  0.96108  
8241.4  0.96127  
8245.9  0.96161  
8250.3  0.96194  
8254.8  0.96239  
8259.3  0.96299  
8263.7  0.96307  
8268.2  0.96275  
8272.6  0.96273  
8277.1  0.96323  
8281.5  0.963  
8286.0  0.962  
8290.5  0.96141  
8294.9  0.96085  
8299.400000000001  0.96069  
8303.8  0.96148  
8308.300000000001  0.96153  
8312.8  0.96019  
8317.2  0.95841  
8321.699999999999  0.95724  
8326.1  0.95683  
8330.599999999999  0.95519  
8335.1  0.95248  
8339.5  0.95031  
8344.0  0.94843  
8348.4  0.94595  
8352.9  0.94246  
8357.4  0.93801  
8361.8  0.93288  
8366.3  0.92745  
8370.800000000001  0.92016  
8375.2  0.91083  
8379.7  0.90105  
8384.199999999999  0.88993  
8388.6  0.87565  
8393.099999999999  0.8585  
8397.5  0.84061  
8402.0  0.8213  
8406.5  0.79862  
8410.9  0.77297  
8415.4  0.7447  
8419.9  0.71448  
8424.3  0.68285  
8428.8  0.64931  
8433.300000000001  0.61393  
8437.7  0.57725  
8442.2  0.53994  
8446.699999999999  0.5025  
8451.1  0.46544  
8455.599999999999  0.42915  
8460.1  0.39384  
8464.6  0.35957  
8469.0  0.32694  
8473.5  0.29691  
8478.0  0.26885  
8482.4  0.24235  
8486.900000000001  0.2182  
8491.4  0.1966  
8495.800000000001  0.17732  
8500.3  0.15989  
8504.8  0.14372  
8509.3  0.12877  
8513.7  0.11552  
8518.2  0.10398  
8522.7  0.0935  
8527.1  0.08399  
8531.6  0.07597  
8536.1  0.069  
8540.599999999999  0.06261  
8545.0  0.05713  
8549.5  0.05224  
8554.0  0.0478  
8558.5  0.04386  
8562.9  0.04005  
8567.4  0.03648  
8571.900000000001  0.03372  
8576.4  0.03157  
8580.800000000001  0.0293  
8585.3  0.02671  
8589.8  0.02448  
8594.3  0.02263  
8598.7  0.02073  
8603.2  0.01926  
8607.7  0.01812  
8612.2  0.01707  
8616.699999999999  0.01623  
8621.1  0.01511  
8625.599999999999  0.01392  
8630.1  0.01321  
8634.6  0.01285  
8639.0  0.01257  
8643.5  0.01205  
8648.0  0.01124  
8652.5  0.01074  
8657.0  0.01043  
8661.4  0.0101  
8665.9  0.00951  
8670.4  0.00904  
8674.9  0.00882  
8679.400000000001  0.00863  
8683.8  0.00836  
8688.300000000001  0.00826  
8692.8  0.00832  
8697.3  0.00819  
8701.8  0.00795  
8706.3  0.00785  
8710.7  0.00811  
8715.2  0.0082  
8719.7  0.00797  
8724.199999999999  0.00759  
8728.7  0.00741  
8733.2  0.00757  
8737.6  0.0077  
8742.1  0.00756  
8746.6  0.00753  
8751.1  0.0075  
8755.599999999999  0.00754  
8760.1  0.0076  
8764.6  0.0076  
8769.0  0.00757  
8773.5  0.00766  
8778.0  0.00759  
8782.5  0.00754  
8787.0  0.00758  
8791.5  0.00755  
8796.0  0.00761  

