@MEASUREMENT_RADIUS 12.0 cm
#lambda:
#tr:
#end
6251.799999999999  0.00246  
6256.1  0.00252  
6260.4  0.00272  
6264.700000000001  0.00273  
6269.0  0.00256  
6273.3  0.00261  
6277.6  0.00277  
6281.900000000001  0.00275  
6286.2  0.00266  
6290.5  0.00261  
6294.8  0.00253  
6299.099999999999  0.00259  
6303.400000000001  0.00277  
6307.7  0.00279  
6312.0  0.00279  
6316.3  0.00282  
6320.599999999999  0.00278  
6325.0  0.00275  
6329.299999999999  0.0029  
6333.6  0.00305  
6337.9  0.00294  
6342.200000000001  0.00278  
6346.5  0.00278  
6350.8  0.00289  
6355.1  0.0029  
6359.400000000001  0.00274  
6363.7  0.00269  
6368.099999999999  0.00276  
6372.4  0.00284  
6376.7  0.00288  
6381.0  0.00287  
6385.299999999999  0.00291  
6389.6  0.00294  
6393.9  0.00309  
6398.200000000001  0.00318  
6402.6  0.0031  
6406.900000000001  0.00304  
6411.2  0.0031  
6415.5  0.00317  
6419.8  0.00317  
6424.099999999999  0.0032  
6428.5  0.00328  
6432.799999999999  0.00328  
6437.1  0.00319  
6441.4  0.00317  
6445.700000000001  0.00331  
6450.0  0.0033  
6454.400000000001  0.00324  
6458.7  0.00325  
6463.0  0.00327  
6467.3  0.00326  
6471.599999999999  0.00323  
6476.0  0.00323  
6480.299999999999  0.00315  
6484.6  0.00314  
6488.9  0.00326  
6493.3  0.0033  
6497.6  0.00319  
6501.900000000001  0.00314  
6506.2  0.00315  
6510.5  0.00323  
6514.9  0.00332  
6519.2  0.0034  
6523.5  0.00345  
6527.799999999999  0.00337  
6532.200000000001  0.00325  
6536.5  0.0032  
6540.8  0.00323  
6545.2  0.00331  
6549.5  0.00352  
6553.8  0.00362  
6558.099999999999  0.0035  
6562.5  0.00334  
6566.799999999999  0.00339  
6571.1  0.00351  
6575.5  0.00358  
6579.8  0.00359  
6584.099999999999  0.00362  
6588.400000000001  0.00371  
6592.799999999999  0.00381  
6597.1  0.00388  
6601.4  0.00387  
6605.8  0.00383  
6610.1  0.00389  
6614.400000000001  0.00403  
6618.8  0.00423  
6623.099999999999  0.00432  
6627.4  0.00421  
6631.799999999999  0.00422  
6636.1  0.00435  
6640.4  0.00437  
6644.8  0.00443  
6649.099999999999  0.00466  
6653.5  0.00484  
6657.799999999999  0.00487  
6662.1  0.00485  
6666.5  0.00497  
6670.8  0.00511  
6675.1  0.00525  
6679.5  0.00547  
6683.8  0.00566  
6688.200000000001  0.00582  
6692.5  0.00598  
6696.799999999999  0.00604  
6701.2  0.00615  
6705.5  0.00635  
6709.9  0.00656  
6714.2  0.00677  
6718.5  0.00701  
6722.9  0.0073  
6727.200000000001  0.00765  
6731.599999999999  0.00798  
6735.900000000001  0.00829  
6740.299999999999  0.00877  
6744.6  0.00924  
6748.9  0.00954  
6753.3  0.00988  
6757.6  0.01051  
6762.0  0.0113  
6766.3  0.01207  
6770.700000000001  0.01279  
6775.0  0.0136  
6779.400000000001  0.01455  
6783.7  0.01576  
6788.099999999999  0.01717  
6792.4  0.01852  
6796.799999999999  0.01998  
6801.1  0.02175  
6805.5  0.0238  
6809.8  0.02608  
6814.2  0.02862  
6818.5  0.03135  
6822.9  0.03443  
6827.200000000001  0.03791  
6831.599999999999  0.04162  
6835.900000000001  0.04575  
6840.299999999999  0.05054  
6844.6  0.0558  
6849.0  0.06144  
6853.3  0.06765  
6857.7  0.07479  
6862.0  0.08265  
6866.4  0.09094  
6870.700000000001  0.09988  
6875.1  0.11011  
6879.5  0.12176  
6883.8  0.13442  
6888.200000000001  0.14796  
6892.5  0.16285  
6896.900000000001  0.17948  
6901.2  0.19772  
6905.599999999999  0.21779  
6910.0  0.23954  
6914.299999999999  0.26295  
6918.7  0.2885  
6923.0  0.3163  
6927.4  0.34571  
6931.799999999999  0.37659  
6936.1  0.40924  
6940.5  0.44367  
6944.8  0.47913  
6949.2  0.51499  
6953.6  0.5515  
6957.9  0.5883  
6962.3  0.62427  
6966.599999999999  0.6591  
6971.0  0.69294  
6975.4  0.72527  
6979.700000000001  0.75527  
6984.099999999999  0.78255  
6988.5  0.80736  
6992.799999999999  0.83008  
6997.200000000001  0.85018  
7001.599999999999  0.86753  
7005.900000000001  0.88283  
7010.299999999999  0.89586  
7014.700000000001  0.90709  
7019.0  0.91689  
7023.400000000001  0.92488  
7027.799999999999  0.93115  
7032.1  0.93618  
7036.5  0.94107  
7040.900000000001  0.94564  
7045.2  0.94886  
7049.6  0.9513  
7054.0  0.95345  
7058.3  0.95541  
7062.7  0.95697  
7067.1  0.95788  
7071.5  0.95868  
7075.8  0.95972  
7080.2  0.96058  
7084.6  0.96077  
7088.9  0.96069  
7093.3  0.9611  
7097.7  0.96154  
7102.1  0.96196  
7106.4  0.96272  
7110.8  0.96281  
7115.2  0.96227  
7119.6  0.96246  
7123.9  0.96333  
7128.3  0.96376  
7132.7  0.96347  
7137.1  0.96299  
7141.4  0.96304  
7145.8  0.9635  
7150.2  0.96368  
7154.6  0.96409  
7159.0  0.96478  
7163.3  0.96466  
7167.7  0.96463  
7172.1  0.9656  
7176.5  0.96662  
7180.900000000001  0.96727  
7185.2  0.96808  
7189.6  0.9688  
7194.0  0.96935  
7198.400000000001  0.97039  
7202.799999999999  0.97106  
7207.1  0.97106  
7211.5  0.97101  
7215.900000000001  0.97095  
7220.299999999999  0.97097  
7224.700000000001  0.971  
7229.099999999999  0.97047  
7233.400000000001  0.96949  
7237.799999999999  0.9695  
7242.200000000001  0.96929  
7246.599999999999  0.96776  
7251.0  0.96669  
7255.4  0.96655  
7259.700000000001  0.96546  
7264.099999999999  0.96421  
7268.5  0.96408  
7272.9  0.96384  
7277.3  0.96294  
7281.7  0.96271  
7286.1  0.96353  
7290.5  0.96393  
7294.9  0.96406  
7299.2  0.9651  
7303.6  0.96636  
7308.0  0.96712  
7312.4  0.96812  
7316.799999999999  0.96941  
7321.2  0.97052  
7325.599999999999  0.97148  
7330.0  0.97203  
7334.400000000001  0.9724  
7338.8  0.97276  
7343.099999999999  0.973  
7347.5  0.9732  
7351.900000000001  0.97303  
7356.3  0.97266  
7360.700000000001  0.97238  
7365.1  0.97161  
7369.5  0.97066  
7373.9  0.97001  
7378.3  0.96891  
7382.7  0.96737  
7387.1  0.9663  
7391.5  0.96553  
7395.900000000001  0.96494  
7400.299999999999  0.96424  
7404.700000000001  0.96344  
7409.099999999999  0.96291  
7413.5  0.96275  
7417.9  0.96269  
7422.3  0.96244  
7426.7  0.96236  
7431.1  0.96309  
7435.5  0.96377  
7439.9  0.96359  
7444.299999999999  0.96348  
7448.7  0.96374  
7453.099999999999  0.96412  
7457.5  0.96422  
7461.900000000001  0.96418  
7466.3  0.96467  
7470.700000000001  0.96499  
7475.1  0.96439  
7479.5  0.96433  
7483.9  0.96467  
7488.3  0.96406  
7492.7  0.9634  
7497.1  0.96333  
7501.5  0.96326  
7505.900000000001  0.96304  
7510.299999999999  0.96265  
7514.700000000001  0.96206  
7519.099999999999  0.96211  
7523.5  0.96299  
7527.9  0.96375  
7532.3  0.9636  
7536.799999999999  0.96312  
7541.2  0.96334  
7545.599999999999  0.96411  
7550.0  0.96472  
7554.400000000001  0.96484  
7558.8  0.96497  
7563.200000000001  0.96537  
7567.6  0.96541  
7572.0  0.96523  
7576.4  0.96548  
7580.8  0.96562  
7585.299999999999  0.96526  
7589.700000000001  0.96456  
7594.099999999999  0.96397  
7598.5  0.96377  
7602.9  0.96338  
7607.3  0.96221  
7611.7  0.96096  
7616.1  0.96016  
7620.599999999999  0.95894  
7625.0  0.95727  
7629.400000000001  0.95602  
7633.8  0.95468  
7638.200000000001  0.95312  
7642.6  0.95146  
7647.0  0.94979  
7651.5  0.94899  
7655.900000000001  0.94831  
7660.299999999999  0.94699  
7664.700000000001  0.94527  
7669.099999999999  0.94383  
7673.5  0.9434  
7678.0  0.94301  
7682.4  0.94253  
7686.799999999999  0.94246  
7691.2  0.94241  
7695.599999999999  0.94251  
7700.0  0.94301  
7704.5  0.94346  
7708.9  0.94396  
7713.3  0.94495  
7717.7  0.946  
7722.1  0.94707  
7726.599999999999  0.9487  
7731.0  0.95028  
7735.4  0.95182  
7739.8  0.95357  
7744.299999999999  0.95491  
7748.7  0.95605  
7753.099999999999  0.95776  
7757.5  0.95941  
7761.900000000001  0.9603  
7766.4  0.96115  
7770.8  0.96301  
7775.2  0.96486  
7779.6  0.96539  
7784.099999999999  0.96535  
7788.5  0.96622  
7792.9  0.96722  
7797.3  0.96721  
7801.799999999999  0.9669  
7806.2  0.96687  
7810.599999999999  0.9668  
7815.0  0.96638  
7819.5  0.96575  
7823.9  0.96513  
7828.3  0.96467  
7832.799999999999  0.96421  
7837.200000000001  0.96307  
7841.599999999999  0.96191  
7846.0  0.96103  
7850.5  0.96038  
7854.9  0.96013  
7859.299999999999  0.95898  
7863.8  0.9575  
7868.200000000001  0.95688  
7872.6  0.95656  
7877.1  0.95632  
7881.5  0.95605  
7885.900000000001  0.95555  
7890.4  0.95519  
7894.8  0.95511  
7899.2  0.95472  
7903.7  0.95432  
7908.099999999999  0.95398  
7912.5  0.9536  
7917.0  0.95403  
7921.4  0.95491  
7925.8  0.9546  
7930.299999999999  0.95447  
7934.700000000001  0.95509  
7939.099999999999  0.95544  
7943.6  0.9557  
7948.0  0.95565  
7952.4  0.95562  
7956.900000000001  0.95615  
7961.3  0.95672  
7965.700000000001  0.95683  
7970.2  0.957  
7974.6  0.9575  
7979.099999999999  0.95842  
7983.5  0.95939  
7987.9  0.95986  
7992.4  0.96005  
7996.799999999999  0.96034  
8001.3  0.96136  
8005.700000000001  0.96289  
8010.1  0.96387  
8014.6  0.96435  
8019.0  0.96508  
8023.5  0.96586  
8027.9  0.96692  
8032.3  0.96769  
8036.799999999999  0.96763  
8041.2  0.96767  
8045.700000000001  0.9679  
8050.1  0.96799  
8054.6  0.96803  
8059.0  0.96786  
8063.400000000001  0.96769  
8067.9  0.96744  
8072.3  0.96663  
8076.799999999999  0.96604  
8081.2  0.96551  
8085.700000000001  0.96499  
8090.1  0.96421  
8094.6  0.96291  
8099.0  0.96167  
8103.5  0.96118  
8107.9  0.96081  
8112.3  0.96012  
8116.799999999999  0.9587  
8121.2  0.95771  
8125.700000000001  0.95757  
8130.1  0.95653  
8134.6  0.95573  
8139.0  0.9555  
8143.5  0.9549  
8147.9  0.95481  
8152.4  0.95543  
8156.799999999999  0.95536  
8161.3  0.95462  
8165.700000000001  0.95466  
8170.2  0.95526  
8174.6  0.95588  
8179.099999999999  0.95598  
8183.5  0.95581  
8188.0  0.95619  
8192.4  0.95709  
8196.900000000001  0.95794  
8201.4  0.95796  
8205.800000000001  0.95774  
8210.3  0.95818  
8214.7  0.95877  
8219.199999999999  0.95895  
8223.6  0.95936  
8228.099999999999  0.96021  
8232.5  0.96037  
8237.0  0.9603  
8241.4  0.96116  
8245.9  0.96197  
8250.3  0.9614  
8254.8  0.9609  
8259.3  0.96174  
8263.7  0.96227  
8268.2  0.96228  
8272.6  0.96223  
8277.1  0.96215  
8281.5  0.96149  
8286.0  0.96051  
8290.5  0.9605  
8294.9  0.96068  
8299.400000000001  0.96048  
8303.8  0.96053  
8308.300000000001  0.96031  
8312.8  0.95953  
8317.2  0.95832  
8321.699999999999  0.95666  
8326.1  0.9553  
8330.599999999999  0.95405  
8335.1  0.95265  
8339.5  0.95123  
8344.0  0.94918  
8348.4  0.94558  
8352.9  0.94145  
8357.4  0.93795  
8361.8  0.93338  
8366.3  0.92762  
8370.800000000001  0.92081  
8375.2  0.91198  
8379.7  0.90175  
8384.199999999999  0.89066  
8388.6  0.87759  
8393.099999999999  0.86186  
8397.5  0.84416  
8402.0  0.8245  
8406.5  0.80241  
8410.9  0.77781  
8415.4  0.75021  
8419.9  0.72026  
8424.3  0.68917  
8428.8  0.65752  
8433.300000000001  0.62405  
8437.7  0.58775  
8442.2  0.55022  
8446.699999999999  0.51278  
8451.1  0.4764  
8455.599999999999  0.44089  
8460.1  0.40501  
8464.6  0.37006  
8469.0  0.33759  
8473.5  0.30699  
8478.0  0.27807  
8482.4  0.2513  
8486.900000000001  0.22672  
8491.4  0.20394  
8495.800000000001  0.18357  
8500.3  0.16546  
8504.8  0.14903  
8509.3  0.13414  
8513.7  0.12039  
8518.2  0.10786  
8522.7  0.09701  
8527.1  0.08757  
8531.6  0.07933  
8536.1  0.07199  
8540.599999999999  0.06505  
8545.0  0.05888  
8549.5  0.05389  
8554.0  0.04942  
8558.5  0.04513  
8562.9  0.0414  
8567.4  0.03817  
8571.900000000001  0.03508  
8576.4  0.03224  
8580.800000000001  0.02988  
8585.3  0.02742  
8589.8  0.025  
8594.3  0.02317  
8598.7  0.02169  
8603.2  0.02035  
8607.7  0.0189  
8612.2  0.0176  
8616.699999999999  0.01654  
8621.1  0.01559  
8625.599999999999  0.01471  
8630.1  0.01386  
8634.6  0.01323  
8639.0  0.01248  
8643.5  0.01186  
8648.0  0.01149  
8652.5  0.01098  
8657.0  0.01056  
8661.4  0.01037  
8665.9  0.00993  
8670.4  0.00941  
8674.9  0.00904  
8679.400000000001  0.00864  
8683.8  0.00833  
8688.300000000001  0.00837  
8692.8  0.00842  
8697.3  0.00814  
8701.8  0.00789  
8706.3  0.0079  
8710.7  0.00798  
8715.2  0.00784  
8719.7  0.00783  
8724.199999999999  0.00797  
8728.7  0.0078  
8733.2  0.00754  
8737.6  0.00757  
8742.1  0.0077  
8746.6  0.00781  
8751.1  0.00773  
8755.599999999999  0.00753  
8760.1  0.00737  
8764.6  0.00747  
8769.0  0.00751  
8773.5  0.00751  
8778.0  0.00748  
8782.5  0.00741  
8787.0  0.00747  
8791.5  0.00758  
8796.0  0.00753  

