@MEASUREMENT_RADIUS 13.0 cm
#lambda:
#tr:
#end
6251.799999999999  0.00241  
6256.1  0.00239  
6260.4  0.00254  
6264.700000000001  0.00262  
6269.0  0.0026  
6273.3  0.00262  
6277.6  0.00269  
6281.900000000001  0.0027  
6286.2  0.00275  
6290.5  0.00277  
6294.8  0.0027  
6299.099999999999  0.00262  
6303.400000000001  0.00274  
6307.7  0.00278  
6312.0  0.00267  
6316.3  0.00259  
6320.599999999999  0.00268  
6325.0  0.0028  
6329.299999999999  0.00279  
6333.6  0.00276  
6337.9  0.00288  
6342.200000000001  0.00297  
6346.5  0.00286  
6350.8  0.00271  
6355.1  0.00268  
6359.400000000001  0.00276  
6363.7  0.00272  
6368.099999999999  0.00269  
6372.4  0.00286  
6376.7  0.00299  
6381.0  0.0029  
6385.299999999999  0.00281  
6389.6  0.00291  
6393.9  0.00302  
6398.200000000001  0.00306  
6402.6  0.00303  
6406.900000000001  0.00297  
6411.2  0.00303  
6415.5  0.00305  
6419.8  0.00297  
6424.099999999999  0.00305  
6428.5  0.00322  
6432.799999999999  0.00324  
6437.1  0.00309  
6441.4  0.00303  
6445.700000000001  0.00314  
6450.0  0.00325  
6454.400000000001  0.00327  
6458.7  0.00319  
6463.0  0.00317  
6467.3  0.00326  
6471.599999999999  0.00322  
6476.0  0.00312  
6480.299999999999  0.00323  
6484.6  0.00337  
6488.9  0.00332  
6493.3  0.00317  
6497.6  0.0031  
6501.900000000001  0.00314  
6506.2  0.00316  
6510.5  0.00321  
6514.9  0.00326  
6519.2  0.00318  
6523.5  0.00311  
6527.799999999999  0.0032  
6532.200000000001  0.00335  
6536.5  0.00344  
6540.8  0.00342  
6545.2  0.00334  
6549.5  0.00343  
6553.8  0.00354  
6558.099999999999  0.00354  
6562.5  0.00339  
6566.799999999999  0.00339  
6571.1  0.00358  
6575.5  0.00368  
6579.8  0.00362  
6584.099999999999  0.00358  
6588.400000000001  0.00363  
6592.799999999999  0.0036  
6597.1  0.00359  
6601.4  0.00371  
6605.8  0.00388  
6610.1  0.00402  
6614.400000000001  0.0041  
6618.8  0.00416  
6623.099999999999  0.00425  
6627.4  0.00432  
6631.799999999999  0.0044  
6636.1  0.00441  
6640.4  0.00442  
6644.8  0.00451  
6649.099999999999  0.00457  
6653.5  0.00474  
6657.799999999999  0.00502  
6662.1  0.00506  
6666.5  0.00506  
6670.8  0.00531  
6675.1  0.00556  
6679.5  0.00555  
6683.8  0.00565  
6688.200000000001  0.00587  
6692.5  0.00598  
6696.799999999999  0.00612  
6701.2  0.00632  
6705.5  0.00651  
6709.9  0.00663  
6714.2  0.00686  
6718.5  0.00717  
6722.9  0.0074  
6727.200000000001  0.0077  
6731.599999999999  0.00813  
6735.900000000001  0.00847  
6740.299999999999  0.00878  
6744.6  0.00922  
6748.9  0.00975  
6753.3  0.01032  
6757.6  0.01093  
6762.0  0.01152  
6766.3  0.0122  
6770.700000000001  0.01304  
6775.0  0.01397  
6779.400000000001  0.01489  
6783.7  0.01607  
6788.099999999999  0.01755  
6792.4  0.01905  
6796.799999999999  0.02064  
6801.1  0.02245  
6805.5  0.02453  
6809.8  0.02689  
6814.2  0.02951  
6818.5  0.03234  
6822.9  0.03548  
6827.200000000001  0.03895  
6831.599999999999  0.04282  
6835.900000000001  0.04708  
6840.299999999999  0.05197  
6844.6  0.05747  
6849.0  0.06343  
6853.3  0.06982  
6857.7  0.0769  
6862.0  0.08486  
6866.4  0.09358  
6870.700000000001  0.10311  
6875.1  0.11364  
6879.5  0.12529  
6883.8  0.13817  
6888.200000000001  0.15231  
6892.5  0.16758  
6896.900000000001  0.18436  
6901.2  0.20303  
6905.599999999999  0.22378  
6910.0  0.24614  
6914.299999999999  0.27  
6918.7  0.29573  
6923.0  0.32391  
6927.4  0.35411  
6931.799999999999  0.38564  
6936.1  0.41849  
6940.5  0.45235  
6944.8  0.48693  
6949.2  0.52231  
6953.6  0.55864  
6957.9  0.59538  
6962.3  0.63076  
6966.599999999999  0.66458  
6971.0  0.69793  
6975.4  0.73006  
6979.700000000001  0.75916  
6984.099999999999  0.7855  
6988.5  0.8103  
6992.799999999999  0.83269  
6997.200000000001  0.8521  
7001.599999999999  0.86912  
7005.900000000001  0.88431  
7010.299999999999  0.89737  
7014.700000000001  0.90851  
7019.0  0.91792  
7023.400000000001  0.92567  
7027.799999999999  0.93211  
7032.1  0.93715  
7036.5  0.94143  
7040.900000000001  0.94567  
7045.2  0.94939  
7049.6  0.95219  
7054.0  0.95422  
7058.3  0.95586  
7062.7  0.95716  
7067.1  0.95806  
7071.5  0.95891  
7075.8  0.95969  
7080.2  0.96022  
7084.6  0.96075  
7088.9  0.96077  
7093.3  0.96068  
7097.7  0.96103  
7102.1  0.96111  
7106.4  0.96119  
7110.8  0.96111  
7115.2  0.96052  
7119.6  0.96059  
7123.9  0.96138  
7128.3  0.96166  
7132.7  0.9613  
7137.1  0.96117  
7141.4  0.96164  
7145.8  0.96224  
7150.2  0.96253  
7154.6  0.96302  
7159.0  0.964  
7163.3  0.96459  
7167.7  0.96507  
7172.1  0.9657  
7176.5  0.96646  
7180.900000000001  0.96723  
7185.2  0.96811  
7189.6  0.96909  
7194.0  0.96963  
7198.400000000001  0.97014  
7202.799999999999  0.97086  
7207.1  0.9712  
7211.5  0.97095  
7215.900000000001  0.97062  
7220.299999999999  0.96996  
7224.700000000001  0.96952  
7229.099999999999  0.96946  
7233.400000000001  0.96861  
7237.799999999999  0.96755  
7242.200000000001  0.96668  
7246.599999999999  0.9656  
7251.0  0.96456  
7255.4  0.9639  
7259.700000000001  0.96308  
7264.099999999999  0.96237  
7268.5  0.96256  
7272.9  0.96313  
7277.3  0.96302  
7281.7  0.96282  
7286.1  0.96329  
7290.5  0.96399  
7294.9  0.96464  
7299.2  0.9656  
7303.6  0.96707  
7308.0  0.96844  
7312.4  0.96924  
7316.799999999999  0.9698  
7321.2  0.97093  
7325.599999999999  0.97209  
7330.0  0.97264  
7334.400000000001  0.97321  
7338.8  0.97303  
7343.099999999999  0.97226  
7347.5  0.97223  
7351.900000000001  0.97251  
7356.3  0.97199  
7360.700000000001  0.97097  
7365.1  0.9702  
7369.5  0.96915  
7373.9  0.96777  
7378.3  0.96695  
7382.7  0.96648  
7387.1  0.96577  
7391.5  0.96491  
7395.900000000001  0.96433  
7400.299999999999  0.96369  
7404.700000000001  0.96311  
7409.099999999999  0.96293  
7413.5  0.96264  
7417.9  0.96244  
7422.3  0.96279  
7426.7  0.96334  
7431.1  0.96408  
7435.5  0.96429  
7439.9  0.9635  
7444.299999999999  0.9631  
7448.7  0.96394  
7453.099999999999  0.96473  
7457.5  0.96437  
7461.900000000001  0.96378  
7466.3  0.96396  
7470.700000000001  0.96418  
7475.1  0.96364  
7479.5  0.96304  
7483.9  0.96279  
7488.3  0.96273  
7492.7  0.96272  
7497.1  0.96241  
7501.5  0.96138  
7505.900000000001  0.96104  
7510.299999999999  0.96155  
7514.700000000001  0.96181  
7519.099999999999  0.962  
7523.5  0.96229  
7527.9  0.96246  
7532.3  0.96256  
7536.799999999999  0.96287  
7541.2  0.96347  
7545.599999999999  0.96443  
7550.0  0.96503  
7554.400000000001  0.96496  
7558.8  0.96528  
7563.200000000001  0.96619  
7567.6  0.9664  
7572.0  0.96581  
7576.4  0.96577  
7580.8  0.96634  
7585.299999999999  0.96613  
7589.700000000001  0.96515  
7594.099999999999  0.96449  
7598.5  0.96423  
7602.9  0.96362  
7607.3  0.96292  
7611.7  0.96211  
7616.1  0.96067  
7620.599999999999  0.95896  
7625.0  0.95742  
7629.400000000001  0.95594  
7633.8  0.95429  
7638.200000000001  0.95252  
7642.6  0.95109  
7647.0  0.94996  
7651.5  0.94886  
7655.900000000001  0.94739  
7660.299999999999  0.94594  
7664.700000000001  0.945  
7669.099999999999  0.94405  
7673.5  0.94302  
7678.0  0.94226  
7682.4  0.9421  
7686.799999999999  0.94196  
7691.2  0.94161  
7695.599999999999  0.94179  
7700.0  0.9428  
7704.5  0.94366  
7708.9  0.94383  
7713.3  0.9441  
7717.7  0.94537  
7722.1  0.94717  
7726.599999999999  0.94868  
7731.0  0.94963  
7735.4  0.95117  
7739.8  0.95348  
7744.299999999999  0.95466  
7748.7  0.95517  
7753.099999999999  0.95709  
7757.5  0.95964  
7761.900000000001  0.96091  
7766.4  0.96141  
7770.8  0.96248  
7775.2  0.96406  
7779.6  0.9651  
7784.099999999999  0.96523  
7788.5  0.96548  
7792.9  0.96587  
7797.3  0.96604  
7801.799999999999  0.96613  
7806.2  0.96652  
7810.599999999999  0.96672  
7815.0  0.96571  
7819.5  0.96487  
7823.9  0.96494  
7828.3  0.96423  
7832.799999999999  0.96299  
7837.200000000001  0.96213  
7841.599999999999  0.96166  
7846.0  0.96068  
7850.5  0.95957  
7854.9  0.95929  
7859.299999999999  0.95863  
7863.8  0.95747  
7868.200000000001  0.95696  
7872.6  0.9568  
7877.1  0.95645  
7881.5  0.95605  
7885.900000000001  0.95524  
7890.4  0.95399  
7894.8  0.95335  
7899.2  0.95337  
7903.7  0.95385  
7908.099999999999  0.9541  
7912.5  0.95386  
7917.0  0.95374  
7921.4  0.95382  
7925.8  0.95381  
7930.299999999999  0.95391  
7934.700000000001  0.95415  
7939.099999999999  0.95406  
7943.6  0.95373  
7948.0  0.95408  
7952.4  0.95513  
7956.900000000001  0.95567  
7961.3  0.95585  
7965.700000000001  0.9559  
7970.2  0.95637  
7974.6  0.95765  
7979.099999999999  0.95885  
7983.5  0.95977  
7987.9  0.96036  
7992.4  0.96016  
7996.799999999999  0.96036  
8001.3  0.96176  
8005.700000000001  0.96326  
8010.1  0.96424  
8014.6  0.96451  
8019.0  0.96479  
8023.5  0.96552  
8027.9  0.96674  
8032.3  0.96718  
8036.799999999999  0.96673  
8041.2  0.96669  
8045.700000000001  0.96705  
8050.1  0.96716  
8054.6  0.96683  
8059.0  0.96668  
8063.400000000001  0.96656  
8067.9  0.96571  
8072.3  0.96513  
8076.799999999999  0.9654  
8081.2  0.96501  
8085.700000000001  0.96409  
8090.1  0.96286  
8094.6  0.96172  
8099.0  0.96125  
8103.5  0.96105  
8107.9  0.96026  
8112.3  0.95888  
8116.799999999999  0.95814  
8121.2  0.9583  
8125.700000000001  0.95809  
8130.1  0.95711  
8134.6  0.9562  
8139.0  0.95582  
8143.5  0.95605  
8147.9  0.9562  
8152.4  0.95598  
8156.799999999999  0.95576  
8161.3  0.95556  
8165.700000000001  0.95629  
8170.2  0.95689  
8174.6  0.95606  
8179.099999999999  0.95534  
8183.5  0.95613  
8188.0  0.9568  
8192.4  0.95678  
8196.900000000001  0.95773  
8201.4  0.95915  
8205.800000000001  0.95901  
8210.3  0.9579  
8214.7  0.95777  
8219.199999999999  0.95867  
8223.6  0.95958  
8228.099999999999  0.95989  
8232.5  0.96008  
8237.0  0.96053  
8241.4  0.96058  
8245.9  0.95998  
8250.3  0.9599  
8254.8  0.96083  
8259.3  0.96179  
8263.7  0.96172  
8268.2  0.96103  
8272.6  0.96041  
8277.1  0.96061  
8281.5  0.96109  
8286.0  0.96092  
8290.5  0.96057  
8294.9  0.9602  
8299.400000000001  0.96006  
8303.8  0.9603  
8308.300000000001  0.95992  
8312.8  0.95904  
8317.2  0.95824  
8321.699999999999  0.95733  
8326.1  0.95649  
8330.599999999999  0.95539  
8335.1  0.95387  
8339.5  0.95182  
8344.0  0.94985  
8348.4  0.94765  
8352.9  0.94466  
8357.4  0.94097  
8361.8  0.93646  
8366.3  0.93105  
8370.800000000001  0.92491  
8375.2  0.91785  
8379.7  0.90945  
8384.199999999999  0.89916  
8388.6  0.88662  
8393.099999999999  0.8727  
8397.5  0.85732  
8402.0  0.83977  
8406.5  0.81963  
8410.9  0.79692  
8415.4  0.7714  
8419.9  0.74378  
8424.3  0.71505  
8428.8  0.68474  
8433.300000000001  0.65263  
8437.7  0.61843  
8442.2  0.58264  
8446.699999999999  0.54679  
8451.1  0.51128  
8455.599999999999  0.47503  
8460.1  0.43858  
8464.6  0.4037  
8469.0  0.37009  
8473.5  0.33735  
8478.0  0.30649  
8482.4  0.2779  
8486.900000000001  0.25198  
8491.4  0.22825  
8495.800000000001  0.2057  
8500.3  0.18495  
8504.8  0.16654  
8509.3  0.14989  
8513.7  0.13483  
8518.2  0.12122  
8522.7  0.10868  
8527.1  0.09766  
8531.6  0.08842  
8536.1  0.08006  
8540.599999999999  0.07245  
8545.0  0.06571  
8549.5  0.05976  
8554.0  0.0546  
8558.5  0.05003  
8562.9  0.04588  
8567.4  0.04197  
8571.900000000001  0.03863  
8576.4  0.03547  
8580.800000000001  0.03247  
8585.3  0.02989  
8589.8  0.0275  
8594.3  0.02525  
8598.7  0.02326  
8603.2  0.02164  
8607.7  0.02017  
8612.2  0.01869  
8616.699999999999  0.01752  
8621.1  0.01649  
8625.599999999999  0.01548  
8630.1  0.01484  
8634.6  0.01433  
8639.0  0.01358  
8643.5  0.01296  
8648.0  0.01247  
8652.5  0.01188  
8657.0  0.01122  
8661.4  0.01067  
8665.9  0.01028  
8670.4  0.00989  
8674.9  0.00939  
8679.400000000001  0.00906  
8683.8  0.00894  
8688.300000000001  0.00908  
8692.8  0.0091  
8697.3  0.00874  
8701.8  0.00822  
8706.3  0.00808  
8710.7  0.00814  
8715.2  0.00802  
8719.7  0.00798  
8724.199999999999  0.00794  
8728.7  0.00778  
8733.2  0.00747  
8737.6  0.00751  
8742.1  0.00766  
8746.6  0.00774  
8751.1  0.00779  
8755.599999999999  0.0078  
8760.1  0.0076  
8764.6  0.00742  
8769.0  0.00739  
8773.5  0.00738  
8778.0  0.00741  
8782.5  0.00766  
8787.0  0.00791  
8791.5  0.00778  
8796.0  0.00756  

