@MEASUREMENT_RADIUS 14.0 cm
#lambda:
#tr:
#end
6251.799999999999  0.00244  
6256.1  0.00251  
6260.4  0.0025  
6264.700000000001  0.00248  
6269.0  0.00249  
6273.3  0.00257  
6277.6  0.00266  
6281.900000000001  0.00269  
6286.2  0.00265  
6290.5  0.00264  
6294.8  0.00273  
6299.099999999999  0.00272  
6303.400000000001  0.00264  
6307.7  0.00269  
6312.0  0.00279  
6316.3  0.00276  
6320.599999999999  0.00279  
6325.0  0.00288  
6329.299999999999  0.00294  
6333.6  0.00288  
6337.9  0.00278  
6342.200000000001  0.00274  
6346.5  0.00275  
6350.8  0.00279  
6355.1  0.00283  
6359.400000000001  0.00286  
6363.7  0.00279  
6368.099999999999  0.00277  
6372.4  0.00287  
6376.7  0.00293  
6381.0  0.00296  
6385.299999999999  0.00295  
6389.6  0.00294  
6393.9  0.003  
6398.200000000001  0.0031  
6402.6  0.00315  
6406.900000000001  0.00308  
6411.2  0.00306  
6415.5  0.00307  
6419.8  0.00305  
6424.099999999999  0.00308  
6428.5  0.00328  
6432.799999999999  0.00327  
6437.1  0.00303  
6441.4  0.00299  
6445.700000000001  0.00322  
6450.0  0.00332  
6454.400000000001  0.00328  
6458.7  0.00324  
6463.0  0.00326  
6467.3  0.00321  
6471.599999999999  0.00323  
6476.0  0.00322  
6480.299999999999  0.00313  
6484.6  0.00318  
6488.9  0.00329  
6493.3  0.00333  
6497.6  0.00332  
6501.900000000001  0.00323  
6506.2  0.00319  
6510.5  0.00324  
6514.9  0.00329  
6519.2  0.00338  
6523.5  0.00345  
6527.799999999999  0.00342  
6532.200000000001  0.00333  
6536.5  0.00329  
6540.8  0.00333  
6545.2  0.00336  
6549.5  0.00343  
6553.8  0.00352  
6558.099999999999  0.00358  
6562.5  0.00351  
6566.799999999999  0.00357  
6571.1  0.00363  
6575.5  0.0036  
6579.8  0.00362  
6584.099999999999  0.00368  
6588.400000000001  0.00371  
6592.799999999999  0.00384  
6597.1  0.00394  
6601.4  0.0039  
6605.8  0.00398  
6610.1  0.00417  
6614.400000000001  0.00421  
6618.8  0.0042  
6623.099999999999  0.00418  
6627.4  0.00418  
6631.799999999999  0.00439  
6636.1  0.00461  
6640.4  0.00464  
6644.8  0.00459  
6649.099999999999  0.00473  
6653.5  0.00496  
6657.799999999999  0.00508  
6662.1  0.00514  
6666.5  0.00531  
6670.8  0.00547  
6675.1  0.00559  
6679.5  0.00573  
6683.8  0.00593  
6688.200000000001  0.00607  
6692.5  0.00618  
6696.799999999999  0.00635  
6701.2  0.0066  
6705.5  0.00679  
6709.9  0.00698  
6714.2  0.00724  
6718.5  0.00749  
6722.9  0.0077  
6727.200000000001  0.00807  
6731.599999999999  0.0085  
6735.900000000001  0.00879  
6740.299999999999  0.00919  
6744.6  0.00968  
6748.9  0.01018  
6753.3  0.01079  
6757.6  0.01154  
6762.0  0.01227  
6766.3  0.01302  
6770.700000000001  0.01388  
6775.0  0.0149  
6779.400000000001  0.01602  
6783.7  0.01735  
6788.099999999999  0.01886  
6792.4  0.0205  
6796.799999999999  0.02241  
6801.1  0.02449  
6805.5  0.02678  
6809.8  0.02937  
6814.2  0.03214  
6818.5  0.03525  
6822.9  0.03883  
6827.200000000001  0.04282  
6831.599999999999  0.04719  
6835.900000000001  0.0519  
6840.299999999999  0.057  
6844.6  0.06283  
6849.0  0.06955  
6853.3  0.07673  
6857.7  0.08454  
6862.0  0.09323  
6866.4  0.10269  
6870.700000000001  0.11332  
6875.1  0.12508  
6879.5  0.13769  
6883.8  0.15158  
6888.200000000001  0.16705  
6892.5  0.18394  
6896.900000000001  0.20248  
6901.2  0.22289  
6905.599999999999  0.24487  
6910.0  0.2686  
6914.299999999999  0.29472  
6918.7  0.32285  
6923.0  0.35253  
6927.4  0.38356  
6931.799999999999  0.41601  
6936.1  0.45002  
6940.5  0.48527  
6944.8  0.52099  
6949.2  0.55711  
6953.6  0.59343  
6957.9  0.62944  
6962.3  0.66402  
6966.599999999999  0.69681  
6971.0  0.72866  
6975.4  0.7585  
6979.700000000001  0.78557  
6984.099999999999  0.81046  
6988.5  0.83266  
6992.799999999999  0.85214  
6997.200000000001  0.86953  
7001.599999999999  0.88465  
7005.900000000001  0.89767  
7010.299999999999  0.90866  
7014.700000000001  0.91776  
7019.0  0.92575  
7023.400000000001  0.93276  
7027.799999999999  0.9384  
7032.1  0.94267  
7036.5  0.94618  
7040.900000000001  0.9496  
7045.2  0.95263  
7049.6  0.95446  
7054.0  0.95576  
7058.3  0.95737  
7062.7  0.95865  
7067.1  0.95941  
7071.5  0.95998  
7075.8  0.96024  
7080.2  0.96017  
7084.6  0.96011  
7088.9  0.95982  
7093.3  0.9598  
7097.7  0.96019  
7102.1  0.96003  
7106.4  0.95945  
7110.8  0.95926  
7115.2  0.95923  
7119.6  0.95939  
7123.9  0.95989  
7128.3  0.95995  
7132.7  0.95956  
7137.1  0.95949  
7141.4  0.96011  
7145.8  0.96128  
7150.2  0.96269  
7154.6  0.96382  
7159.0  0.96463  
7163.3  0.9652  
7167.7  0.96587  
7172.1  0.96715  
7176.5  0.96859  
7180.900000000001  0.96937  
7185.2  0.96948  
7189.6  0.96952  
7194.0  0.96999  
7198.400000000001  0.97051  
7202.799999999999  0.97039  
7207.1  0.97009  
7211.5  0.96989  
7215.900000000001  0.96912  
7220.299999999999  0.96794  
7224.700000000001  0.96735  
7229.099999999999  0.96721  
7233.400000000001  0.9657  
7237.799999999999  0.96386  
7242.200000000001  0.96338  
7246.599999999999  0.96315  
7251.0  0.96232  
7255.4  0.96187  
7259.700000000001  0.96194  
7264.099999999999  0.96186  
7268.5  0.96189  
7272.9  0.96252  
7277.3  0.963  
7281.7  0.96328  
7286.1  0.96421  
7290.5  0.96555  
7294.9  0.96689  
7299.2  0.96842  
7303.6  0.96964  
7308.0  0.96996  
7312.4  0.9705  
7316.799999999999  0.97191  
7321.2  0.97288  
7325.599999999999  0.97243  
7330.0  0.97174  
7334.400000000001  0.97249  
7338.8  0.97311  
7343.099999999999  0.97171  
7347.5  0.96997  
7351.900000000001  0.96937  
7356.3  0.96914  
7360.700000000001  0.9686  
7365.1  0.96778  
7369.5  0.96662  
7373.9  0.96609  
7378.3  0.96576  
7382.7  0.96427  
7387.1  0.96313  
7391.5  0.96308  
7395.900000000001  0.9632  
7400.299999999999  0.96303  
7404.700000000001  0.96269  
7409.099999999999  0.96253  
7413.5  0.96271  
7417.9  0.96305  
7422.3  0.96352  
7426.7  0.96391  
7431.1  0.96382  
7435.5  0.96342  
7439.9  0.96347  
7444.299999999999  0.96377  
7448.7  0.96338  
7453.099999999999  0.96302  
7457.5  0.96312  
7461.900000000001  0.96308  
7466.3  0.96308  
7470.700000000001  0.96283  
7475.1  0.96162  
7479.5  0.96088  
7483.9  0.96101  
7488.3  0.96125  
7492.7  0.96134  
7497.1  0.96067  
7501.5  0.95997  
7505.900000000001  0.96011  
7510.299999999999  0.96044  
7514.700000000001  0.9607  
7519.099999999999  0.96122  
7523.5  0.96218  
7527.9  0.96295  
7532.3  0.96276  
7536.799999999999  0.96258  
7541.2  0.96346  
7545.599999999999  0.96483  
7550.0  0.96565  
7554.400000000001  0.96567  
7558.8  0.96571  
7563.200000000001  0.96637  
7567.6  0.9672  
7572.0  0.96754  
7576.4  0.96742  
7580.8  0.96661  
7585.299999999999  0.96555  
7589.700000000001  0.96493  
7594.099999999999  0.96429  
7598.5  0.96399  
7602.9  0.96344  
7607.3  0.96154  
7611.7  0.95955  
7616.1  0.95854  
7620.599999999999  0.95783  
7625.0  0.95652  
7629.400000000001  0.95412  
7633.8  0.95151  
7638.200000000001  0.95031  
7642.6  0.9499  
7647.0  0.94847  
7651.5  0.9466  
7655.900000000001  0.94503  
7660.299999999999  0.94375  
7664.700000000001  0.94281  
7669.099999999999  0.94217  
7673.5  0.94168  
7678.0  0.94114  
7682.4  0.94095  
7686.799999999999  0.94098  
7691.2  0.94113  
7695.599999999999  0.94167  
7700.0  0.94243  
7704.5  0.94325  
7708.9  0.94407  
7713.3  0.94485  
7717.7  0.94602  
7722.1  0.9477  
7726.599999999999  0.94926  
7731.0  0.95059  
7735.4  0.95243  
7739.8  0.95472  
7744.299999999999  0.95612  
7748.7  0.95678  
7753.099999999999  0.95835  
7757.5  0.96004  
7761.900000000001  0.96078  
7766.4  0.96193  
7770.8  0.96361  
7775.2  0.96431  
7779.6  0.9645  
7784.099999999999  0.96514  
7788.5  0.96549  
7792.9  0.96522  
7797.3  0.96495  
7801.799999999999  0.96546  
7806.2  0.96604  
7810.599999999999  0.96534  
7815.0  0.96431  
7819.5  0.96409  
7823.9  0.96393  
7828.3  0.96296  
7832.799999999999  0.96177  
7837.200000000001  0.9607  
7841.599999999999  0.96  
7846.0  0.95953  
7850.5  0.95932  
7854.9  0.95912  
7859.299999999999  0.9578  
7863.8  0.95631  
7868.200000000001  0.95616  
7872.6  0.95649  
7877.1  0.95599  
7881.5  0.95478  
7885.900000000001  0.95383  
7890.4  0.95381  
7894.8  0.95397  
7899.2  0.95343  
7903.7  0.95309  
7908.099999999999  0.95264  
7912.5  0.95228  
7917.0  0.95278  
7921.4  0.95301  
7925.8  0.95285  
7930.299999999999  0.95334  
7934.700000000001  0.95386  
7939.099999999999  0.95374  
7943.6  0.95348  
7948.0  0.95402  
7952.4  0.95512  
7956.900000000001  0.95601  
7961.3  0.9565  
7965.700000000001  0.95657  
7970.2  0.95677  
7974.6  0.95771  
7979.099999999999  0.95927  
7983.5  0.96043  
7987.9  0.96094  
7992.4  0.96094  
7996.799999999999  0.96142  
8001.3  0.96294  
8005.700000000001  0.96402  
8010.1  0.9643  
8014.6  0.96491  
8019.0  0.96576  
8023.5  0.96542  
8027.9  0.96558  
8032.3  0.96655  
8036.799999999999  0.96664  
8041.2  0.96611  
8045.700000000001  0.96602  
8050.1  0.96648  
8054.6  0.96631  
8059.0  0.96541  
8063.400000000001  0.96483  
8067.9  0.96418  
8072.3  0.96377  
8076.799999999999  0.96413  
8081.2  0.96331  
8085.700000000001  0.96168  
8090.1  0.96083  
8094.6  0.96111  
8099.0  0.96129  
8103.5  0.96009  
8107.9  0.9584  
8112.3  0.95767  
8116.799999999999  0.95746  
8121.2  0.95778  
8125.700000000001  0.95841  
8130.1  0.9577  
8134.6  0.95636  
8139.0  0.95547  
8143.5  0.95539  
8147.9  0.95601  
8152.4  0.95653  
8156.799999999999  0.95648  
8161.3  0.95656  
8165.700000000001  0.95699  
8170.2  0.95637  
8174.6  0.95548  
8179.099999999999  0.95598  
8183.5  0.95771  
8188.0  0.95803  
8192.4  0.95686  
8196.900000000001  0.95719  
8201.4  0.95817  
8205.800000000001  0.95757  
8210.3  0.95655  
8214.7  0.95729  
8219.199999999999  0.95832  
8223.6  0.95855  
8228.099999999999  0.95893  
8232.5  0.95903  
8237.0  0.95899  
8241.4  0.95951  
8245.9  0.95948  
8250.3  0.95902  
8254.8  0.95965  
8259.3  0.96053  
8263.7  0.96038  
8268.2  0.96038  
8272.6  0.96057  
8277.1  0.96035  
8281.5  0.96012  
8286.0  0.9601  
8290.5  0.96056  
8294.9  0.96026  
8299.400000000001  0.95894  
8303.8  0.95906  
8308.300000000001  0.95946  
8312.8  0.95816  
8317.2  0.95674  
8321.699999999999  0.95661  
8326.1  0.9567  
8330.599999999999  0.95516  
8335.1  0.95288  
8339.5  0.9517  
8344.0  0.95051  
8348.4  0.94789  
8352.9  0.94488  
8357.4  0.94214  
8361.8  0.93775  
8366.3  0.9316  
8370.800000000001  0.92568  
8375.2  0.91907  
8379.7  0.91021  
8384.199999999999  0.90001  
8388.6  0.889  
8393.099999999999  0.87576  
8397.5  0.85995  
8402.0  0.84179  
8406.5  0.82116  
8410.9  0.79876  
8415.4  0.77387  
8419.9  0.74623  
8424.3  0.71717  
8428.8  0.68615  
8433.300000000001  0.65305  
8437.7  0.61897  
8442.2  0.58357  
8446.699999999999  0.54679  
8451.1  0.51015  
8455.599999999999  0.47401  
8460.1  0.43749  
8464.6  0.40164  
8469.0  0.36795  
8473.5  0.3358  
8478.0  0.30493  
8482.4  0.27649  
8486.900000000001  0.25086  
8491.4  0.22668  
8495.800000000001  0.20407  
8500.3  0.18418  
8504.8  0.16608  
8509.3  0.14901  
8513.7  0.1338  
8518.2  0.1203  
8522.7  0.10824  
8527.1  0.09746  
8531.6  0.088  
8536.1  0.07977  
8540.599999999999  0.07228  
8545.0  0.06559  
8549.5  0.05986  
8554.0  0.05469  
8558.5  0.04998  
8562.9  0.04582  
8567.4  0.04197  
8571.900000000001  0.0385  
8576.4  0.03558  
8580.800000000001  0.03279  
8585.3  0.03013  
8589.8  0.02775  
8594.3  0.02552  
8598.7  0.0234  
8603.2  0.02167  
8607.7  0.02026  
8612.2  0.01892  
8616.699999999999  0.01782  
8621.1  0.01678  
8625.599999999999  0.01585  
8630.1  0.01507  
8634.6  0.01421  
8639.0  0.0134  
8643.5  0.01296  
8648.0  0.01238  
8652.5  0.01171  
8657.0  0.01121  
8661.4  0.01078  
8665.9  0.01031  
8670.4  0.01008  
8674.9  0.00982  
8679.400000000001  0.00936  
8683.8  0.00905  
8688.300000000001  0.00894  
8692.8  0.00873  
8697.3  0.00844  
8701.8  0.00835  
8706.3  0.00828  
8710.7  0.00819  
8715.2  0.00819  
8719.7  0.00817  
8724.199999999999  0.00801  
8728.7  0.0078  
8733.2  0.00787  
8737.6  0.00794  
8742.1  0.00761  
8746.6  0.00753  
8751.1  0.00783  
8755.599999999999  0.00795  
8760.1  0.0077  
8764.6  0.00766  
8769.0  0.00766  
8773.5  0.00747  
8778.0  0.00752  
8782.5  0.00809  
8787.0  0.00813  
8791.5  0.00772  
8796.0  0.00767  

