@MEASUREMENT_RADIUS 15.0 cm
#lambda:
#tr:
#end
6251.799999999999  0.00244  
6256.1  0.00237  
6260.4  0.00254  
6264.700000000001  0.00264  
6269.0  0.00263  
6273.3  0.0026  
6277.6  0.00267  
6281.900000000001  0.00274  
6286.2  0.00274  
6290.5  0.00265  
6294.8  0.00263  
6299.099999999999  0.00262  
6303.400000000001  0.00272  
6307.7  0.00299  
6312.0  0.00303  
6316.3  0.00276  
6320.599999999999  0.00274  
6325.0  0.00291  
6329.299999999999  0.00289  
6333.6  0.00271  
6337.9  0.00269  
6342.200000000001  0.00285  
6346.5  0.00298  
6350.8  0.00302  
6355.1  0.00289  
6359.400000000001  0.00275  
6363.7  0.00287  
6368.099999999999  0.00304  
6372.4  0.00298  
6376.7  0.00288  
6381.0  0.00291  
6385.299999999999  0.00299  
6389.6  0.00306  
6393.9  0.00315  
6398.200000000001  0.00314  
6402.6  0.00304  
6406.900000000001  0.00308  
6411.2  0.00317  
6415.5  0.00308  
6419.8  0.00311  
6424.099999999999  0.0033  
6428.5  0.00328  
6432.799999999999  0.00305  
6437.1  0.00296  
6441.4  0.00313  
6445.700000000001  0.00333  
6450.0  0.00334  
6454.400000000001  0.00324  
6458.7  0.00311  
6463.0  0.00309  
6467.3  0.00314  
6471.599999999999  0.00316  
6476.0  0.00314  
6480.299999999999  0.0031  
6484.6  0.00315  
6488.9  0.0032  
6493.3  0.00322  
6497.6  0.00329  
6501.900000000001  0.00339  
6506.2  0.00334  
6510.5  0.00317  
6514.9  0.00324  
6519.2  0.00341  
6523.5  0.00336  
6527.799999999999  0.00327  
6532.200000000001  0.00335  
6536.5  0.00345  
6540.8  0.00351  
6545.2  0.00358  
6549.5  0.0036  
6553.8  0.00354  
6558.099999999999  0.00365  
6562.5  0.00375  
6566.799999999999  0.00371  
6571.1  0.00367  
6575.5  0.00374  
6579.8  0.00371  
6584.099999999999  0.00366  
6588.400000000001  0.00375  
6592.799999999999  0.00395  
6597.1  0.00414  
6601.4  0.00413  
6605.8  0.0041  
6610.1  0.00418  
6614.400000000001  0.00427  
6618.8  0.0044  
6623.099999999999  0.00443  
6627.4  0.00444  
6631.799999999999  0.00467  
6636.1  0.00487  
6640.4  0.0048  
6644.8  0.00473  
6649.099999999999  0.00498  
6653.5  0.00527  
6657.799999999999  0.00536  
6662.1  0.00542  
6666.5  0.00556  
6670.8  0.00569  
6675.1  0.00582  
6679.5  0.00587  
6683.8  0.006  
6688.200000000001  0.00626  
6692.5  0.00657  
6696.799999999999  0.0068  
6701.2  0.00698  
6705.5  0.00721  
6709.9  0.00751  
6714.2  0.0078  
6718.5  0.00812  
6722.9  0.00847  
6727.200000000001  0.00883  
6731.599999999999  0.00927  
6735.900000000001  0.00974  
6740.299999999999  0.01017  
6744.6  0.01075  
6748.9  0.01148  
6753.3  0.0122  
6757.6  0.01284  
6762.0  0.01361  
6766.3  0.01478  
6770.700000000001  0.01607  
6775.0  0.01728  
6779.400000000001  0.01862  
6783.7  0.02024  
6788.099999999999  0.02201  
6792.4  0.02399  
6796.799999999999  0.02627  
6801.1  0.02879  
6805.5  0.03146  
6809.8  0.03438  
6814.2  0.03781  
6818.5  0.04189  
6822.9  0.0463  
6827.200000000001  0.05087  
6831.599999999999  0.05592  
6835.900000000001  0.06156  
6840.299999999999  0.06791  
6844.6  0.07503  
6849.0  0.08289  
6853.3  0.0914  
6857.7  0.10069  
6862.0  0.11088  
6866.4  0.12219  
6870.700000000001  0.13478  
6875.1  0.1486  
6879.5  0.16364  
6883.8  0.18017  
6888.200000000001  0.19846  
6892.5  0.21844  
6896.900000000001  0.24005  
6901.2  0.26354  
6905.599999999999  0.28906  
6910.0  0.31619  
6914.299999999999  0.3452  
6918.7  0.37632  
6923.0  0.40886  
6927.4  0.44252  
6931.799999999999  0.47758  
6936.1  0.51356  
6940.5  0.54949  
6944.8  0.58516  
6949.2  0.62064  
6953.6  0.65579  
6957.9  0.69022  
6962.3  0.72253  
6966.599999999999  0.75202  
6971.0  0.77976  
6975.4  0.80563  
6979.700000000001  0.82881  
6984.099999999999  0.8494  
6988.5  0.86729  
6992.799999999999  0.88274  
6997.200000000001  0.89585  
7001.599999999999  0.90699  
7005.900000000001  0.91716  
7010.299999999999  0.92581  
7014.700000000001  0.93239  
7019.0  0.93803  
7023.400000000001  0.94312  
7027.799999999999  0.94708  
7032.1  0.95022  
7036.5  0.95276  
7040.900000000001  0.95484  
7045.2  0.95656  
7049.6  0.95767  
7054.0  0.95839  
7058.3  0.95908  
7062.7  0.95976  
7067.1  0.95994  
7071.5  0.95967  
7075.8  0.95964  
7080.2  0.9596  
7084.6  0.9591  
7088.9  0.95831  
7093.3  0.95797  
7097.7  0.95816  
7102.1  0.95824  
7106.4  0.95799  
7110.8  0.9578  
7115.2  0.95789  
7119.6  0.9582  
7123.9  0.95875  
7128.3  0.95942  
7132.7  0.96001  
7137.1  0.96097  
7141.4  0.9621  
7145.8  0.96273  
7150.2  0.9638  
7154.6  0.96574  
7159.0  0.96705  
7163.3  0.96699  
7167.7  0.96731  
7172.1  0.96862  
7176.5  0.96973  
7180.900000000001  0.9699  
7185.2  0.96975  
7189.6  0.96982  
7194.0  0.96973  
7198.400000000001  0.96932  
7202.799999999999  0.96866  
7207.1  0.96782  
7211.5  0.96678  
7215.900000000001  0.9654  
7220.299999999999  0.96423  
7224.700000000001  0.96397  
7229.099999999999  0.96336  
7233.400000000001  0.9618  
7237.799999999999  0.96098  
7242.200000000001  0.96117  
7246.599999999999  0.96141  
7251.0  0.96131  
7255.4  0.96132  
7259.700000000001  0.96124  
7264.099999999999  0.96138  
7268.5  0.96271  
7272.9  0.96446  
7277.3  0.96538  
7281.7  0.96601  
7286.1  0.96711  
7290.5  0.96823  
7294.9  0.96931  
7299.2  0.97047  
7303.6  0.97138  
7308.0  0.97171  
7312.4  0.97208  
7316.799999999999  0.97265  
7321.2  0.97256  
7325.599999999999  0.97163  
7330.0  0.97072  
7334.400000000001  0.97054  
7338.8  0.97019  
7343.099999999999  0.96889  
7347.5  0.96769  
7351.900000000001  0.96728  
7356.3  0.96665  
7360.700000000001  0.96544  
7365.1  0.96487  
7369.5  0.96448  
7373.9  0.96383  
7378.3  0.96359  
7382.7  0.96335  
7387.1  0.96312  
7391.5  0.96288  
7395.900000000001  0.96292  
7400.299999999999  0.96341  
7404.700000000001  0.96386  
7409.099999999999  0.96362  
7413.5  0.96306  
7417.9  0.96339  
7422.3  0.9645  
7426.7  0.96498  
7431.1  0.96414  
7435.5  0.96319  
7439.9  0.96322  
7444.299999999999  0.96335  
7448.7  0.96282  
7453.099999999999  0.9623  
7457.5  0.96202  
7461.900000000001  0.96153  
7466.3  0.96094  
7470.700000000001  0.96068  
7475.1  0.96038  
7479.5  0.95995  
7483.9  0.95956  
7488.3  0.95967  
7492.7  0.9599  
7497.1  0.95946  
7501.5  0.95904  
7505.900000000001  0.95979  
7510.299999999999  0.96103  
7514.700000000001  0.96156  
7519.099999999999  0.96196  
7523.5  0.9629  
7527.9  0.96392  
7532.3  0.96438  
7536.799999999999  0.96474  
7541.2  0.96548  
7545.599999999999  0.96659  
7550.0  0.96757  
7554.400000000001  0.96754  
7558.8  0.96735  
7563.200000000001  0.96774  
7567.6  0.96772  
7572.0  0.96731  
7576.4  0.96691  
7580.8  0.96632  
7585.299999999999  0.96542  
7589.700000000001  0.9643  
7594.099999999999  0.96335  
7598.5  0.96221  
7602.9  0.96075  
7607.3  0.959  
7611.7  0.95694  
7616.1  0.95568  
7620.599999999999  0.95482  
7625.0  0.95283  
7629.400000000001  0.95033  
7633.8  0.94862  
7638.200000000001  0.94756  
7642.6  0.94649  
7647.0  0.94502  
7651.5  0.94378  
7655.900000000001  0.94281  
7660.299999999999  0.94177  
7664.700000000001  0.94084  
7669.099999999999  0.94026  
7673.5  0.93989  
7678.0  0.93988  
7682.4  0.94063  
7686.799999999999  0.9411  
7691.2  0.94149  
7695.599999999999  0.94243  
7700.0  0.94363  
7704.5  0.94489  
7708.9  0.94606  
7713.3  0.94705  
7717.7  0.94833  
7722.1  0.95022  
7726.599999999999  0.95211  
7731.0  0.95367  
7735.4  0.95531  
7739.8  0.95668  
7744.299999999999  0.95753  
7748.7  0.95906  
7753.099999999999  0.96134  
7757.5  0.96209  
7761.900000000001  0.96187  
7766.4  0.96293  
7770.8  0.96443  
7775.2  0.9652  
7779.6  0.96525  
7784.099999999999  0.96468  
7788.5  0.9645  
7792.9  0.96451  
7797.3  0.96456  
7801.799999999999  0.96493  
7806.2  0.96457  
7810.599999999999  0.96361  
7815.0  0.96318  
7819.5  0.96305  
7823.9  0.9626  
7828.3  0.96162  
7832.799999999999  0.96041  
7837.200000000001  0.9593  
7841.599999999999  0.95889  
7846.0  0.95848  
7850.5  0.95754  
7854.9  0.95675  
7859.299999999999  0.95592  
7863.8  0.95507  
7868.200000000001  0.95476  
7872.6  0.95497  
7877.1  0.95474  
7881.5  0.95385  
7885.900000000001  0.95306  
7890.4  0.95251  
7894.8  0.95253  
7899.2  0.95268  
7903.7  0.95237  
7908.099999999999  0.95178  
7912.5  0.95163  
7917.0  0.95244  
7921.4  0.95314  
7925.8  0.95275  
7930.299999999999  0.95278  
7934.700000000001  0.95363  
7939.099999999999  0.95416  
7943.6  0.95451  
7948.0  0.95492  
7952.4  0.95538  
7956.900000000001  0.95636  
7961.3  0.95757  
7965.700000000001  0.95818  
7970.2  0.95863  
7974.6  0.95968  
7979.099999999999  0.96091  
7983.5  0.96144  
7987.9  0.96181  
7992.4  0.96261  
7996.799999999999  0.96337  
8001.3  0.964  
8005.700000000001  0.96448  
8010.1  0.96524  
8014.6  0.9664  
8019.0  0.96636  
8023.5  0.96535  
8027.9  0.9655  
8032.3  0.9656  
8036.799999999999  0.96499  
8041.2  0.96498  
8045.700000000001  0.96504  
8050.1  0.96445  
8054.6  0.9638  
8059.0  0.96386  
8063.400000000001  0.96394  
8067.9  0.96281  
8072.3  0.96133  
8076.799999999999  0.96103  
8081.2  0.96097  
8085.700000000001  0.96021  
8090.1  0.95951  
8094.6  0.95975  
8099.0  0.95954  
8103.5  0.95843  
8107.9  0.95778  
8112.3  0.95812  
8116.799999999999  0.9581  
8121.2  0.95785  
8125.700000000001  0.95797  
8130.1  0.95768  
8134.6  0.95712  
8139.0  0.95662  
8143.5  0.95675  
8147.9  0.95694  
8152.4  0.95723  
8156.799999999999  0.95745  
8161.3  0.957  
8165.700000000001  0.95695  
8170.2  0.95725  
8174.6  0.95714  
8179.099999999999  0.95674  
8183.5  0.95677  
8188.0  0.957  
8192.4  0.95705  
8196.900000000001  0.95718  
8201.4  0.95723  
8205.800000000001  0.95672  
8210.3  0.95653  
8214.7  0.9568  
8219.199999999999  0.95684  
8223.6  0.9575  
8228.099999999999  0.95843  
8232.5  0.95855  
8237.0  0.95829  
8241.4  0.95863  
8245.9  0.95923  
8250.3  0.95892  
8254.8  0.9587  
8259.3  0.95949  
8263.7  0.96036  
8268.2  0.96087  
8272.6  0.96038  
8277.1  0.95977  
8281.5  0.95963  
8286.0  0.95937  
8290.5  0.95925  
8294.9  0.95918  
8299.400000000001  0.95901  
8303.8  0.95882  
8308.300000000001  0.95805  
8312.8  0.95676  
8317.2  0.95577  
8321.699999999999  0.95547  
8326.1  0.95474  
8330.599999999999  0.95297  
8335.1  0.95158  
8339.5  0.95092  
8344.0  0.94908  
8348.4  0.94523  
8352.9  0.94099  
8357.4  0.93753  
8361.8  0.93342  
8366.3  0.92742  
8370.800000000001  0.9204  
8375.2  0.91244  
8379.7  0.90244  
8384.199999999999  0.89027  
8388.6  0.8769  
8393.099999999999  0.86186  
8397.5  0.84371  
8402.0  0.82314  
8406.5  0.80073  
8410.9  0.77627  
8415.4  0.74916  
8419.9  0.71944  
8424.3  0.68793  
8428.8  0.65467  
8433.300000000001  0.61999  
8437.7  0.58468  
8442.2  0.54851  
8446.699999999999  0.51097  
8451.1  0.47417  
8455.599999999999  0.43857  
8460.1  0.40279  
8464.6  0.36843  
8469.0  0.33675  
8473.5  0.30675  
8478.0  0.27819  
8482.4  0.25135  
8486.900000000001  0.22657  
8491.4  0.20432  
8495.800000000001  0.18456  
8500.3  0.16642  
8504.8  0.14966  
8509.3  0.13461  
8513.7  0.12105  
8518.2  0.10884  
8522.7  0.09798  
8527.1  0.08855  
8531.6  0.08015  
8536.1  0.07218  
8540.599999999999  0.06536  
8545.0  0.05992  
8549.5  0.05479  
8554.0  0.04988  
8558.5  0.04572  
8562.9  0.04205  
8567.4  0.03842  
8571.900000000001  0.03523  
8576.4  0.03268  
8580.800000000001  0.03032  
8585.3  0.02801  
8589.8  0.02572  
8594.3  0.02343  
8598.7  0.02149  
8603.2  0.02007  
8607.7  0.01887  
8612.2  0.01772  
8616.699999999999  0.01658  
8621.1  0.01546  
8625.599999999999  0.01471  
8630.1  0.01426  
8634.6  0.01381  
8639.0  0.01321  
8643.5  0.0125  
8648.0  0.01165  
8652.5  0.01118  
8657.0  0.0109  
8661.4  0.01046  
8665.9  0.00994  
8670.4  0.00965  
8674.9  0.00951  
8679.400000000001  0.00943  
8683.8  0.00911  
8688.300000000001  0.0088  
8692.8  0.00866  
8697.3  0.00859  
8701.8  0.00851  
8706.3  0.00816  
8710.7  0.00801  
8715.2  0.00825  
8719.7  0.00838  
8724.199999999999  0.00828  
8728.7  0.00813  
8733.2  0.00786  
8737.6  0.00779  
8742.1  0.00779  
8746.6  0.0078  
8751.1  0.00784  
8755.599999999999  0.00784  
8760.1  0.00789  
8764.6  0.00806  
8769.0  0.00805  
8773.5  0.00795  
8778.0  0.00777  
8782.5  0.00765  
8787.0  0.00779  
8791.5  0.00827  
8796.0  0.00832  

