@MEASUREMENT_RADIUS 16.0 cm
#lambda:
#tr:
#end
6251.799999999999  0.00263  
6256.1  0.00255  
6260.4  0.00265  
6264.700000000001  0.00269  
6269.0  0.00259  
6273.3  0.00256  
6277.6  0.0027  
6281.900000000001  0.00275  
6286.2  0.00273  
6290.5  0.0028  
6294.8  0.00281  
6299.099999999999  0.00266  
6303.400000000001  0.00262  
6307.7  0.0027  
6312.0  0.00283  
6316.3  0.00287  
6320.599999999999  0.00278  
6325.0  0.0028  
6329.299999999999  0.00291  
6333.6  0.00291  
6337.9  0.00289  
6342.200000000001  0.00291  
6346.5  0.00287  
6350.8  0.0029  
6355.1  0.00299  
6359.400000000001  0.00295  
6363.7  0.00291  
6368.099999999999  0.00294  
6372.4  0.00289  
6376.7  0.00283  
6381.0  0.0029  
6385.299999999999  0.00305  
6389.6  0.00312  
6393.9  0.00309  
6398.200000000001  0.00317  
6402.6  0.00325  
6406.900000000001  0.00316  
6411.2  0.00307  
6415.5  0.00302  
6419.8  0.00303  
6424.099999999999  0.00311  
6428.5  0.00331  
6432.799999999999  0.00336  
6437.1  0.0032  
6441.4  0.00315  
6445.700000000001  0.00322  
6450.0  0.00319  
6454.400000000001  0.00323  
6458.7  0.00338  
6463.0  0.00337  
6467.3  0.00324  
6471.599999999999  0.00319  
6476.0  0.00327  
6480.299999999999  0.00335  
6484.6  0.0033  
6488.9  0.00326  
6493.3  0.00329  
6497.6  0.00338  
6501.900000000001  0.00337  
6506.2  0.00326  
6510.5  0.0033  
6514.9  0.00337  
6519.2  0.0033  
6523.5  0.00325  
6527.799999999999  0.00328  
6532.200000000001  0.00336  
6536.5  0.00344  
6540.8  0.00349  
6545.2  0.00353  
6549.5  0.00366  
6553.8  0.00364  
6558.099999999999  0.00356  
6562.5  0.0036  
6566.799999999999  0.00373  
6571.1  0.0039  
6575.5  0.00396  
6579.8  0.00398  
6584.099999999999  0.00405  
6588.400000000001  0.00403  
6592.799999999999  0.00401  
6597.1  0.00412  
6601.4  0.00427  
6605.8  0.00433  
6610.1  0.00439  
6614.400000000001  0.00445  
6618.8  0.00448  
6623.099999999999  0.0045  
6627.4  0.00466  
6631.799999999999  0.00495  
6636.1  0.0051  
6640.4  0.00507  
6644.8  0.00506  
6649.099999999999  0.00531  
6653.5  0.00555  
6657.799999999999  0.00568  
6662.1  0.0058  
6666.5  0.00589  
6670.8  0.00589  
6675.1  0.00604  
6679.5  0.00631  
6683.8  0.00658  
6688.200000000001  0.00678  
6692.5  0.00699  
6696.799999999999  0.00721  
6701.2  0.0075  
6705.5  0.00787  
6709.9  0.00826  
6714.2  0.0086  
6718.5  0.00883  
6722.9  0.00916  
6727.200000000001  0.00972  
6731.599999999999  0.01034  
6735.900000000001  0.01093  
6740.299999999999  0.01152  
6744.6  0.01212  
6748.9  0.01279  
6753.3  0.01378  
6757.6  0.01493  
6762.0  0.01593  
6766.3  0.01709  
6770.700000000001  0.0186  
6775.0  0.02023  
6779.400000000001  0.02194  
6783.7  0.02393  
6788.099999999999  0.02631  
6792.4  0.02889  
6796.799999999999  0.03168  
6801.1  0.03474  
6805.5  0.03816  
6809.8  0.04203  
6814.2  0.04648  
6818.5  0.05132  
6822.9  0.05622  
6827.200000000001  0.06164  
6831.599999999999  0.06829  
6835.900000000001  0.07566  
6840.299999999999  0.08337  
6844.6  0.09181  
6849.0  0.10127  
6853.3  0.1117  
6857.7  0.12301  
6862.0  0.13553  
6866.4  0.14953  
6870.700000000001  0.16463  
6875.1  0.18102  
6879.5  0.1994  
6883.8  0.21966  
6888.200000000001  0.24154  
6892.5  0.2652  
6896.900000000001  0.29103  
6901.2  0.31867  
6905.599999999999  0.34781  
6910.0  0.37871  
6914.299999999999  0.4114  
6918.7  0.4455  
6923.0  0.48069  
6927.4  0.51654  
6931.799999999999  0.5526  
6936.1  0.58864  
6940.5  0.62455  
6944.8  0.65963  
6949.2  0.69313  
6953.6  0.72503  
6957.9  0.7554  
6962.3  0.78338  
6966.599999999999  0.80843  
6971.0  0.83148  
6975.4  0.85259  
6979.700000000001  0.87043  
6984.099999999999  0.88517  
6988.5  0.89805  
6992.799999999999  0.90963  
6997.200000000001  0.91981  
7001.599999999999  0.92816  
7005.900000000001  0.93477  
7010.299999999999  0.94006  
7014.700000000001  0.94445  
7019.0  0.94822  
7023.400000000001  0.95144  
7027.799999999999  0.95383  
7032.1  0.95552  
7036.5  0.95687  
7040.900000000001  0.95805  
7045.2  0.95883  
7049.6  0.95922  
7054.0  0.95931  
7058.3  0.95955  
7062.7  0.95962  
7067.1  0.95865  
7071.5  0.95758  
7075.8  0.9576  
7080.2  0.95772  
7084.6  0.95715  
7088.9  0.95659  
7093.3  0.95622  
7097.7  0.95604  
7102.1  0.95622  
7106.4  0.95667  
7110.8  0.95732  
7115.2  0.95774  
7119.6  0.95841  
7123.9  0.95989  
7128.3  0.96126  
7132.7  0.96192  
7137.1  0.96271  
7141.4  0.96447  
7145.8  0.96648  
7150.2  0.96781  
7154.6  0.96854  
7159.0  0.969  
7163.3  0.96943  
7167.7  0.9701  
7172.1  0.97027  
7176.5  0.97005  
7180.900000000001  0.96953  
7185.2  0.96865  
7189.6  0.96799  
7194.0  0.9672  
7198.400000000001  0.96617  
7202.799999999999  0.96492  
7207.1  0.96331  
7211.5  0.962  
7215.900000000001  0.96146  
7220.299999999999  0.9606  
7224.700000000001  0.95961  
7229.099999999999  0.95946  
7233.400000000001  0.95979  
7237.799999999999  0.96023  
7242.200000000001  0.96049  
7246.599999999999  0.96071  
7251.0  0.96135  
7255.4  0.96305  
7259.700000000001  0.96458  
7264.099999999999  0.96536  
7268.5  0.96661  
7272.9  0.96818  
7277.3  0.96899  
7281.7  0.96953  
7286.1  0.97048  
7290.5  0.97116  
7294.9  0.97145  
7299.2  0.97174  
7303.6  0.97216  
7308.0  0.97211  
7312.4  0.97162  
7316.799999999999  0.97073  
7321.2  0.96978  
7325.599999999999  0.96905  
7330.0  0.96833  
7334.400000000001  0.96777  
7338.8  0.96674  
7343.099999999999  0.96537  
7347.5  0.96479  
7351.900000000001  0.96449  
7356.3  0.96378  
7360.700000000001  0.96333  
7365.1  0.96349  
7369.5  0.96374  
7373.9  0.96389  
7378.3  0.96379  
7382.7  0.96365  
7387.1  0.96411  
7391.5  0.9644  
7395.900000000001  0.96419  
7400.299999999999  0.96404  
7404.700000000001  0.96416  
7409.099999999999  0.96417  
7413.5  0.96392  
7417.9  0.96364  
7422.3  0.96344  
7426.7  0.96321  
7431.1  0.96281  
7435.5  0.96235  
7439.9  0.96197  
7444.299999999999  0.9614  
7448.7  0.96032  
7453.099999999999  0.95941  
7457.5  0.95921  
7461.900000000001  0.95949  
7466.3  0.95965  
7470.700000000001  0.95932  
7475.1  0.95863  
7479.5  0.95838  
7483.9  0.95902  
7488.3  0.95978  
7492.7  0.96019  
7497.1  0.9601  
7501.5  0.95966  
7505.900000000001  0.96074  
7510.299999999999  0.9629  
7514.700000000001  0.96386  
7519.099999999999  0.96445  
7523.5  0.96545  
7527.9  0.96629  
7532.3  0.96688  
7536.799999999999  0.96758  
7541.2  0.9683  
7545.599999999999  0.96851  
7550.0  0.96837  
7554.400000000001  0.96828  
7558.8  0.96851  
7563.200000000001  0.96832  
7567.6  0.967  
7572.0  0.96584  
7576.4  0.96584  
7580.8  0.96534  
7585.299999999999  0.96361  
7589.700000000001  0.96197  
7594.099999999999  0.96041  
7598.5  0.95843  
7602.9  0.95666  
7607.3  0.95529  
7611.7  0.95381  
7616.1  0.95223  
7620.599999999999  0.95061  
7625.0  0.94875  
7629.400000000001  0.94681  
7633.8  0.9455  
7638.200000000001  0.9446  
7642.6  0.9429  
7647.0  0.94114  
7651.5  0.94081  
7655.900000000001  0.94087  
7660.299999999999  0.94061  
7664.700000000001  0.94034  
7669.099999999999  0.94021  
7673.5  0.94088  
7678.0  0.94151  
7682.4  0.94148  
7686.799999999999  0.94187  
7691.2  0.94307  
7695.599999999999  0.94469  
7700.0  0.94632  
7704.5  0.94757  
7708.9  0.94871  
7713.3  0.9501  
7717.7  0.95162  
7722.1  0.95325  
7726.599999999999  0.95497  
7731.0  0.95635  
7735.4  0.9577  
7739.8  0.95938  
7744.299999999999  0.96044  
7748.7  0.96095  
7753.099999999999  0.96218  
7757.5  0.96345  
7761.900000000001  0.96336  
7766.4  0.96294  
7770.8  0.96378  
7775.2  0.96465  
7779.6  0.96478  
7784.099999999999  0.96407  
7788.5  0.9635  
7792.9  0.96365  
7797.3  0.96338  
7801.799999999999  0.96313  
7806.2  0.96322  
7810.599999999999  0.96259  
7815.0  0.96189  
7819.5  0.96163  
7823.9  0.96066  
7828.3  0.9595  
7832.799999999999  0.95898  
7837.200000000001  0.95823  
7841.599999999999  0.95768  
7846.0  0.95711  
7850.5  0.95598  
7854.9  0.95536  
7859.299999999999  0.95473  
7863.8  0.95372  
7868.200000000001  0.95359  
7872.6  0.95365  
7877.1  0.953  
7881.5  0.9525  
7885.900000000001  0.95207  
7890.4  0.95149  
7894.8  0.95129  
7899.2  0.9514  
7903.7  0.95158  
7908.099999999999  0.95158  
7912.5  0.95162  
7917.0  0.95212  
7921.4  0.95306  
7925.8  0.95313  
7930.299999999999  0.95305  
7934.700000000001  0.95408  
7939.099999999999  0.95522  
7943.6  0.95562  
7948.0  0.95593  
7952.4  0.9572  
7956.900000000001  0.95883  
7961.3  0.95962  
7965.700000000001  0.95974  
7970.2  0.96013  
7974.6  0.96108  
7979.099999999999  0.96246  
7983.5  0.96379  
7987.9  0.96418  
7992.4  0.96332  
7996.799999999999  0.96332  
8001.3  0.96487  
8005.700000000001  0.96562  
8010.1  0.96545  
8014.6  0.96537  
8019.0  0.9651  
8023.5  0.96416  
8027.9  0.9637  
8032.3  0.96409  
8036.799999999999  0.96403  
8041.2  0.96368  
8045.700000000001  0.96373  
8050.1  0.96306  
8054.6  0.9616  
8059.0  0.96098  
8063.400000000001  0.9615  
8067.9  0.96158  
8072.3  0.96039  
8076.799999999999  0.95988  
8081.2  0.96024  
8085.700000000001  0.96036  
8090.1  0.95971  
8094.6  0.95939  
8099.0  0.95945  
8103.5  0.95929  
8107.9  0.95906  
8112.3  0.95867  
8116.799999999999  0.95812  
8121.2  0.95812  
8125.700000000001  0.95832  
8130.1  0.95826  
8134.6  0.95812  
8139.0  0.95754  
8143.5  0.95729  
8147.9  0.95757  
8152.4  0.95773  
8156.799999999999  0.95753  
8161.3  0.95691  
8165.700000000001  0.95667  
8170.2  0.95682  
8174.6  0.95661  
8179.099999999999  0.95594  
8183.5  0.95581  
8188.0  0.95613  
8192.4  0.95624  
8196.900000000001  0.95621  
8201.4  0.95598  
8205.800000000001  0.95623  
8210.3  0.95686  
8214.7  0.9567  
8219.199999999999  0.95658  
8223.6  0.95744  
8228.099999999999  0.95833  
8232.5  0.95847  
8237.0  0.95842  
8241.4  0.95856  
8245.9  0.95876  
8250.3  0.9597  
8254.8  0.9603  
8259.3  0.95967  
8263.7  0.95929  
8268.2  0.96  
8272.6  0.96033  
8277.1  0.95984  
8281.5  0.95915  
8286.0  0.95872  
8290.5  0.95877  
8294.9  0.95828  
8299.400000000001  0.95755  
8303.8  0.95761  
8308.300000000001  0.95757  
8312.8  0.95651  
8317.2  0.95495  
8321.699999999999  0.9537  
8326.1  0.95285  
8330.599999999999  0.95165  
8335.1  0.94945  
8339.5  0.94746  
8344.0  0.94552  
8348.4  0.94186  
8352.9  0.93689  
8357.4  0.93211  
8361.8  0.92657  
8366.3  0.91925  
8370.800000000001  0.91056  
8375.2  0.90043  
8379.7  0.88838  
8384.199999999999  0.87417  
8388.6  0.85789  
8393.099999999999  0.83902  
8397.5  0.81754  
8402.0  0.79412  
8406.5  0.7682  
8410.9  0.74011  
8415.4  0.70954  
8419.9  0.67704  
8424.3  0.64384  
8428.8  0.60922  
8433.300000000001  0.57295  
8437.7  0.53593  
8442.2  0.49883  
8446.699999999999  0.46191  
8451.1  0.42614  
8455.599999999999  0.39165  
8460.1  0.35785  
8464.6  0.32568  
8469.0  0.29604  
8473.5  0.26853  
8478.0  0.24257  
8482.4  0.21866  
8486.900000000001  0.19761  
8491.4  0.1784  
8495.800000000001  0.16041  
8500.3  0.14414  
8504.8  0.13001  
8509.3  0.1175  
8513.7  0.10566  
8518.2  0.09481  
8522.7  0.08553  
8527.1  0.07735  
8531.6  0.07011  
8536.1  0.06383  
8540.599999999999  0.05808  
8545.0  0.05286  
8549.5  0.0482  
8554.0  0.04414  
8558.5  0.04051  
8562.9  0.03719  
8567.4  0.03456  
8571.900000000001  0.03215  
8576.4  0.02961  
8580.800000000001  0.02734  
8585.3  0.02528  
8589.8  0.02333  
8594.3  0.02138  
8598.7  0.01968  
8603.2  0.01859  
8607.7  0.01741  
8612.2  0.01607  
8616.699999999999  0.01525  
8621.1  0.01475  
8625.599999999999  0.01412  
8630.1  0.01333  
8634.6  0.01252  
8639.0  0.01189  
8643.5  0.0116  
8648.0  0.01133  
8652.5  0.0109  
8657.0  0.0103  
8661.4  0.00988  
8665.9  0.00953  
8670.4  0.00911  
8674.9  0.00902  
8679.400000000001  0.00915  
8683.8  0.00891  
8688.300000000001  0.00845  
8692.8  0.00826  
8697.3  0.00834  
8701.8  0.0083  
8706.3  0.00822  
8710.7  0.00812  
8715.2  0.00796  
8719.7  0.00804  
8724.199999999999  0.00803  
8728.7  0.00786  
8733.2  0.00787  
8737.6  0.00815  
8742.1  0.00807  
8746.6  0.00776  
8751.1  0.00763  
8755.599999999999  0.00773  
8760.1  0.00771  
8764.6  0.00776  
8769.0  0.00774  
8773.5  0.00768  
8778.0  0.00777  
8782.5  0.00793  
8787.0  0.00794  
8791.5  0.00792  
8796.0  0.00781  

