@MEASUREMENT_RADIUS 17.0 cm
#lambda:
#tr:
#end
6251.799999999999  0.00255  
6256.1  0.00237  
6260.4  0.00253  
6264.700000000001  0.00279  
6269.0  0.00286  
6273.3  0.00282  
6277.6  0.00278  
6281.900000000001  0.00276  
6286.2  0.00274  
6290.5  0.00276  
6294.8  0.00285  
6299.099999999999  0.00289  
6303.400000000001  0.00287  
6307.7  0.00279  
6312.0  0.00277  
6316.3  0.00274  
6320.599999999999  0.00277  
6325.0  0.00285  
6329.299999999999  0.00293  
6333.6  0.00303  
6337.9  0.00306  
6342.200000000001  0.00299  
6346.5  0.00287  
6350.8  0.00284  
6355.1  0.00292  
6359.400000000001  0.00299  
6363.7  0.00299  
6368.099999999999  0.00288  
6372.4  0.00289  
6376.7  0.00307  
6381.0  0.00311  
6385.299999999999  0.00298  
6389.6  0.00304  
6393.9  0.00321  
6398.200000000001  0.00326  
6402.6  0.00316  
6406.900000000001  0.00308  
6411.2  0.00315  
6415.5  0.00321  
6419.8  0.00325  
6424.099999999999  0.00326  
6428.5  0.00325  
6432.799999999999  0.00327  
6437.1  0.00326  
6441.4  0.0032  
6445.700000000001  0.00326  
6450.0  0.00327  
6454.400000000001  0.0033  
6458.7  0.00331  
6463.0  0.00327  
6467.3  0.00327  
6471.599999999999  0.00328  
6476.0  0.00338  
6480.299999999999  0.00342  
6484.6  0.00333  
6488.9  0.0033  
6493.3  0.00327  
6497.6  0.00333  
6501.900000000001  0.0034  
6506.2  0.00337  
6510.5  0.00342  
6514.9  0.00349  
6519.2  0.00344  
6523.5  0.00333  
6527.799999999999  0.00333  
6532.200000000001  0.0035  
6536.5  0.00363  
6540.8  0.00365  
6545.2  0.00357  
6549.5  0.00357  
6553.8  0.00366  
6558.099999999999  0.00379  
6562.5  0.00383  
6566.799999999999  0.00384  
6571.1  0.00383  
6575.5  0.00389  
6579.8  0.00401  
6584.099999999999  0.00406  
6588.400000000001  0.00408  
6592.799999999999  0.00411  
6597.1  0.00424  
6601.4  0.00436  
6605.8  0.00441  
6610.1  0.00461  
6614.400000000001  0.00482  
6618.8  0.0049  
6623.099999999999  0.00485  
6627.4  0.0048  
6631.799999999999  0.00497  
6636.1  0.00514  
6640.4  0.00532  
6644.8  0.00545  
6649.099999999999  0.00549  
6653.5  0.00566  
6657.799999999999  0.00585  
6662.1  0.00599  
6666.5  0.00619  
6670.8  0.00627  
6675.1  0.00643  
6679.5  0.00672  
6683.8  0.00704  
6688.200000000001  0.00733  
6692.5  0.00753  
6696.799999999999  0.00767  
6701.2  0.00796  
6705.5  0.00843  
6709.9  0.00897  
6714.2  0.00929  
6718.5  0.00948  
6722.9  0.01003  
6727.200000000001  0.01073  
6731.599999999999  0.01138  
6735.900000000001  0.01213  
6740.299999999999  0.01291  
6744.6  0.01362  
6748.9  0.0146  
6753.3  0.01576  
6757.6  0.01705  
6762.0  0.01851  
6766.3  0.02004  
6770.700000000001  0.02166  
6775.0  0.02355  
6779.400000000001  0.02581  
6783.7  0.0283  
6788.099999999999  0.03099  
6792.4  0.03406  
6796.799999999999  0.03746  
6801.1  0.04127  
6805.5  0.04548  
6809.8  0.05005  
6814.2  0.05511  
6818.5  0.06074  
6822.9  0.06693  
6827.200000000001  0.07393  
6831.599999999999  0.08171  
6835.900000000001  0.09006  
6840.299999999999  0.09924  
6844.6  0.10947  
6849.0  0.1209  
6853.3  0.13326  
6857.7  0.14676  
6862.0  0.16185  
6866.4  0.17824  
6870.700000000001  0.19617  
6875.1  0.21599  
6879.5  0.23742  
6883.8  0.26083  
6888.200000000001  0.28634  
6892.5  0.31357  
6896.900000000001  0.34267  
6901.2  0.37362  
6905.599999999999  0.40624  
6910.0  0.44038  
6914.299999999999  0.4756  
6918.7  0.51154  
6923.0  0.54812  
6927.4  0.58482  
6931.799999999999  0.62097  
6936.1  0.65659  
6940.5  0.69084  
6944.8  0.72264  
6949.2  0.7527  
6953.6  0.7815  
6957.9  0.80805  
6962.3  0.83136  
6966.599999999999  0.85144  
6971.0  0.86941  
6975.4  0.88582  
6979.700000000001  0.89979  
6984.099999999999  0.91114  
6988.5  0.9208  
6992.799999999999  0.92914  
6997.200000000001  0.93556  
7001.599999999999  0.94056  
7005.900000000001  0.94523  
7010.299999999999  0.94924  
7014.700000000001  0.95233  
7019.0  0.95461  
7023.400000000001  0.95597  
7027.799999999999  0.95719  
7032.1  0.95831  
7036.5  0.95876  
7040.900000000001  0.95898  
7045.2  0.95892  
7049.6  0.95846  
7054.0  0.95797  
7058.3  0.95762  
7062.7  0.9573  
7067.1  0.95644  
7071.5  0.95532  
7075.8  0.95495  
7080.2  0.95492  
7084.6  0.95495  
7088.9  0.95475  
7093.3  0.95435  
7097.7  0.95478  
7102.1  0.95592  
7106.4  0.95705  
7110.8  0.95812  
7115.2  0.95942  
7119.6  0.96119  
7123.9  0.96301  
7128.3  0.96414  
7132.7  0.96498  
7137.1  0.96624  
7141.4  0.96789  
7145.8  0.96918  
7150.2  0.9695  
7154.6  0.96951  
7159.0  0.96958  
7163.3  0.9692  
7167.7  0.96872  
7172.1  0.96825  
7176.5  0.96718  
7180.900000000001  0.96567  
7185.2  0.96465  
7189.6  0.9638  
7194.0  0.96222  
7198.400000000001  0.96091  
7202.799999999999  0.96027  
7207.1  0.95951  
7211.5  0.95872  
7215.900000000001  0.95816  
7220.299999999999  0.95802  
7224.700000000001  0.95884  
7229.099999999999  0.96001  
7233.400000000001  0.96072  
7237.799999999999  0.96167  
7242.200000000001  0.96257  
7246.599999999999  0.96338  
7251.0  0.9649  
7255.4  0.96689  
7259.700000000001  0.96801  
7264.099999999999  0.9684  
7268.5  0.96943  
7272.9  0.9708  
7277.3  0.97128  
7281.7  0.97128  
7286.1  0.97111  
7290.5  0.97079  
7294.9  0.97065  
7299.2  0.97045  
7303.6  0.96977  
7308.0  0.96869  
7312.4  0.96794  
7316.799999999999  0.96735  
7321.2  0.96674  
7325.599999999999  0.96596  
7330.0  0.96471  
7334.400000000001  0.96411  
7338.8  0.96396  
7343.099999999999  0.96325  
7347.5  0.96277  
7351.900000000001  0.96294  
7356.3  0.96318  
7360.700000000001  0.96339  
7365.1  0.96381  
7369.5  0.96416  
7373.9  0.96447  
7378.3  0.96479  
7382.7  0.9647  
7387.1  0.96472  
7391.5  0.965  
7395.900000000001  0.96495  
7400.299999999999  0.96431  
7404.700000000001  0.96343  
7409.099999999999  0.96289  
7413.5  0.96271  
7417.9  0.96243  
7422.3  0.96192  
7426.7  0.96119  
7431.1  0.96028  
7435.5  0.95968  
7439.9  0.95947  
7444.299999999999  0.95895  
7448.7  0.95794  
7453.099999999999  0.95767  
7457.5  0.95794  
7461.900000000001  0.95785  
7466.3  0.95806  
7470.700000000001  0.95852  
7475.1  0.9585  
7479.5  0.9585  
7483.9  0.95924  
7488.3  0.96029  
7492.7  0.96126  
7497.1  0.96213  
7501.5  0.96276  
7505.900000000001  0.96362  
7510.299999999999  0.96457  
7514.700000000001  0.96536  
7519.099999999999  0.96642  
7523.5  0.96748  
7527.9  0.9681  
7532.3  0.96851  
7536.799999999999  0.96885  
7541.2  0.9687  
7545.599999999999  0.96854  
7550.0  0.96862  
7554.400000000001  0.96807  
7558.8  0.96737  
7563.200000000001  0.96696  
7567.6  0.96581  
7572.0  0.96464  
7576.4  0.96373  
7580.8  0.96194  
7585.299999999999  0.95997  
7589.700000000001  0.95839  
7594.099999999999  0.95683  
7598.5  0.95516  
7602.9  0.95313  
7607.3  0.951  
7611.7  0.94925  
7616.1  0.94805  
7620.599999999999  0.94698  
7625.0  0.9457  
7629.400000000001  0.94388  
7633.8  0.94188  
7638.200000000001  0.94092  
7642.6  0.94101  
7647.0  0.94079  
7651.5  0.93988  
7655.900000000001  0.93934  
7660.299999999999  0.9396  
7664.700000000001  0.93984  
7669.099999999999  0.94057  
7673.5  0.94202  
7678.0  0.94282  
7682.4  0.94321  
7686.799999999999  0.94401  
7691.2  0.94554  
7695.599999999999  0.94741  
7700.0  0.94886  
7704.5  0.9495  
7708.9  0.95023  
7713.3  0.95211  
7717.7  0.95418  
7722.1  0.9557  
7726.599999999999  0.95671  
7731.0  0.95744  
7735.4  0.95886  
7739.8  0.96045  
7744.299999999999  0.96112  
7748.7  0.96144  
7753.099999999999  0.96238  
7757.5  0.96315  
7761.900000000001  0.96311  
7766.4  0.9633  
7770.8  0.96395  
7775.2  0.96407  
7779.6  0.96402  
7784.099999999999  0.96378  
7788.5  0.96313  
7792.9  0.9627  
7797.3  0.96259  
7801.799999999999  0.96213  
7806.2  0.96132  
7810.599999999999  0.96088  
7815.0  0.96075  
7819.5  0.96044  
7823.9  0.95961  
7828.3  0.95841  
7832.799999999999  0.9576  
7837.200000000001  0.9568  
7841.599999999999  0.95591  
7846.0  0.95523  
7850.5  0.95464  
7854.9  0.95407  
7859.299999999999  0.95312  
7863.8  0.95261  
7868.200000000001  0.95247  
7872.6  0.95203  
7877.1  0.95185  
7881.5  0.95155  
7885.900000000001  0.95061  
7890.4  0.95031  
7894.8  0.95113  
7899.2  0.95183  
7903.7  0.95184  
7908.099999999999  0.95124  
7912.5  0.95142  
7917.0  0.95276  
7921.4  0.95419  
7925.8  0.95471  
7930.299999999999  0.95467  
7934.700000000001  0.95527  
7939.099999999999  0.95656  
7943.6  0.95744  
7948.0  0.95786  
7952.4  0.95866  
7956.900000000001  0.95951  
7961.3  0.96029  
7965.700000000001  0.96121  
7970.2  0.96195  
7974.6  0.96278  
7979.099999999999  0.96341  
7983.5  0.96293  
7987.9  0.96297  
7992.4  0.96355  
7996.799999999999  0.96367  
8001.3  0.96388  
8005.700000000001  0.96357  
8010.1  0.96295  
8014.6  0.96305  
8019.0  0.96309  
8023.5  0.96237  
8027.9  0.96247  
8032.3  0.96295  
8036.799999999999  0.96212  
8041.2  0.96113  
8045.700000000001  0.96064  
8050.1  0.96056  
8054.6  0.96096  
8059.0  0.96146  
8063.400000000001  0.96144  
8067.9  0.9605  
8072.3  0.95986  
8076.799999999999  0.96017  
8081.2  0.96  
8085.700000000001  0.96039  
8090.1  0.96069  
8094.6  0.96015  
8099.0  0.95972  
8103.5  0.95966  
8107.9  0.95956  
8112.3  0.95937  
8116.799999999999  0.95898  
8121.2  0.95861  
8125.700000000001  0.95866  
8130.1  0.95844  
8134.6  0.95811  
8139.0  0.95772  
8143.5  0.95707  
8147.9  0.95656  
8152.4  0.95646  
8156.799999999999  0.95667  
8161.3  0.95618  
8165.700000000001  0.95536  
8170.2  0.95531  
8174.6  0.95518  
8179.099999999999  0.95444  
8183.5  0.95465  
8188.0  0.95541  
8192.4  0.9555  
8196.900000000001  0.95582  
8201.4  0.95659  
8205.800000000001  0.95654  
8210.3  0.95602  
8214.7  0.95632  
8219.199999999999  0.95713  
8223.6  0.95755  
8228.099999999999  0.95809  
8232.5  0.95881  
8237.0  0.9588  
8241.4  0.95866  
8245.9  0.95891  
8250.3  0.95922  
8254.8  0.95983  
8259.3  0.96034  
8263.7  0.95969  
8268.2  0.959  
8272.6  0.95874  
8277.1  0.95884  
8281.5  0.95888  
8286.0  0.95828  
8290.5  0.95776  
8294.9  0.95722  
8299.400000000001  0.95657  
8303.8  0.95613  
8308.300000000001  0.95572  
8312.8  0.95505  
8317.2  0.95395  
8321.699999999999  0.95301  
8326.1  0.95195  
8330.599999999999  0.94993  
8335.1  0.94732  
8339.5  0.94483  
8344.0  0.94235  
8348.4  0.93917  
8352.9  0.9341  
8357.4  0.9274  
8361.8  0.91996  
8366.3  0.91187  
8370.800000000001  0.90181  
8375.2  0.88882  
8379.7  0.87396  
8384.199999999999  0.85774  
8388.6  0.83916  
8393.099999999999  0.81792  
8397.5  0.79407  
8402.0  0.76818  
8406.5  0.74034  
8410.9  0.70949  
8415.4  0.67576  
8419.9  0.64098  
8424.3  0.60603  
8428.8  0.57004  
8433.300000000001  0.53288  
8437.7  0.49556  
8442.2  0.4587  
8446.699999999999  0.42252  
8451.1  0.38775  
8455.599999999999  0.35469  
8460.1  0.32276  
8464.6  0.29244  
8469.0  0.26471  
8473.5  0.23952  
8478.0  0.21644  
8482.4  0.19515  
8486.900000000001  0.17584  
8491.4  0.15845  
8495.800000000001  0.14256  
8500.3  0.12818  
8504.8  0.11583  
8509.3  0.10495  
8513.7  0.09429  
8518.2  0.08432  
8522.7  0.07631  
8527.1  0.0697  
8531.6  0.06327  
8536.1  0.05734  
8540.599999999999  0.05219  
8545.0  0.04757  
8549.5  0.04352  
8554.0  0.03997  
8558.5  0.03693  
8562.9  0.03412  
8567.4  0.03155  
8571.900000000001  0.02942  
8576.4  0.02716  
8580.800000000001  0.02492  
8585.3  0.02323  
8589.8  0.02167  
8594.3  0.01997  
8598.7  0.01854  
8603.2  0.01744  
8607.7  0.01638  
8612.2  0.01545  
8616.699999999999  0.01467  
8621.1  0.01391  
8625.599999999999  0.01312  
8630.1  0.01256  
8634.6  0.01228  
8639.0  0.01171  
8643.5  0.01119  
8648.0  0.01097  
8652.5  0.01059  
8657.0  0.01002  
8661.4  0.00969  
8665.9  0.00927  
8670.4  0.00882  
8674.9  0.00868  
8679.400000000001  0.0087  
8683.8  0.00855  
8688.300000000001  0.00829  
8692.8  0.00837  
8697.3  0.00857  
8701.8  0.00827  
8706.3  0.00779  
8710.7  0.00784  
8715.2  0.00823  
8719.7  0.00825  
8724.199999999999  0.00801  
8728.7  0.00795  
8733.2  0.00779  
8737.6  0.00763  
8742.1  0.0077  
8746.6  0.00781  
8751.1  0.00772  
8755.599999999999  0.00779  
8760.1  0.0078  
8764.6  0.00781  
8769.0  0.00797  
8773.5  0.0081  
8778.0  0.00793  
8782.5  0.00753  
8787.0  0.00744  
8791.5  0.0078  
8796.0  0.00787  

