@MEASUREMENT_RADIUS 18.0 cm
#lambda:
#tr:
#end
6251.799999999999  0.00274  
6256.1  0.00268  
6260.4  0.00271  
6264.700000000001  0.00276  
6269.0  0.00273  
6273.3  0.00279  
6277.6  0.00285  
6281.900000000001  0.00276  
6286.2  0.00269  
6290.5  0.0027  
6294.8  0.00277  
6299.099999999999  0.00285  
6303.400000000001  0.00298  
6307.7  0.00294  
6312.0  0.00284  
6316.3  0.0028  
6320.599999999999  0.00286  
6325.0  0.00294  
6329.299999999999  0.00293  
6333.6  0.00293  
6337.9  0.00293  
6342.200000000001  0.00291  
6346.5  0.003  
6350.8  0.00302  
6355.1  0.00296  
6359.400000000001  0.00294  
6363.7  0.00301  
6368.099999999999  0.00302  
6372.4  0.00296  
6376.7  0.00305  
6381.0  0.00319  
6385.299999999999  0.00311  
6389.6  0.00304  
6393.9  0.00313  
6398.200000000001  0.00311  
6402.6  0.00304  
6406.900000000001  0.00317  
6411.2  0.00333  
6415.5  0.00328  
6419.8  0.00315  
6424.099999999999  0.00315  
6428.5  0.0033  
6432.799999999999  0.00346  
6437.1  0.00342  
6441.4  0.00326  
6445.700000000001  0.00324  
6450.0  0.00327  
6454.400000000001  0.00333  
6458.7  0.00337  
6463.0  0.00335  
6467.3  0.00332  
6471.599999999999  0.0034  
6476.0  0.00344  
6480.299999999999  0.00341  
6484.6  0.00332  
6488.9  0.00332  
6493.3  0.0035  
6497.6  0.00359  
6501.900000000001  0.00345  
6506.2  0.00332  
6510.5  0.00338  
6514.9  0.0035  
6519.2  0.00349  
6523.5  0.00339  
6527.799999999999  0.00348  
6532.200000000001  0.0037  
6536.5  0.00376  
6540.8  0.00361  
6545.2  0.00356  
6549.5  0.00369  
6553.8  0.00377  
6558.099999999999  0.00384  
6562.5  0.00384  
6566.799999999999  0.00384  
6571.1  0.00385  
6575.5  0.00388  
6579.8  0.00394  
6584.099999999999  0.00413  
6588.400000000001  0.00433  
6592.799999999999  0.00436  
6597.1  0.00437  
6601.4  0.00449  
6605.8  0.00462  
6610.1  0.00472  
6614.400000000001  0.00481  
6618.8  0.00491  
6623.099999999999  0.005  
6627.4  0.00512  
6631.799999999999  0.0053  
6636.1  0.00537  
6640.4  0.0054  
6644.8  0.00555  
6649.099999999999  0.00579  
6653.5  0.00597  
6657.799999999999  0.00602  
6662.1  0.00618  
6666.5  0.00647  
6670.8  0.00669  
6675.1  0.0068  
6679.5  0.00694  
6683.8  0.00726  
6688.200000000001  0.00754  
6692.5  0.00782  
6696.799999999999  0.00816  
6701.2  0.00855  
6705.5  0.00891  
6709.9  0.00922  
6714.2  0.00959  
6718.5  0.01022  
6722.9  0.01087  
6727.200000000001  0.01147  
6731.599999999999  0.01223  
6735.900000000001  0.01306  
6740.299999999999  0.01388  
6744.6  0.01486  
6748.9  0.01598  
6753.3  0.01728  
6757.6  0.01884  
6762.0  0.02041  
6766.3  0.02202  
6770.700000000001  0.02395  
6775.0  0.02616  
6779.400000000001  0.02867  
6783.7  0.0315  
6788.099999999999  0.03466  
6792.4  0.03804  
6796.799999999999  0.04169  
6801.1  0.0459  
6805.5  0.05076  
6809.8  0.05612  
6814.2  0.06181  
6818.5  0.06802  
6822.9  0.07509  
6827.200000000001  0.08295  
6831.599999999999  0.09157  
6835.900000000001  0.10094  
6840.299999999999  0.11124  
6844.6  0.12274  
6849.0  0.13544  
6853.3  0.14927  
6857.7  0.16445  
6862.0  0.18105  
6866.4  0.19925  
6870.700000000001  0.21931  
6875.1  0.24115  
6879.5  0.26481  
6883.8  0.29047  
6888.200000000001  0.31798  
6892.5  0.34744  
6896.900000000001  0.37894  
6901.2  0.41192  
6905.599999999999  0.44645  
6910.0  0.48212  
6914.299999999999  0.51833  
6918.7  0.55502  
6923.0  0.5917  
6927.4  0.62762  
6931.799999999999  0.66298  
6936.1  0.69731  
6940.5  0.72951  
6944.8  0.75938  
6949.2  0.78731  
6953.6  0.81302  
6957.9  0.83614  
6962.3  0.85649  
6966.599999999999  0.874  
6971.0  0.88955  
6975.4  0.90307  
6979.700000000001  0.91426  
6984.099999999999  0.92359  
6988.5  0.93157  
6992.799999999999  0.93822  
6997.200000000001  0.94327  
7001.599999999999  0.94732  
7005.900000000001  0.95086  
7010.299999999999  0.95327  
7014.700000000001  0.95481  
7019.0  0.95639  
7023.400000000001  0.95782  
7027.799999999999  0.95837  
7032.1  0.95831  
7036.5  0.958  
7040.900000000001  0.95739  
7045.2  0.9567  
7049.6  0.95647  
7054.0  0.95634  
7058.3  0.95554  
7062.7  0.95467  
7067.1  0.95397  
7071.5  0.95332  
7075.8  0.95287  
7080.2  0.95276  
7084.6  0.95338  
7088.9  0.95425  
7093.3  0.95506  
7097.7  0.95605  
7102.1  0.95705  
7106.4  0.95842  
7110.8  0.96028  
7115.2  0.96207  
7119.6  0.96373  
7123.9  0.96501  
7128.3  0.96596  
7132.7  0.96694  
7137.1  0.96783  
7141.4  0.96863  
7145.8  0.96874  
7150.2  0.96827  
7154.6  0.968  
7159.0  0.96753  
7163.3  0.96673  
7167.7  0.96589  
7172.1  0.96454  
7176.5  0.96275  
7180.900000000001  0.96125  
7185.2  0.96051  
7189.6  0.95981  
7194.0  0.95844  
7198.400000000001  0.95767  
7202.799999999999  0.95791  
7207.1  0.95837  
7211.5  0.95868  
7215.900000000001  0.95862  
7220.299999999999  0.95855  
7224.700000000001  0.95971  
7229.099999999999  0.96174  
7233.400000000001  0.963  
7237.799999999999  0.96415  
7242.200000000001  0.96552  
7246.599999999999  0.96675  
7251.0  0.96771  
7255.4  0.96867  
7259.700000000001  0.96966  
7264.099999999999  0.97011  
7268.5  0.97057  
7272.9  0.9711  
7277.3  0.97063  
7281.7  0.9697  
7286.1  0.9693  
7290.5  0.96925  
7294.9  0.9687  
7299.2  0.96753  
7303.6  0.96631  
7308.0  0.96524  
7312.4  0.96485  
7316.799999999999  0.96478  
7321.2  0.96458  
7325.599999999999  0.96395  
7330.0  0.96316  
7334.400000000001  0.96338  
7338.8  0.96391  
7343.099999999999  0.96376  
7347.5  0.96382  
7351.900000000001  0.96439  
7356.3  0.96458  
7360.700000000001  0.96422  
7365.1  0.96452  
7369.5  0.96525  
7373.9  0.96557  
7378.3  0.96545  
7382.7  0.96486  
7387.1  0.96442  
7391.5  0.96398  
7395.900000000001  0.96376  
7400.299999999999  0.96328  
7404.700000000001  0.96214  
7409.099999999999  0.96106  
7413.5  0.96005  
7417.9  0.95948  
7422.3  0.95977  
7426.7  0.95963  
7431.1  0.95812  
7435.5  0.95649  
7439.9  0.95615  
7444.299999999999  0.95641  
7448.7  0.95636  
7453.099999999999  0.95651  
7457.5  0.95683  
7461.900000000001  0.95724  
7466.3  0.95813  
7470.700000000001  0.95907  
7475.1  0.95937  
7479.5  0.95958  
7483.9  0.96029  
7488.3  0.96142  
7492.7  0.96248  
7497.1  0.96325  
7501.5  0.96392  
7505.900000000001  0.96485  
7510.299999999999  0.96606  
7514.700000000001  0.96704  
7519.099999999999  0.96792  
7523.5  0.96905  
7527.9  0.96957  
7532.3  0.96893  
7536.799999999999  0.96813  
7541.2  0.9682  
7545.599999999999  0.96859  
7550.0  0.9686  
7554.400000000001  0.96801  
7558.8  0.96678  
7563.200000000001  0.96526  
7567.6  0.9637  
7572.0  0.96248  
7576.4  0.96152  
7580.8  0.95963  
7585.299999999999  0.95719  
7589.700000000001  0.95558  
7594.099999999999  0.95417  
7598.5  0.95241  
7602.9  0.95107  
7607.3  0.94953  
7611.7  0.9472  
7616.1  0.9456  
7620.599999999999  0.94495  
7625.0  0.94363  
7629.400000000001  0.94186  
7633.8  0.94081  
7638.200000000001  0.94005  
7642.6  0.93947  
7647.0  0.93942  
7651.5  0.93995  
7655.900000000001  0.94082  
7660.299999999999  0.94093  
7664.700000000001  0.94028  
7669.099999999999  0.94056  
7673.5  0.94219  
7678.0  0.9438  
7682.4  0.94458  
7686.799999999999  0.94518  
7691.2  0.94638  
7695.599999999999  0.94803  
7700.0  0.94976  
7704.5  0.95094  
7708.9  0.95141  
7713.3  0.95229  
7717.7  0.95392  
7722.1  0.95546  
7726.599999999999  0.95689  
7731.0  0.95802  
7735.4  0.95922  
7739.8  0.96085  
7744.299999999999  0.96132  
7748.7  0.96068  
7753.099999999999  0.96116  
7757.5  0.96228  
7761.900000000001  0.96242  
7766.4  0.96237  
7770.8  0.96257  
7775.2  0.96257  
7779.6  0.96294  
7784.099999999999  0.96305  
7788.5  0.96254  
7792.9  0.96222  
7797.3  0.96187  
7801.799999999999  0.96125  
7806.2  0.96063  
7810.599999999999  0.96024  
7815.0  0.96006  
7819.5  0.95947  
7823.9  0.95841  
7828.3  0.95707  
7832.799999999999  0.95603  
7837.200000000001  0.9558  
7841.599999999999  0.95553  
7846.0  0.95428  
7850.5  0.95312  
7854.9  0.953  
7859.299999999999  0.95248  
7863.8  0.9515  
7868.200000000001  0.9512  
7872.6  0.9514  
7877.1  0.95136  
7881.5  0.9508  
7885.900000000001  0.95003  
7890.4  0.94987  
7894.8  0.95074  
7899.2  0.95145  
7903.7  0.95155  
7908.099999999999  0.95184  
7912.5  0.95249  
7917.0  0.95361  
7921.4  0.95496  
7925.8  0.95513  
7930.299999999999  0.95494  
7934.700000000001  0.95605  
7939.099999999999  0.95787  
7943.6  0.95883  
7948.0  0.95884  
7952.4  0.9595  
7956.900000000001  0.96044  
7961.3  0.96085  
7965.700000000001  0.96095  
7970.2  0.96134  
7974.6  0.96201  
7979.099999999999  0.96237  
7983.5  0.96233  
7987.9  0.96217  
7992.4  0.9623  
7996.799999999999  0.96187  
8001.3  0.96124  
8005.700000000001  0.96096  
8010.1  0.96103  
8014.6  0.9615  
8019.0  0.96152  
8023.5  0.96065  
8027.9  0.96069  
8032.3  0.96154  
8036.799999999999  0.96176  
8041.2  0.96134  
8045.700000000001  0.96114  
8050.1  0.9614  
8054.6  0.96125  
8059.0  0.96087  
8063.400000000001  0.96088  
8067.9  0.96102  
8072.3  0.96108  
8076.799999999999  0.96136  
8081.2  0.96136  
8085.700000000001  0.96162  
8090.1  0.96172  
8094.6  0.96119  
8099.0  0.96012  
8103.5  0.9594  
8107.9  0.95966  
8112.3  0.95968  
8116.799999999999  0.95941  
8121.2  0.95929  
8125.700000000001  0.95875  
8130.1  0.95767  
8134.6  0.95698  
8139.0  0.9567  
8143.5  0.95607  
8147.9  0.95553  
8152.4  0.95582  
8156.799999999999  0.95562  
8161.3  0.95446  
8165.700000000001  0.95407  
8170.2  0.95455  
8174.6  0.95442  
8179.099999999999  0.9537  
8183.5  0.95392  
8188.0  0.95465  
8192.4  0.95506  
8196.900000000001  0.95603  
8201.4  0.95678  
8205.800000000001  0.95577  
8210.3  0.95485  
8214.7  0.95588  
8219.199999999999  0.95784  
8223.6  0.95857  
8228.099999999999  0.95788  
8232.5  0.95753  
8237.0  0.95793  
8241.4  0.95841  
8245.9  0.95875  
8250.3  0.95923  
8254.8  0.95988  
8259.3  0.96017  
8263.7  0.95904  
8268.2  0.95804  
8272.6  0.95821  
8277.1  0.95815  
8281.5  0.95773  
8286.0  0.95755  
8290.5  0.95777  
8294.9  0.95774  
8299.400000000001  0.95717  
8303.8  0.95652  
8308.300000000001  0.95538  
8312.8  0.9544  
8317.2  0.95401  
8321.699999999999  0.95355  
8326.1  0.95266  
8330.599999999999  0.95054  
8335.1  0.94711  
8339.5  0.94409  
8344.0  0.94173  
8348.4  0.93834  
8352.9  0.93312  
8357.4  0.92634  
8361.8  0.91789  
8366.3  0.90847  
8370.800000000001  0.89869  
8375.2  0.88633  
8379.7  0.87066  
8384.199999999999  0.85335  
8388.6  0.83434  
8393.099999999999  0.81256  
8397.5  0.78778  
8402.0  0.76068  
8406.5  0.73171  
8410.9  0.70063  
8415.4  0.66712  
8419.9  0.6323  
8424.3  0.59695  
8428.8  0.56061  
8433.300000000001  0.52392  
8437.7  0.48706  
8442.2  0.45036  
8446.699999999999  0.41456  
8451.1  0.38005  
8455.599999999999  0.34695  
8460.1  0.31546  
8464.6  0.28663  
8469.0  0.26011  
8473.5  0.23483  
8478.0  0.21125  
8482.4  0.19033  
8486.900000000001  0.17192  
8491.4  0.15485  
8495.800000000001  0.13953  
8500.3  0.1262  
8504.8  0.11396  
8509.3  0.10248  
8513.7  0.09195  
8518.2  0.08259  
8522.7  0.07467  
8527.1  0.06802  
8531.6  0.06218  
8536.1  0.05663  
8540.599999999999  0.05144  
8545.0  0.04686  
8549.5  0.04286  
8554.0  0.03946  
8558.5  0.03634  
8562.9  0.03339  
8567.4  0.03091  
8571.900000000001  0.02874  
8576.4  0.0266  
8580.800000000001  0.02478  
8585.3  0.02324  
8589.8  0.02145  
8594.3  0.0197  
8598.7  0.01841  
8603.2  0.01718  
8607.7  0.01591  
8612.2  0.01509  
8616.699999999999  0.01457  
8621.1  0.01395  
8625.599999999999  0.01325  
8630.1  0.01271  
8634.6  0.01223  
8639.0  0.01171  
8643.5  0.01119  
8648.0  0.01065  
8652.5  0.01033  
8657.0  0.0101  
8661.4  0.00975  
8665.9  0.00937  
8670.4  0.00926  
8674.9  0.00905  
8679.400000000001  0.00869  
8683.8  0.00856  
8688.300000000001  0.00864  
8692.8  0.00854  
8697.3  0.00827  
8701.8  0.0082  
8706.3  0.0083  
8710.7  0.00833  
8715.2  0.00842  
8719.7  0.00843  
8724.199999999999  0.00814  
8728.7  0.00789  
8733.2  0.00778  
8737.6  0.00796  
8742.1  0.00815  
8746.6  0.00787  
8751.1  0.00769  
8755.599999999999  0.00799  
8760.1  0.00811  
8764.6  0.00796  
8769.0  0.00763  
8773.5  0.00746  
8778.0  0.00763  
8782.5  0.00789  
8787.0  0.0079  
8791.5  0.00795  
8796.0  0.00779  

