@MEASUREMENT_RADIUS 19.0 cm
#lambda:
#tr:
#end
6251.799999999999  0.00272  
6256.1  0.0028  
6260.4  0.00273  
6264.700000000001  0.00268  
6269.0  0.00276  
6273.3  0.00276  
6277.6  0.00267  
6281.900000000001  0.00271  
6286.2  0.00279  
6290.5  0.00279  
6294.8  0.00277  
6299.099999999999  0.00268  
6303.400000000001  0.00262  
6307.7  0.00269  
6312.0  0.00295  
6316.3  0.00298  
6320.599999999999  0.00272  
6325.0  0.00262  
6329.299999999999  0.00279  
6333.6  0.00297  
6337.9  0.00303  
6342.200000000001  0.00289  
6346.5  0.00279  
6350.8  0.00287  
6355.1  0.00294  
6359.400000000001  0.003  
6363.7  0.00302  
6368.099999999999  0.00301  
6372.4  0.00299  
6376.7  0.00301  
6381.0  0.00311  
6385.299999999999  0.00317  
6389.6  0.00319  
6393.9  0.00312  
6398.200000000001  0.00305  
6402.6  0.00309  
6406.900000000001  0.00315  
6411.2  0.00324  
6415.5  0.0033  
6419.8  0.00329  
6424.099999999999  0.00326  
6428.5  0.00331  
6432.799999999999  0.00329  
6437.1  0.00319  
6441.4  0.00318  
6445.700000000001  0.00324  
6450.0  0.00332  
6454.400000000001  0.0034  
6458.7  0.00336  
6463.0  0.00334  
6467.3  0.00343  
6471.599999999999  0.00347  
6476.0  0.00336  
6480.299999999999  0.00331  
6484.6  0.00333  
6488.9  0.00338  
6493.3  0.00341  
6497.6  0.00333  
6501.900000000001  0.00329  
6506.2  0.00337  
6510.5  0.00342  
6514.9  0.00336  
6519.2  0.00336  
6523.5  0.00345  
6527.799999999999  0.00344  
6532.200000000001  0.00346  
6536.5  0.00351  
6540.8  0.00351  
6545.2  0.00361  
6549.5  0.00376  
6553.8  0.00373  
6558.099999999999  0.00373  
6562.5  0.00384  
6566.799999999999  0.00392  
6571.1  0.00384  
6575.5  0.0039  
6579.8  0.00411  
6584.099999999999  0.00414  
6588.400000000001  0.00416  
6592.799999999999  0.00433  
6597.1  0.00439  
6601.4  0.00439  
6605.8  0.00452  
6610.1  0.00473  
6614.400000000001  0.00491  
6618.8  0.00501  
6623.099999999999  0.00511  
6627.4  0.00518  
6631.799999999999  0.00518  
6636.1  0.00526  
6640.4  0.00556  
6644.8  0.0058  
6649.099999999999  0.00585  
6653.5  0.00593  
6657.799999999999  0.00613  
6662.1  0.00637  
6666.5  0.00661  
6670.8  0.00672  
6675.1  0.00688  
6679.5  0.0072  
6683.8  0.00758  
6688.200000000001  0.00794  
6692.5  0.00828  
6696.799999999999  0.00855  
6701.2  0.00886  
6705.5  0.00926  
6709.9  0.00969  
6714.2  0.01011  
6718.5  0.01065  
6722.9  0.01128  
6727.200000000001  0.01193  
6731.599999999999  0.01264  
6735.900000000001  0.01354  
6740.299999999999  0.0146  
6744.6  0.01573  
6748.9  0.01699  
6753.3  0.01835  
6757.6  0.01982  
6762.0  0.02145  
6766.3  0.02333  
6770.700000000001  0.02546  
6775.0  0.02794  
6779.400000000001  0.03057  
6783.7  0.03344  
6788.099999999999  0.03676  
6792.4  0.04047  
6796.799999999999  0.04463  
6801.1  0.04918  
6805.5  0.05403  
6809.8  0.05948  
6814.2  0.06565  
6818.5  0.07243  
6822.9  0.07994  
6827.200000000001  0.08829  
6831.599999999999  0.09742  
6835.900000000001  0.10735  
6840.299999999999  0.11825  
6844.6  0.1304  
6849.0  0.1438  
6853.3  0.15843  
6857.7  0.17445  
6862.0  0.19205  
6866.4  0.21152  
6870.700000000001  0.23293  
6875.1  0.25579  
6879.5  0.27988  
6883.8  0.3065  
6888.200000000001  0.33599  
6892.5  0.36681  
6896.900000000001  0.3987  
6901.2  0.4323  
6905.599999999999  0.46757  
6910.0  0.50364  
6914.299999999999  0.54016  
6918.7  0.57714  
6923.0  0.61402  
6927.4  0.64952  
6931.799999999999  0.68384  
6936.1  0.71721  
6940.5  0.74865  
6944.8  0.77753  
6949.2  0.80374  
6953.6  0.82766  
6957.9  0.8496  
6962.3  0.86884  
6966.599999999999  0.88491  
6971.0  0.899  
6975.4  0.91147  
6979.700000000001  0.9216  
6984.099999999999  0.92939  
6988.5  0.93588  
6992.799999999999  0.94186  
6997.200000000001  0.94651  
7001.599999999999  0.9497  
7005.900000000001  0.95244  
7010.299999999999  0.95442  
7014.700000000001  0.95568  
7019.0  0.95672  
7023.400000000001  0.95718  
7027.799999999999  0.95723  
7032.1  0.95717  
7036.5  0.95643  
7040.900000000001  0.95539  
7045.2  0.95456  
7049.6  0.95363  
7054.0  0.95275  
7058.3  0.95246  
7062.7  0.9525  
7067.1  0.95216  
7071.5  0.95207  
7075.8  0.95245  
7080.2  0.95276  
7084.6  0.95335  
7088.9  0.95441  
7093.3  0.95575  
7097.7  0.95727  
7102.1  0.95877  
7106.4  0.96024  
7110.8  0.96198  
7115.2  0.96361  
7119.6  0.9648  
7123.9  0.96591  
7128.3  0.96692  
7132.7  0.96717  
7137.1  0.96682  
7141.4  0.9667  
7145.8  0.96706  
7150.2  0.96647  
7154.6  0.96512  
7159.0  0.96447  
7163.3  0.96349  
7167.7  0.96183  
7172.1  0.96047  
7176.5  0.95944  
7180.900000000001  0.95858  
7185.2  0.95835  
7189.6  0.95806  
7194.0  0.95725  
7198.400000000001  0.95706  
7202.799999999999  0.95776  
7207.1  0.95887  
7211.5  0.95933  
7215.900000000001  0.95934  
7220.299999999999  0.96034  
7224.700000000001  0.96229  
7229.099999999999  0.96397  
7233.400000000001  0.96482  
7237.799999999999  0.9658  
7242.200000000001  0.96696  
7246.599999999999  0.96774  
7251.0  0.96847  
7255.4  0.96937  
7259.700000000001  0.96988  
7264.099999999999  0.96975  
7268.5  0.9691  
7272.9  0.96872  
7277.3  0.96837  
7281.7  0.96777  
7286.1  0.96692  
7290.5  0.96546  
7294.9  0.9646  
7299.2  0.96479  
7303.6  0.96461  
7308.0  0.96362  
7312.4  0.96324  
7316.799999999999  0.96344  
7321.2  0.96339  
7325.599999999999  0.96335  
7330.0  0.96351  
7334.400000000001  0.96426  
7338.8  0.96481  
7343.099999999999  0.96468  
7347.5  0.96503  
7351.900000000001  0.96539  
7356.3  0.96512  
7360.700000000001  0.96529  
7365.1  0.9659  
7369.5  0.9657  
7373.9  0.9653  
7378.3  0.96507  
7382.7  0.96447  
7387.1  0.96415  
7391.5  0.9636  
7395.900000000001  0.96243  
7400.299999999999  0.96145  
7404.700000000001  0.96079  
7409.099999999999  0.95964  
7413.5  0.95823  
7417.9  0.95764  
7422.3  0.95728  
7426.7  0.95665  
7431.1  0.95639  
7435.5  0.95612  
7439.9  0.95576  
7444.299999999999  0.95566  
7448.7  0.9559  
7453.099999999999  0.95643  
7457.5  0.95685  
7461.900000000001  0.95712  
7466.3  0.95795  
7470.700000000001  0.9592  
7475.1  0.95978  
7479.5  0.96025  
7483.9  0.96147  
7488.3  0.96284  
7492.7  0.96362  
7497.1  0.96428  
7501.5  0.96513  
7505.900000000001  0.96612  
7510.299999999999  0.96695  
7514.700000000001  0.96738  
7519.099999999999  0.96828  
7523.5  0.96944  
7527.9  0.96947  
7532.3  0.96842  
7536.799999999999  0.96777  
7541.2  0.96826  
7545.599999999999  0.96866  
7550.0  0.96763  
7554.400000000001  0.96568  
7558.8  0.96483  
7563.200000000001  0.96476  
7567.6  0.9632  
7572.0  0.96133  
7576.4  0.96025  
7580.8  0.95824  
7585.299999999999  0.95587  
7589.700000000001  0.95423  
7594.099999999999  0.95285  
7598.5  0.95159  
7602.9  0.94997  
7607.3  0.94803  
7611.7  0.94628  
7616.1  0.94488  
7620.599999999999  0.94374  
7625.0  0.94276  
7629.400000000001  0.94173  
7633.8  0.94089  
7638.200000000001  0.94047  
7642.6  0.94034  
7647.0  0.94031  
7651.5  0.94034  
7655.900000000001  0.94027  
7660.299999999999  0.94028  
7664.700000000001  0.94089  
7669.099999999999  0.94182  
7673.5  0.94281  
7678.0  0.9432  
7682.4  0.94336  
7686.799999999999  0.94474  
7691.2  0.94652  
7695.599999999999  0.94764  
7700.0  0.94855  
7704.5  0.94996  
7708.9  0.9517  
7713.3  0.95289  
7717.7  0.95381  
7722.1  0.95494  
7726.599999999999  0.95605  
7731.0  0.95677  
7735.4  0.95781  
7739.8  0.95912  
7744.299999999999  0.95973  
7748.7  0.96002  
7753.099999999999  0.96077  
7757.5  0.96124  
7761.900000000001  0.96152  
7766.4  0.96231  
7770.8  0.96293  
7775.2  0.96277  
7779.6  0.96246  
7784.099999999999  0.96233  
7788.5  0.96258  
7792.9  0.96247  
7797.3  0.96162  
7801.799999999999  0.96116  
7806.2  0.96099  
7810.599999999999  0.96011  
7815.0  0.95927  
7819.5  0.9592  
7823.9  0.95879  
7828.3  0.9574  
7832.799999999999  0.95593  
7837.200000000001  0.95489  
7841.599999999999  0.95457  
7846.0  0.95392  
7850.5  0.95289  
7854.9  0.95245  
7859.299999999999  0.95156  
7863.8  0.95068  
7868.200000000001  0.9508  
7872.6  0.95108  
7877.1  0.9509  
7881.5  0.95069  
7885.900000000001  0.9504  
7890.4  0.95004  
7894.8  0.95058  
7899.2  0.95164  
7903.7  0.95245  
7908.099999999999  0.95251  
7912.5  0.95254  
7917.0  0.95363  
7921.4  0.95488  
7925.8  0.95503  
7930.299999999999  0.95549  
7934.700000000001  0.95694  
7939.099999999999  0.95798  
7943.6  0.958  
7948.0  0.95787  
7952.4  0.95874  
7956.900000000001  0.96027  
7961.3  0.96064  
7965.700000000001  0.96002  
7970.2  0.95993  
7974.6  0.96005  
7979.099999999999  0.96007  
7983.5  0.96022  
7987.9  0.95998  
7992.4  0.95963  
7996.799999999999  0.95983  
8001.3  0.9603  
8005.700000000001  0.96026  
8010.1  0.95996  
8014.6  0.96001  
8019.0  0.96029  
8023.5  0.96012  
8027.9  0.96049  
8032.3  0.96116  
8036.799999999999  0.96086  
8041.2  0.96075  
8045.700000000001  0.9614  
8050.1  0.96167  
8054.6  0.96156  
8059.0  0.96194  
8063.400000000001  0.96247  
8067.9  0.9626  
8072.3  0.96244  
8076.799999999999  0.96251  
8081.2  0.96254  
8085.700000000001  0.96228  
8090.1  0.96177  
8094.6  0.96174  
8099.0  0.96171  
8103.5  0.96088  
8107.9  0.95969  
8112.3  0.9594  
8116.799999999999  0.95946  
8121.2  0.95904  
8125.700000000001  0.95841  
8130.1  0.95756  
8134.6  0.95673  
8139.0  0.9557  
8143.5  0.95492  
8147.9  0.95487  
8152.4  0.95472  
8156.799999999999  0.95433  
8161.3  0.9538  
8165.700000000001  0.95353  
8170.2  0.95379  
8174.6  0.95401  
8179.099999999999  0.95342  
8183.5  0.95291  
8188.0  0.95316  
8192.4  0.95422  
8196.900000000001  0.95541  
8201.4  0.95561  
8205.800000000001  0.95532  
8210.3  0.95561  
8214.7  0.95636  
8219.199999999999  0.95668  
8223.6  0.95658  
8228.099999999999  0.95729  
8232.5  0.95808  
8237.0  0.95849  
8241.4  0.95884  
8245.9  0.95885  
8250.3  0.95867  
8254.8  0.95845  
8259.3  0.95836  
8263.7  0.95847  
8268.2  0.95891  
8272.6  0.95917  
8277.1  0.95852  
8281.5  0.95741  
8286.0  0.95663  
8290.5  0.95651  
8294.9  0.95677  
8299.400000000001  0.9568  
8303.8  0.95671  
8308.300000000001  0.95629  
8312.8  0.95498  
8317.2  0.95382  
8321.699999999999  0.95367  
8326.1  0.95346  
8330.599999999999  0.95178  
8335.1  0.94877  
8339.5  0.94626  
8344.0  0.9441  
8348.4  0.94012  
8352.9  0.93466  
8357.4  0.92907  
8361.8  0.92212  
8366.3  0.91321  
8370.800000000001  0.9027  
8375.2  0.89051  
8379.7  0.8766  
8384.199999999999  0.8602  
8388.6  0.841  
8393.099999999999  0.82019  
8397.5  0.79708  
8402.0  0.77082  
8406.5  0.74277  
8410.9  0.7129  
8415.4  0.68022  
8419.9  0.64565  
8424.3  0.61056  
8428.8  0.57518  
8433.300000000001  0.53917  
8437.7  0.50212  
8442.2  0.4647  
8446.699999999999  0.42843  
8451.1  0.39398  
8455.599999999999  0.36096  
8460.1  0.32901  
8464.6  0.29885  
8469.0  0.27103  
8473.5  0.24542  
8478.0  0.22165  
8482.4  0.19969  
8486.900000000001  0.18011  
8491.4  0.16258  
8495.800000000001  0.14656  
8500.3  0.13216  
8504.8  0.11919  
8509.3  0.10754  
8513.7  0.0968  
8518.2  0.08673  
8522.7  0.07822  
8527.1  0.07138  
8531.6  0.06504  
8536.1  0.05913  
8540.599999999999  0.05399  
8545.0  0.04947  
8549.5  0.04529  
8554.0  0.0413  
8558.5  0.0378  
8562.9  0.03517  
8567.4  0.03274  
8571.900000000001  0.03004  
8576.4  0.0277  
8580.800000000001  0.02591  
8585.3  0.02394  
8589.8  0.02205  
8594.3  0.02068  
8598.7  0.01932  
8603.2  0.01786  
8607.7  0.01667  
8612.2  0.01571  
8616.699999999999  0.015  
8621.1  0.01441  
8625.599999999999  0.01362  
8630.1  0.01282  
8634.6  0.0123  
8639.0  0.01177  
8643.5  0.01125  
8648.0  0.01083  
8652.5  0.01061  
8657.0  0.01029  
8661.4  0.00983  
8665.9  0.00952  
8670.4  0.00949  
8674.9  0.00929  
8679.400000000001  0.009  
8683.8  0.00882  
8688.300000000001  0.00859  
8692.8  0.00839  
8697.3  0.00845  
8701.8  0.00833  
8706.3  0.00811  
8710.7  0.00816  
8715.2  0.00817  
8719.7  0.00796  
8724.199999999999  0.00782  
8728.7  0.00792  
8733.2  0.00783  
8737.6  0.00778  
8742.1  0.00775  
8746.6  0.00761  
8751.1  0.00749  
8755.599999999999  0.00757  
8760.1  0.0077  
8764.6  0.00773  
8769.0  0.00757  
8773.5  0.00762  
8778.0  0.00791  
8782.5  0.00774  
8787.0  0.00728  
8791.5  0.00756  
8796.0  0.00806  

