@MEASUREMENT_RADIUS 20.0 cm
#lambda:
#tr:
#end
6251.799999999999  0.00265  
6256.1  0.00273  
6260.4  0.00279  
6264.700000000001  0.00283  
6269.0  0.00285  
6273.3  0.00278  
6277.6  0.00278  
6281.900000000001  0.00287  
6286.2  0.00295  
6290.5  0.00301  
6294.8  0.00299  
6299.099999999999  0.00283  
6303.400000000001  0.00283  
6307.7  0.00291  
6312.0  0.00286  
6316.3  0.00283  
6320.599999999999  0.00289  
6325.0  0.00291  
6329.299999999999  0.00291  
6333.6  0.00294  
6337.9  0.00296  
6342.200000000001  0.00295  
6346.5  0.00285  
6350.8  0.00292  
6355.1  0.00311  
6359.400000000001  0.00303  
6363.7  0.00291  
6368.099999999999  0.00295  
6372.4  0.00312  
6376.7  0.00317  
6381.0  0.00303  
6385.299999999999  0.00291  
6389.6  0.003  
6393.9  0.00321  
6398.200000000001  0.00325  
6402.6  0.00315  
6406.900000000001  0.00315  
6411.2  0.00323  
6415.5  0.00324  
6419.8  0.00321  
6424.099999999999  0.00322  
6428.5  0.00335  
6432.799999999999  0.00346  
6437.1  0.00337  
6441.4  0.00321  
6445.700000000001  0.00321  
6450.0  0.00326  
6454.400000000001  0.00333  
6458.7  0.0033  
6463.0  0.00314  
6467.3  0.00318  
6471.599999999999  0.00338  
6476.0  0.00342  
6480.299999999999  0.0034  
6484.6  0.00346  
6488.9  0.00337  
6493.3  0.00322  
6497.6  0.00324  
6501.900000000001  0.00339  
6506.2  0.00337  
6510.5  0.00332  
6514.9  0.00343  
6519.2  0.0035  
6523.5  0.00356  
6527.799999999999  0.00359  
6532.200000000001  0.00359  
6536.5  0.0035  
6540.8  0.00346  
6545.2  0.00356  
6549.5  0.0037  
6553.8  0.00375  
6558.099999999999  0.00381  
6562.5  0.00388  
6566.799999999999  0.00391  
6571.1  0.00389  
6575.5  0.00392  
6579.8  0.00398  
6584.099999999999  0.0041  
6588.400000000001  0.00437  
6592.799999999999  0.00455  
6597.1  0.00447  
6601.4  0.00449  
6605.8  0.00467  
6610.1  0.00479  
6614.400000000001  0.00484  
6618.8  0.00485  
6623.099999999999  0.00489  
6627.4  0.00509  
6631.799999999999  0.00539  
6636.1  0.00541  
6640.4  0.00544  
6644.8  0.00567  
6649.099999999999  0.00588  
6653.5  0.00608  
6657.799999999999  0.00628  
6662.1  0.00642  
6666.5  0.00655  
6670.8  0.00676  
6675.1  0.00709  
6679.5  0.00726  
6683.8  0.00742  
6688.200000000001  0.00782  
6692.5  0.00826  
6696.799999999999  0.00849  
6701.2  0.00883  
6705.5  0.00943  
6709.9  0.00997  
6714.2  0.01039  
6718.5  0.01087  
6722.9  0.01145  
6727.200000000001  0.01226  
6731.599999999999  0.01319  
6735.900000000001  0.01399  
6740.299999999999  0.01485  
6744.6  0.01596  
6748.9  0.0173  
6753.3  0.01873  
6757.6  0.02033  
6762.0  0.0221  
6766.3  0.02402  
6770.700000000001  0.02612  
6775.0  0.0286  
6779.400000000001  0.03152  
6783.7  0.03464  
6788.099999999999  0.03798  
6792.4  0.04171  
6796.799999999999  0.04591  
6801.1  0.05064  
6805.5  0.05586  
6809.8  0.0616  
6814.2  0.06786  
6818.5  0.07483  
6822.9  0.08269  
6827.200000000001  0.09108  
6831.599999999999  0.10022  
6835.900000000001  0.11046  
6840.299999999999  0.12198  
6844.6  0.13452  
6849.0  0.1481  
6853.3  0.16305  
6857.7  0.17956  
6862.0  0.19777  
6866.4  0.21752  
6870.700000000001  0.23888  
6875.1  0.26249  
6879.5  0.28825  
6883.8  0.3157  
6888.200000000001  0.34466  
6892.5  0.37552  
6896.900000000001  0.40861  
6901.2  0.44318  
6905.599999999999  0.47857  
6910.0  0.51472  
6914.299999999999  0.55153  
6918.7  0.58835  
6923.0  0.62495  
6927.4  0.66092  
6931.799999999999  0.69556  
6936.1  0.72812  
6940.5  0.75829  
6944.8  0.78671  
6949.2  0.81279  
6953.6  0.836  
6957.9  0.85704  
6962.3  0.87544  
6966.599999999999  0.89098  
6971.0  0.90422  
6975.4  0.9154  
6979.700000000001  0.92479  
6984.099999999999  0.9324  
6988.5  0.93872  
6992.799999999999  0.94419  
6997.200000000001  0.94814  
7001.599999999999  0.95055  
7005.900000000001  0.95251  
7010.299999999999  0.95418  
7014.700000000001  0.95534  
7019.0  0.9559  
7023.400000000001  0.95569  
7027.799999999999  0.95543  
7032.1  0.95524  
7036.5  0.95439  
7040.900000000001  0.95346  
7045.2  0.95276  
7049.6  0.95226  
7054.0  0.95187  
7058.3  0.95179  
7062.7  0.95198  
7067.1  0.95171  
7071.5  0.95168  
7075.8  0.95272  
7080.2  0.95405  
7084.6  0.95495  
7088.9  0.95553  
7093.3  0.95659  
7097.7  0.95851  
7102.1  0.96034  
7106.4  0.96166  
7110.8  0.96295  
7115.2  0.96407  
7119.6  0.9649  
7123.9  0.96566  
7128.3  0.9659  
7132.7  0.96563  
7137.1  0.96519  
7141.4  0.96485  
7145.8  0.96438  
7150.2  0.96311  
7154.6  0.962  
7159.0  0.96124  
7163.3  0.96006  
7167.7  0.95917  
7172.1  0.95841  
7176.5  0.95774  
7180.900000000001  0.9574  
7185.2  0.95745  
7189.6  0.95762  
7194.0  0.95778  
7198.400000000001  0.95855  
7202.799999999999  0.95937  
7207.1  0.96015  
7211.5  0.96103  
7215.900000000001  0.96175  
7220.299999999999  0.96296  
7224.700000000001  0.96475  
7229.099999999999  0.96596  
7233.400000000001  0.96633  
7237.799999999999  0.96688  
7242.200000000001  0.96758  
7246.599999999999  0.96776  
7251.0  0.96776  
7255.4  0.96817  
7259.700000000001  0.96801  
7264.099999999999  0.96712  
7268.5  0.96652  
7272.9  0.96615  
7277.3  0.96533  
7281.7  0.96463  
7286.1  0.96426  
7290.5  0.96335  
7294.9  0.96275  
7299.2  0.96344  
7303.6  0.96375  
7308.0  0.96282  
7312.4  0.96266  
7316.799999999999  0.96333  
7321.2  0.96363  
7325.599999999999  0.96372  
7330.0  0.9642  
7334.400000000001  0.96495  
7338.8  0.96551  
7343.099999999999  0.96603  
7347.5  0.9665  
7351.900000000001  0.96625  
7356.3  0.96555  
7360.700000000001  0.96571  
7365.1  0.96672  
7369.5  0.96655  
7373.9  0.96516  
7378.3  0.96403  
7382.7  0.96304  
7387.1  0.96235  
7391.5  0.96148  
7395.900000000001  0.96019  
7400.299999999999  0.95914  
7404.700000000001  0.95848  
7409.099999999999  0.95799  
7413.5  0.95728  
7417.9  0.95629  
7422.3  0.95559  
7426.7  0.9557  
7431.1  0.95597  
7435.5  0.95596  
7439.9  0.95588  
7444.299999999999  0.9554  
7448.7  0.95511  
7453.099999999999  0.95594  
7457.5  0.9571  
7461.900000000001  0.95768  
7466.3  0.9584  
7470.700000000001  0.95947  
7475.1  0.96013  
7479.5  0.96114  
7483.9  0.96272  
7488.3  0.96406  
7492.7  0.96463  
7497.1  0.96501  
7501.5  0.96558  
7505.900000000001  0.96631  
7510.299999999999  0.9672  
7514.700000000001  0.9677  
7519.099999999999  0.96802  
7523.5  0.96821  
7527.9  0.96813  
7532.3  0.96826  
7536.799999999999  0.96836  
7541.2  0.96773  
7545.599999999999  0.96688  
7550.0  0.96646  
7554.400000000001  0.96567  
7558.8  0.9647  
7563.200000000001  0.96364  
7567.6  0.96172  
7572.0  0.96005  
7576.4  0.95902  
7580.8  0.95734  
7585.299999999999  0.9557  
7589.700000000001  0.95462  
7594.099999999999  0.95311  
7598.5  0.95112  
7602.9  0.94929  
7607.3  0.94778  
7611.7  0.94642  
7616.1  0.94546  
7620.599999999999  0.94464  
7625.0  0.9435  
7629.400000000001  0.94222  
7633.8  0.9412  
7638.200000000001  0.9407  
7642.6  0.94087  
7647.0  0.94077  
7651.5  0.94035  
7655.900000000001  0.94052  
7660.299999999999  0.94124  
7664.700000000001  0.94141  
7669.099999999999  0.94155  
7673.5  0.94239  
7678.0  0.94315  
7682.4  0.94399  
7686.799999999999  0.94499  
7691.2  0.94578  
7695.599999999999  0.94653  
7700.0  0.94774  
7704.5  0.9492  
7708.9  0.95008  
7713.3  0.95069  
7717.7  0.9519  
7722.1  0.95323  
7726.599999999999  0.95407  
7731.0  0.95507  
7735.4  0.95675  
7739.8  0.95829  
7744.299999999999  0.95861  
7748.7  0.95859  
7753.099999999999  0.95976  
7757.5  0.96102  
7761.900000000001  0.96113  
7766.4  0.96126  
7770.8  0.96208  
7775.2  0.96272  
7779.6  0.96271  
7784.099999999999  0.96205  
7788.5  0.96179  
7792.9  0.96223  
7797.3  0.96211  
7801.799999999999  0.96144  
7806.2  0.96088  
7810.599999999999  0.95991  
7815.0  0.95912  
7819.5  0.9593  
7823.9  0.9587  
7828.3  0.95693  
7832.799999999999  0.95556  
7837.200000000001  0.9545  
7841.599999999999  0.9542  
7846.0  0.95399  
7850.5  0.95277  
7854.9  0.95202  
7859.299999999999  0.95199  
7863.8  0.95155  
7868.200000000001  0.9507  
7872.6  0.95031  
7877.1  0.95071  
7881.5  0.95118  
7885.900000000001  0.95117  
7890.4  0.95115  
7894.8  0.95154  
7899.2  0.95211  
7903.7  0.95251  
7908.099999999999  0.95247  
7912.5  0.95253  
7917.0  0.95391  
7921.4  0.95546  
7925.8  0.95519  
7930.299999999999  0.95508  
7934.700000000001  0.95602  
7939.099999999999  0.9567  
7943.6  0.95707  
7948.0  0.95691  
7952.4  0.95689  
7956.900000000001  0.95747  
7961.3  0.95791  
7965.700000000001  0.95819  
7970.2  0.95858  
7974.6  0.95876  
7979.099999999999  0.95854  
7983.5  0.95795  
7987.9  0.95794  
7992.4  0.95846  
7996.799999999999  0.95847  
8001.3  0.95854  
8005.700000000001  0.95905  
8010.1  0.95954  
8014.6  0.9598  
8019.0  0.95986  
8023.5  0.96004  
8027.9  0.96107  
8032.3  0.96171  
8036.799999999999  0.96148  
8041.2  0.96148  
8045.700000000001  0.96182  
8050.1  0.9621  
8054.6  0.96256  
8059.0  0.96342  
8063.400000000001  0.96369  
8067.9  0.96313  
8072.3  0.96317  
8076.799999999999  0.96366  
8081.2  0.96356  
8085.700000000001  0.96315  
8090.1  0.96204  
8094.6  0.96108  
8099.0  0.96091  
8103.5  0.96076  
8107.9  0.96016  
8112.3  0.95905  
8116.799999999999  0.95795  
8121.2  0.95759  
8125.700000000001  0.95744  
8130.1  0.95652  
8134.6  0.95544  
8139.0  0.95474  
8143.5  0.95425  
8147.9  0.95377  
8152.4  0.95339  
8156.799999999999  0.95332  
8161.3  0.95326  
8165.700000000001  0.95319  
8170.2  0.95299  
8174.6  0.95329  
8179.099999999999  0.95366  
8183.5  0.95348  
8188.0  0.95359  
8192.4  0.9543  
8196.900000000001  0.95509  
8201.4  0.95576  
8205.800000000001  0.95564  
8210.3  0.9553  
8214.7  0.95557  
8219.199999999999  0.95637  
8223.6  0.95708  
8228.099999999999  0.95722  
8232.5  0.95762  
8237.0  0.95847  
8241.4  0.95862  
8245.9  0.95793  
8250.3  0.95775  
8254.8  0.95813  
8259.3  0.9583  
8263.7  0.95801  
8268.2  0.95804  
8272.6  0.95783  
8277.1  0.95757  
8281.5  0.95746  
8286.0  0.95685  
8290.5  0.95672  
8294.9  0.95698  
8299.400000000001  0.95696  
8303.8  0.95706  
8308.300000000001  0.95673  
8312.8  0.95579  
8317.2  0.95476  
8321.699999999999  0.95462  
8326.1  0.95427  
8330.599999999999  0.95245  
8335.1  0.95046  
8339.5  0.94862  
8344.0  0.94657  
8348.4  0.94326  
8352.9  0.93825  
8357.4  0.93288  
8361.8  0.92686  
8366.3  0.91929  
8370.800000000001  0.91019  
8375.2  0.89915  
8379.7  0.88569  
8384.199999999999  0.87046  
8388.6  0.85351  
8393.099999999999  0.83392  
8397.5  0.81197  
8402.0  0.78793  
8406.5  0.7614  
8410.9  0.73233  
8415.4  0.70112  
8419.9  0.66851  
8424.3  0.63442  
8428.8  0.59888  
8433.300000000001  0.56269  
8437.7  0.52625  
8442.2  0.48946  
8446.699999999999  0.45263  
8451.1  0.41685  
8455.599999999999  0.38289  
8460.1  0.35029  
8464.6  0.31902  
8469.0  0.28994  
8473.5  0.26304  
8478.0  0.23775  
8482.4  0.21425  
8486.900000000001  0.19335  
8491.4  0.17451  
8495.800000000001  0.15754  
8500.3  0.14227  
8504.8  0.12829  
8509.3  0.11539  
8513.7  0.10362  
8518.2  0.09327  
8522.7  0.08448  
8527.1  0.07654  
8531.6  0.06923  
8536.1  0.063  
8540.599999999999  0.05763  
8545.0  0.05268  
8549.5  0.04793  
8554.0  0.04377  
8558.5  0.04033  
8562.9  0.03727  
8567.4  0.03444  
8571.900000000001  0.03181  
8576.4  0.02938  
8580.800000000001  0.02718  
8585.3  0.02534  
8589.8  0.02366  
8594.3  0.02183  
8598.7  0.02021  
8603.2  0.01887  
8607.7  0.01744  
8612.2  0.01635  
8616.699999999999  0.0158  
8621.1  0.01514  
8625.599999999999  0.0142  
8630.1  0.0134  
8634.6  0.01274  
8639.0  0.01229  
8643.5  0.01205  
8648.0  0.01153  
8652.5  0.01083  
8657.0  0.01045  
8661.4  0.01042  
8665.9  0.01027  
8670.4  0.00969  
8674.9  0.00903  
8679.400000000001  0.00901  
8683.8  0.00923  
8688.300000000001  0.00895  
8692.8  0.00844  
8697.3  0.00835  
8701.8  0.00848  
8706.3  0.00853  
8710.7  0.00838  
8715.2  0.0081  
8719.7  0.00814  
8724.199999999999  0.00836  
8728.7  0.00822  
8733.2  0.00793  
8737.6  0.00799  
8742.1  0.00799  
8746.6  0.00777  
8751.1  0.00777  
8755.599999999999  0.00811  
8760.1  0.00804  
8764.6  0.00772  
8769.0  0.00758  
8773.5  0.00765  
8778.0  0.0078  
8782.5  0.0079  
8787.0  0.00764  
8791.5  0.00752  
8796.0  0.00773  

