@MEASUREMENT_RADIUS 21.0 cm
#lambda:
#tr:
#end
6251.799999999999  0.00251  
6256.1  0.00263  
6260.4  0.00272  
6264.700000000001  0.00272  
6269.0  0.00273  
6273.3  0.00275  
6277.6  0.00282  
6281.900000000001  0.00294  
6286.2  0.00296  
6290.5  0.00285  
6294.8  0.00279  
6299.099999999999  0.00286  
6303.400000000001  0.00298  
6307.7  0.00298  
6312.0  0.00299  
6316.3  0.00301  
6320.599999999999  0.003  
6325.0  0.00301  
6329.299999999999  0.00307  
6333.6  0.00308  
6337.9  0.00299  
6342.200000000001  0.0028  
6346.5  0.0028  
6350.8  0.00306  
6355.1  0.00316  
6359.400000000001  0.00306  
6363.7  0.00299  
6368.099999999999  0.00295  
6372.4  0.00286  
6376.7  0.003  
6381.0  0.00324  
6385.299999999999  0.00314  
6389.6  0.00292  
6393.9  0.00296  
6398.200000000001  0.00315  
6402.6  0.00319  
6406.900000000001  0.0032  
6411.2  0.00324  
6415.5  0.00318  
6419.8  0.0032  
6424.099999999999  0.00328  
6428.5  0.00331  
6432.799999999999  0.00332  
6437.1  0.00326  
6441.4  0.00324  
6445.700000000001  0.0034  
6450.0  0.0034  
6454.400000000001  0.00323  
6458.7  0.00323  
6463.0  0.00338  
6467.3  0.00341  
6471.599999999999  0.00329  
6476.0  0.00325  
6480.299999999999  0.0033  
6484.6  0.00331  
6488.9  0.00329  
6493.3  0.00331  
6497.6  0.00324  
6501.900000000001  0.00314  
6506.2  0.00323  
6510.5  0.00344  
6514.9  0.00354  
6519.2  0.00353  
6523.5  0.00354  
6527.799999999999  0.0035  
6532.200000000001  0.00341  
6536.5  0.00341  
6540.8  0.00358  
6545.2  0.00369  
6549.5  0.00375  
6553.8  0.00378  
6558.099999999999  0.0038  
6562.5  0.00374  
6566.799999999999  0.00383  
6571.1  0.00401  
6575.5  0.00414  
6579.8  0.00419  
6584.099999999999  0.00423  
6588.400000000001  0.00422  
6592.799999999999  0.00428  
6597.1  0.00441  
6601.4  0.00449  
6605.8  0.00456  
6610.1  0.00476  
6614.400000000001  0.00498  
6618.8  0.00506  
6623.099999999999  0.00502  
6627.4  0.00513  
6631.799999999999  0.00548  
6636.1  0.00572  
6640.4  0.00575  
6644.8  0.00574  
6649.099999999999  0.00582  
6653.5  0.00606  
6657.799999999999  0.00634  
6662.1  0.00651  
6666.5  0.00672  
6670.8  0.00695  
6675.1  0.00713  
6679.5  0.00722  
6683.8  0.00758  
6688.200000000001  0.00798  
6692.5  0.0082  
6696.799999999999  0.00859  
6701.2  0.00905  
6705.5  0.00936  
6709.9  0.00981  
6714.2  0.01034  
6718.5  0.01084  
6722.9  0.01146  
6727.200000000001  0.01224  
6731.599999999999  0.01308  
6735.900000000001  0.01394  
6740.299999999999  0.01493  
6744.6  0.01607  
6748.9  0.01733  
6753.3  0.0187  
6757.6  0.02022  
6762.0  0.02192  
6766.3  0.02393  
6770.700000000001  0.02618  
6775.0  0.0287  
6779.400000000001  0.03144  
6783.7  0.03441  
6788.099999999999  0.03773  
6792.4  0.04146  
6796.799999999999  0.04559  
6801.1  0.0502  
6805.5  0.05541  
6809.8  0.06116  
6814.2  0.06752  
6818.5  0.07454  
6822.9  0.08213  
6827.200000000001  0.09055  
6831.599999999999  0.09998  
6835.900000000001  0.11017  
6840.299999999999  0.12113  
6844.6  0.13341  
6849.0  0.14719  
6853.3  0.16216  
6857.7  0.17831  
6862.0  0.19608  
6866.4  0.21575  
6870.700000000001  0.23728  
6875.1  0.26061  
6879.5  0.28572  
6883.8  0.31312  
6888.200000000001  0.34278  
6892.5  0.37375  
6896.900000000001  0.40612  
6901.2  0.44009  
6905.599999999999  0.47556  
6910.0  0.51235  
6914.299999999999  0.54971  
6918.7  0.58655  
6923.0  0.62289  
6927.4  0.65888  
6931.799999999999  0.69388  
6936.1  0.72715  
6940.5  0.75816  
6944.8  0.7868  
6949.2  0.81285  
6953.6  0.83604  
6957.9  0.85713  
6962.3  0.87582  
6966.599999999999  0.89125  
6971.0  0.90446  
6975.4  0.91604  
6979.700000000001  0.9255  
6984.099999999999  0.93316  
6988.5  0.93918  
6992.799999999999  0.94367  
6997.200000000001  0.94696  
7001.599999999999  0.94941  
7005.900000000001  0.9515  
7010.299999999999  0.95292  
7014.700000000001  0.95359  
7019.0  0.95397  
7023.400000000001  0.95401  
7027.799999999999  0.95375  
7032.1  0.95369  
7036.5  0.95354  
7040.900000000001  0.95296  
7045.2  0.95202  
7049.6  0.95114  
7054.0  0.95081  
7058.3  0.95123  
7062.7  0.95203  
7067.1  0.95233  
7071.5  0.95268  
7075.8  0.95355  
7080.2  0.95459  
7084.6  0.95572  
7088.9  0.95683  
7093.3  0.95794  
7097.7  0.95943  
7102.1  0.9608  
7106.4  0.96177  
7110.8  0.96271  
7115.2  0.96342  
7119.6  0.964  
7123.9  0.96465  
7128.3  0.96447  
7132.7  0.96321  
7137.1  0.96215  
7141.4  0.9621  
7145.8  0.96207  
7150.2  0.96084  
7154.6  0.95915  
7159.0  0.95858  
7163.3  0.95834  
7167.7  0.9577  
7172.1  0.95768  
7176.5  0.95787  
7180.900000000001  0.95722  
7185.2  0.95726  
7189.6  0.95852  
7194.0  0.95931  
7198.400000000001  0.96004  
7202.799999999999  0.96129  
7207.1  0.96254  
7211.5  0.96347  
7215.900000000001  0.96399  
7220.299999999999  0.96423  
7224.700000000001  0.96516  
7229.099999999999  0.96668  
7233.400000000001  0.96695  
7237.799999999999  0.96664  
7242.200000000001  0.96697  
7246.599999999999  0.96727  
7251.0  0.96673  
7255.4  0.9658  
7259.700000000001  0.96519  
7264.099999999999  0.96474  
7268.5  0.96408  
7272.9  0.9635  
7277.3  0.96302  
7281.7  0.96291  
7286.1  0.96259  
7290.5  0.96196  
7294.9  0.96206  
7299.2  0.96254  
7303.6  0.96306  
7308.0  0.96331  
7312.4  0.96354  
7316.799999999999  0.96416  
7321.2  0.96461  
7325.599999999999  0.96488  
7330.0  0.96572  
7334.400000000001  0.96688  
7338.8  0.96715  
7343.099999999999  0.96677  
7347.5  0.96692  
7351.900000000001  0.96714  
7356.3  0.96644  
7360.700000000001  0.96563  
7365.1  0.96518  
7369.5  0.9646  
7373.9  0.9642  
7378.3  0.96356  
7382.7  0.9621  
7387.1  0.96078  
7391.5  0.96009  
7395.900000000001  0.95952  
7400.299999999999  0.95859  
7404.700000000001  0.9576  
7409.099999999999  0.95654  
7413.5  0.95581  
7417.9  0.9558  
7422.3  0.9554  
7426.7  0.95521  
7431.1  0.9558  
7435.5  0.95603  
7439.9  0.95577  
7444.299999999999  0.95532  
7448.7  0.95543  
7453.099999999999  0.95668  
7457.5  0.95789  
7461.900000000001  0.95864  
7466.3  0.95953  
7470.700000000001  0.96024  
7475.1  0.96087  
7479.5  0.96209  
7483.9  0.96328  
7488.3  0.96405  
7492.7  0.96488  
7497.1  0.96548  
7501.5  0.96545  
7505.900000000001  0.96579  
7510.299999999999  0.9666  
7514.700000000001  0.96706  
7519.099999999999  0.96763  
7523.5  0.96829  
7527.9  0.96823  
7532.3  0.96742  
7536.799999999999  0.96672  
7541.2  0.96661  
7545.599999999999  0.96667  
7550.0  0.96596  
7554.400000000001  0.9646  
7558.8  0.96367  
7563.200000000001  0.9628  
7567.6  0.96125  
7572.0  0.95972  
7576.4  0.9584  
7580.8  0.95695  
7585.299999999999  0.95585  
7589.700000000001  0.95446  
7594.099999999999  0.95237  
7598.5  0.95096  
7602.9  0.95012  
7607.3  0.94902  
7611.7  0.94778  
7616.1  0.94655  
7620.599999999999  0.94539  
7625.0  0.94424  
7629.400000000001  0.94333  
7633.8  0.94264  
7638.200000000001  0.9422  
7642.6  0.94182  
7647.0  0.94098  
7651.5  0.94044  
7655.900000000001  0.94069  
7660.299999999999  0.94095  
7664.700000000001  0.94072  
7669.099999999999  0.9408  
7673.5  0.94143  
7678.0  0.94198  
7682.4  0.94267  
7686.799999999999  0.94326  
7691.2  0.94373  
7695.599999999999  0.94484  
7700.0  0.94655  
7704.5  0.94791  
7708.9  0.94871  
7713.3  0.94928  
7717.7  0.94995  
7722.1  0.95139  
7726.599999999999  0.95317  
7731.0  0.95403  
7735.4  0.95474  
7739.8  0.9561  
7744.299999999999  0.95723  
7748.7  0.95811  
7753.099999999999  0.95946  
7757.5  0.96033  
7761.900000000001  0.96018  
7766.4  0.96066  
7770.8  0.96203  
7775.2  0.96276  
7779.6  0.96276  
7784.099999999999  0.96271  
7788.5  0.96284  
7792.9  0.9628  
7797.3  0.96215  
7801.799999999999  0.96132  
7806.2  0.96072  
7810.599999999999  0.96017  
7815.0  0.96006  
7819.5  0.95981  
7823.9  0.95843  
7828.3  0.95674  
7832.799999999999  0.95579  
7837.200000000001  0.95539  
7841.599999999999  0.95498  
7846.0  0.95404  
7850.5  0.95299  
7854.9  0.95297  
7859.299999999999  0.95264  
7863.8  0.95148  
7868.200000000001  0.95137  
7872.6  0.95189  
7877.1  0.95196  
7881.5  0.95171  
7885.900000000001  0.95144  
7890.4  0.95138  
7894.8  0.95182  
7899.2  0.95225  
7903.7  0.95226  
7908.099999999999  0.95197  
7912.5  0.95231  
7917.0  0.95369  
7921.4  0.95473  
7925.8  0.95451  
7930.299999999999  0.95412  
7934.700000000001  0.95485  
7939.099999999999  0.95602  
7943.6  0.95601  
7948.0  0.95521  
7952.4  0.9553  
7956.900000000001  0.95573  
7961.3  0.95563  
7965.700000000001  0.95576  
7970.2  0.95644  
7974.6  0.95686  
7979.099999999999  0.95692  
7983.5  0.95697  
7987.9  0.95744  
7992.4  0.95802  
7996.799999999999  0.95836  
8001.3  0.95882  
8005.700000000001  0.95899  
8010.1  0.95892  
8014.6  0.95933  
8019.0  0.96009  
8023.5  0.96048  
8027.9  0.9617  
8032.3  0.96334  
8036.799999999999  0.9633  
8041.2  0.96263  
8045.700000000001  0.96313  
8050.1  0.96393  
8054.6  0.96403  
8059.0  0.96385  
8063.400000000001  0.96397  
8067.9  0.9643  
8072.3  0.96401  
8076.799999999999  0.96362  
8081.2  0.96323  
8085.700000000001  0.96273  
8090.1  0.9622  
8094.6  0.96194  
8099.0  0.96121  
8103.5  0.95993  
8107.9  0.95913  
8112.3  0.95901  
8116.799999999999  0.95844  
8121.2  0.95691  
8125.700000000001  0.9559  
8130.1  0.95585  
8134.6  0.95575  
8139.0  0.95514  
8143.5  0.95426  
8147.9  0.95334  
8152.4  0.95328  
8156.799999999999  0.95368  
8161.3  0.95294  
8165.700000000001  0.95226  
8170.2  0.95282  
8174.6  0.9534  
8179.099999999999  0.95327  
8183.5  0.95336  
8188.0  0.95403  
8192.4  0.95474  
8196.900000000001  0.9547  
8201.4  0.95424  
8205.800000000001  0.95493  
8210.3  0.95601  
8214.7  0.95563  
8219.199999999999  0.95515  
8223.6  0.95598  
8228.099999999999  0.95678  
8232.5  0.95678  
8237.0  0.95731  
8241.4  0.95807  
8245.9  0.95767  
8250.3  0.95709  
8254.8  0.95785  
8259.3  0.95878  
8263.7  0.95791  
8268.2  0.95714  
8272.6  0.95754  
8277.1  0.95797  
8281.5  0.95782  
8286.0  0.95758  
8290.5  0.95788  
8294.9  0.95757  
8299.400000000001  0.95649  
8303.8  0.95665  
8308.300000000001  0.95771  
8312.8  0.95772  
8317.2  0.95662  
8321.699999999999  0.95632  
8326.1  0.95654  
8330.599999999999  0.95474  
8335.1  0.95193  
8339.5  0.95056  
8344.0  0.94968  
8348.4  0.94671  
8352.9  0.94243  
8357.4  0.9386  
8361.8  0.9335  
8366.3  0.92653  
8370.800000000001  0.91874  
8375.2  0.9094  
8379.7  0.89822  
8384.199999999999  0.88507  
8388.6  0.8697  
8393.099999999999  0.85237  
8397.5  0.83286  
8402.0  0.81099  
8406.5  0.78697  
8410.9  0.76074  
8415.4  0.73138  
8419.9  0.6997  
8424.3  0.66726  
8428.8  0.63344  
8433.300000000001  0.59804  
8437.7  0.56186  
8442.2  0.52498  
8446.699999999999  0.48791  
8451.1  0.45162  
8455.599999999999  0.41633  
8460.1  0.38191  
8464.6  0.34893  
8469.0  0.31803  
8473.5  0.28907  
8478.0  0.26198  
8482.4  0.2366  
8486.900000000001  0.21337  
8491.4  0.19289  
8495.800000000001  0.17419  
8500.3  0.15671  
8504.8  0.14139  
8509.3  0.1278  
8513.7  0.11526  
8518.2  0.10357  
8522.7  0.09303  
8527.1  0.08388  
8531.6  0.07624  
8536.1  0.06945  
8540.599999999999  0.06303  
8545.0  0.05742  
8549.5  0.05256  
8554.0  0.04811  
8558.5  0.04412  
8562.9  0.04059  
8567.4  0.03748  
8571.900000000001  0.03476  
8576.4  0.03218  
8580.800000000001  0.02973  
8585.3  0.02751  
8589.8  0.02527  
8594.3  0.02328  
8598.7  0.02177  
8603.2  0.02024  
8607.7  0.01873  
8612.2  0.01761  
8616.699999999999  0.01661  
8621.1  0.01575  
8625.599999999999  0.01501  
8630.1  0.01446  
8634.6  0.0139  
8639.0  0.01306  
8643.5  0.01256  
8648.0  0.01223  
8652.5  0.01167  
8657.0  0.01111  
8661.4  0.01064  
8665.9  0.01019  
8670.4  0.01007  
8674.9  0.00987  
8679.400000000001  0.00934  
8683.8  0.0089  
8688.300000000001  0.00882  
8692.8  0.00891  
8697.3  0.00894  
8701.8  0.00871  
8706.3  0.00848  
8710.7  0.00844  
8715.2  0.00833  
8719.7  0.00825  
8724.199999999999  0.0084  
8728.7  0.0085  
8733.2  0.00846  
8737.6  0.00823  
8742.1  0.008  
8746.6  0.00827  
8751.1  0.00831  
8755.599999999999  0.00792  
8760.1  0.00761  
8764.6  0.00778  
8769.0  0.00814  
8773.5  0.00821  
8778.0  0.00794  
8782.5  0.0078  
8787.0  0.00786  
8791.5  0.00795  
8796.0  0.00797  

