@MEASUREMENT_RADIUS 22.0 cm
#lambda:
#tr:
#end
6251.799999999999  0.0025  
6256.1  0.00264  
6260.4  0.0027  
6264.700000000001  0.00275  
6269.0  0.00281  
6273.3  0.00284  
6277.6  0.00283  
6281.900000000001  0.00273  
6286.2  0.00273  
6290.5  0.00283  
6294.8  0.0029  
6299.099999999999  0.00298  
6303.400000000001  0.00303  
6307.7  0.0029  
6312.0  0.00288  
6316.3  0.00302  
6320.599999999999  0.00306  
6325.0  0.00292  
6329.299999999999  0.00282  
6333.6  0.00287  
6337.9  0.00294  
6342.200000000001  0.00289  
6346.5  0.00292  
6350.8  0.003  
6355.1  0.00301  
6359.400000000001  0.00291  
6363.7  0.00278  
6368.099999999999  0.0028  
6372.4  0.00291  
6376.7  0.00287  
6381.0  0.00282  
6385.299999999999  0.003  
6389.6  0.00321  
6393.9  0.00324  
6398.200000000001  0.00316  
6402.6  0.00307  
6406.900000000001  0.00303  
6411.2  0.00306  
6415.5  0.00313  
6419.8  0.0032  
6424.099999999999  0.00316  
6428.5  0.00312  
6432.799999999999  0.00327  
6437.1  0.00341  
6441.4  0.00333  
6445.700000000001  0.00331  
6450.0  0.00334  
6454.400000000001  0.0033  
6458.7  0.00326  
6463.0  0.0033  
6467.3  0.00334  
6471.599999999999  0.0034  
6476.0  0.00345  
6480.299999999999  0.00336  
6484.6  0.00329  
6488.9  0.00335  
6493.3  0.00341  
6497.6  0.00335  
6501.900000000001  0.00332  
6506.2  0.00343  
6510.5  0.0034  
6514.9  0.0032  
6519.2  0.00329  
6523.5  0.00355  
6527.799999999999  0.00362  
6532.200000000001  0.00358  
6536.5  0.00359  
6540.8  0.00357  
6545.2  0.00354  
6549.5  0.00365  
6553.8  0.0037  
6558.099999999999  0.00375  
6562.5  0.00379  
6566.799999999999  0.00372  
6571.1  0.00371  
6575.5  0.00392  
6579.8  0.00408  
6584.099999999999  0.00413  
6588.400000000001  0.00423  
6592.799999999999  0.00436  
6597.1  0.00428  
6601.4  0.00427  
6605.8  0.00454  
6610.1  0.00466  
6614.400000000001  0.00465  
6618.8  0.0049  
6623.099999999999  0.00513  
6627.4  0.00516  
6631.799999999999  0.00529  
6636.1  0.00542  
6640.4  0.00549  
6644.8  0.0056  
6649.099999999999  0.00586  
6653.5  0.00609  
6657.799999999999  0.00627  
6662.1  0.0064  
6666.5  0.00651  
6670.8  0.00666  
6675.1  0.00697  
6679.5  0.00729  
6683.8  0.00754  
6688.200000000001  0.00771  
6692.5  0.008  
6696.799999999999  0.00839  
6701.2  0.00872  
6705.5  0.00909  
6709.9  0.00966  
6714.2  0.01018  
6718.5  0.01065  
6722.9  0.01118  
6727.200000000001  0.01185  
6731.599999999999  0.01272  
6735.900000000001  0.01354  
6740.299999999999  0.01433  
6744.6  0.01538  
6748.9  0.01658  
6753.3  0.01785  
6757.6  0.01927  
6762.0  0.0209  
6766.3  0.02287  
6770.700000000001  0.02497  
6775.0  0.02719  
6779.400000000001  0.02978  
6783.7  0.03269  
6788.099999999999  0.03587  
6792.4  0.03941  
6796.799999999999  0.04336  
6801.1  0.04776  
6805.5  0.05271  
6809.8  0.05803  
6814.2  0.06379  
6818.5  0.07041  
6822.9  0.07787  
6827.200000000001  0.0858  
6831.599999999999  0.09439  
6835.900000000001  0.10396  
6840.299999999999  0.11454  
6844.6  0.12617  
6849.0  0.13904  
6853.3  0.15309  
6857.7  0.16845  
6862.0  0.18551  
6866.4  0.2042  
6870.700000000001  0.22446  
6875.1  0.24653  
6879.5  0.27059  
6883.8  0.29673  
6888.200000000001  0.32471  
6892.5  0.35439  
6896.900000000001  0.3862  
6901.2  0.4196  
6905.599999999999  0.45414  
6910.0  0.49002  
6914.299999999999  0.52668  
6918.7  0.56352  
6923.0  0.60054  
6927.4  0.63712  
6931.799999999999  0.67251  
6936.1  0.70663  
6940.5  0.73902  
6944.8  0.76886  
6949.2  0.79635  
6953.6  0.82155  
6957.9  0.84429  
6962.3  0.86426  
6966.599999999999  0.88151  
6971.0  0.89657  
6975.4  0.90914  
6979.700000000001  0.91945  
6984.099999999999  0.92787  
6988.5  0.93427  
6992.799999999999  0.93957  
6997.200000000001  0.94388  
7001.599999999999  0.94704  
7005.900000000001  0.94939  
7010.299999999999  0.95088  
7014.700000000001  0.95178  
7019.0  0.95218  
7023.400000000001  0.95219  
7027.799999999999  0.952  
7032.1  0.95188  
7036.5  0.952  
7040.900000000001  0.95209  
7045.2  0.95177  
7049.6  0.9514  
7054.0  0.95162  
7058.3  0.95205  
7062.7  0.95227  
7067.1  0.95261  
7071.5  0.95336  
7075.8  0.95429  
7080.2  0.95519  
7084.6  0.95628  
7088.9  0.9576  
7093.3  0.95865  
7097.7  0.9593  
7102.1  0.96014  
7106.4  0.96066  
7110.8  0.961  
7115.2  0.96127  
7119.6  0.96154  
7123.9  0.9619  
7128.3  0.96147  
7132.7  0.96048  
7137.1  0.95995  
7141.4  0.95962  
7145.8  0.959  
7150.2  0.95816  
7154.6  0.95778  
7159.0  0.95778  
7163.3  0.95735  
7167.7  0.95743  
7172.1  0.95794  
7176.5  0.95789  
7180.900000000001  0.95817  
7185.2  0.95932  
7189.6  0.96056  
7194.0  0.96124  
7198.400000000001  0.96192  
7202.799999999999  0.9629  
7207.1  0.96392  
7211.5  0.96456  
7215.900000000001  0.9647  
7220.299999999999  0.96484  
7224.700000000001  0.96541  
7229.099999999999  0.96604  
7233.400000000001  0.96579  
7237.799999999999  0.96526  
7242.200000000001  0.96484  
7246.599999999999  0.96445  
7251.0  0.96394  
7255.4  0.96335  
7259.700000000001  0.9626  
7264.099999999999  0.96197  
7268.5  0.96181  
7272.9  0.96163  
7277.3  0.96146  
7281.7  0.96152  
7286.1  0.9617  
7290.5  0.96181  
7294.9  0.96195  
7299.2  0.96267  
7303.6  0.96352  
7308.0  0.96386  
7312.4  0.96454  
7316.799999999999  0.96561  
7321.2  0.96634  
7325.599999999999  0.96671  
7330.0  0.96704  
7334.400000000001  0.96765  
7338.8  0.96759  
7343.099999999999  0.96674  
7347.5  0.96657  
7351.900000000001  0.96689  
7356.3  0.96639  
7360.700000000001  0.96542  
7365.1  0.96478  
7369.5  0.96432  
7373.9  0.96369  
7378.3  0.96246  
7382.7  0.96091  
7387.1  0.96008  
7391.5  0.95976  
7395.900000000001  0.95917  
7400.299999999999  0.95835  
7404.700000000001  0.95741  
7409.099999999999  0.95624  
7413.5  0.95586  
7417.9  0.95608  
7422.3  0.956  
7426.7  0.95568  
7431.1  0.95535  
7435.5  0.95556  
7439.9  0.9562  
7444.299999999999  0.95663  
7448.7  0.95705  
7453.099999999999  0.95791  
7457.5  0.95844  
7461.900000000001  0.95851  
7466.3  0.9594  
7470.700000000001  0.96049  
7475.1  0.96064  
7479.5  0.96114  
7483.9  0.96238  
7488.3  0.96336  
7492.7  0.96366  
7497.1  0.96397  
7501.5  0.96463  
7505.900000000001  0.96559  
7510.299999999999  0.96635  
7514.700000000001  0.96642  
7519.099999999999  0.9668  
7523.5  0.96728  
7527.9  0.96722  
7532.3  0.96669  
7536.799999999999  0.96569  
7541.2  0.96532  
7545.599999999999  0.96597  
7550.0  0.96619  
7554.400000000001  0.96521  
7558.8  0.96359  
7563.200000000001  0.96197  
7567.6  0.96117  
7572.0  0.96068  
7576.4  0.95968  
7580.8  0.95849  
7585.299999999999  0.95746  
7589.700000000001  0.95625  
7594.099999999999  0.95473  
7598.5  0.95323  
7602.9  0.95168  
7607.3  0.95007  
7611.7  0.94896  
7616.1  0.94843  
7620.599999999999  0.94751  
7625.0  0.94605  
7629.400000000001  0.945  
7633.8  0.94416  
7638.200000000001  0.94309  
7642.6  0.94238  
7647.0  0.94208  
7651.5  0.94162  
7655.900000000001  0.94101  
7660.299999999999  0.94058  
7664.700000000001  0.94022  
7669.099999999999  0.93997  
7673.5  0.94012  
7678.0  0.94068  
7682.4  0.94138  
7686.799999999999  0.94166  
7691.2  0.94198  
7695.599999999999  0.94294  
7700.0  0.94406  
7704.5  0.9449  
7708.9  0.94549  
7713.3  0.9463  
7717.7  0.94755  
7722.1  0.94888  
7726.599999999999  0.95016  
7731.0  0.95149  
7735.4  0.95335  
7739.8  0.95536  
7744.299999999999  0.9563  
7748.7  0.95675  
7753.099999999999  0.95819  
7757.5  0.95911  
7761.900000000001  0.95931  
7766.4  0.96049  
7770.8  0.96171  
7775.2  0.96206  
7779.6  0.9628  
7784.099999999999  0.96335  
7788.5  0.96309  
7792.9  0.9627  
7797.3  0.96201  
7801.799999999999  0.96165  
7806.2  0.96174  
7810.599999999999  0.96126  
7815.0  0.96051  
7819.5  0.95998  
7823.9  0.95907  
7828.3  0.95773  
7832.799999999999  0.95687  
7837.200000000001  0.95651  
7841.599999999999  0.95613  
7846.0  0.95491  
7850.5  0.95349  
7854.9  0.95301  
7859.299999999999  0.95266  
7863.8  0.95206  
7868.200000000001  0.95178  
7872.6  0.95197  
7877.1  0.95209  
7881.5  0.95196  
7885.900000000001  0.95159  
7890.4  0.95143  
7894.8  0.95196  
7899.2  0.952  
7903.7  0.95161  
7908.099999999999  0.95181  
7912.5  0.95206  
7917.0  0.95259  
7921.4  0.95355  
7925.8  0.95327  
7930.299999999999  0.95284  
7934.700000000001  0.9536  
7939.099999999999  0.95396  
7943.6  0.95338  
7948.0  0.9532  
7952.4  0.95388  
7956.900000000001  0.95418  
7961.3  0.95399  
7965.700000000001  0.95411  
7970.2  0.95473  
7974.6  0.95513  
7979.099999999999  0.95523  
7983.5  0.95574  
7987.9  0.95644  
7992.4  0.95637  
7996.799999999999  0.95636  
8001.3  0.95772  
8005.700000000001  0.95906  
8010.1  0.95922  
8014.6  0.95935  
8019.0  0.96019  
8023.5  0.96092  
8027.9  0.96168  
8032.3  0.96251  
8036.799999999999  0.96306  
8041.2  0.96329  
8045.700000000001  0.96367  
8050.1  0.96464  
8054.6  0.96488  
8059.0  0.96452  
8063.400000000001  0.96497  
8067.9  0.96521  
8072.3  0.96428  
8076.799999999999  0.96366  
8081.2  0.96339  
8085.700000000001  0.9634  
8090.1  0.96307  
8094.6  0.96177  
8099.0  0.96024  
8103.5  0.95959  
8107.9  0.95947  
8112.3  0.95844  
8116.799999999999  0.95705  
8121.2  0.957  
8125.700000000001  0.95723  
8130.1  0.95629  
8134.6  0.9552  
8139.0  0.95431  
8143.5  0.95384  
8147.9  0.95386  
8152.4  0.95391  
8156.799999999999  0.95355  
8161.3  0.95323  
8165.700000000001  0.95321  
8170.2  0.95341  
8174.6  0.95389  
8179.099999999999  0.95385  
8183.5  0.95363  
8188.0  0.95349  
8192.4  0.95386  
8196.900000000001  0.9546  
8201.4  0.95498  
8205.800000000001  0.95477  
8210.3  0.95453  
8214.7  0.95498  
8219.199999999999  0.95546  
8223.6  0.95549  
8228.099999999999  0.95555  
8232.5  0.956  
8237.0  0.95665  
8241.4  0.95701  
8245.9  0.95703  
8250.3  0.95723  
8254.8  0.9573  
8259.3  0.95732  
8263.7  0.95736  
8268.2  0.95764  
8272.6  0.95805  
8277.1  0.95818  
8281.5  0.95814  
8286.0  0.95856  
8290.5  0.95882  
8294.9  0.95785  
8299.400000000001  0.95689  
8303.8  0.9575  
8308.300000000001  0.9588  
8312.8  0.95892  
8317.2  0.9577  
8321.699999999999  0.95654  
8326.1  0.95625  
8330.599999999999  0.95583  
8335.1  0.95489  
8339.5  0.95365  
8344.0  0.95194  
8348.4  0.94993  
8352.9  0.94734  
8357.4  0.94416  
8361.8  0.94034  
8366.3  0.93526  
8370.800000000001  0.929  
8375.2  0.92148  
8379.7  0.91254  
8384.199999999999  0.90214  
8388.6  0.89011  
8393.099999999999  0.8765  
8397.5  0.86054  
8402.0  0.84161  
8406.5  0.82039  
8410.9  0.79724  
8415.4  0.77156  
8419.9  0.7438  
8424.3  0.71425  
8428.8  0.6828  
8433.300000000001  0.64964  
8437.7  0.61441  
8442.2  0.57811  
8446.699999999999  0.54183  
8451.1  0.50536  
8455.599999999999  0.46894  
8460.1  0.43301  
8464.6  0.39828  
8469.0  0.36511  
8473.5  0.33331  
8478.0  0.30312  
8482.4  0.27525  
8486.900000000001  0.24982  
8491.4  0.22566  
8495.800000000001  0.20334  
8500.3  0.18374  
8504.8  0.16598  
8509.3  0.14955  
8513.7  0.13461  
8518.2  0.12133  
8522.7  0.10919  
8527.1  0.09793  
8531.6  0.08856  
8536.1  0.08082  
8540.599999999999  0.0733  
8545.0  0.06627  
8549.5  0.06055  
8554.0  0.05549  
8558.5  0.05083  
8562.9  0.04676  
8567.4  0.04304  
8571.900000000001  0.03961  
8576.4  0.03663  
8580.800000000001  0.03399  
8585.3  0.03133  
8589.8  0.02855  
8594.3  0.02609  
8598.7  0.02422  
8603.2  0.02275  
8607.7  0.02132  
8612.2  0.01982  
8616.699999999999  0.01862  
8621.1  0.01778  
8625.599999999999  0.01677  
8630.1  0.01565  
8634.6  0.01479  
8639.0  0.01405  
8643.5  0.0134  
8648.0  0.01292  
8652.5  0.01264  
8657.0  0.01225  
8661.4  0.01158  
8665.9  0.01091  
8670.4  0.01051  
8674.9  0.01016  
8679.400000000001  0.0101  
8683.8  0.01006  
8688.300000000001  0.00969  
8692.8  0.00904  
8697.3  0.00875  
8701.8  0.00892  
8706.3  0.00891  
8710.7  0.00873  
8715.2  0.00865  
8719.7  0.00874  
8724.199999999999  0.00865  
8728.7  0.00843  
8733.2  0.00831  
8737.6  0.00838  
8742.1  0.00833  
8746.6  0.00815  
8751.1  0.00813  
8755.599999999999  0.00834  
8760.1  0.0082  
8764.6  0.00805  
8769.0  0.00822  
8773.5  0.00842  
8778.0  0.00823  
8782.5  0.00802  
8787.0  0.00807  
8791.5  0.00822  
8796.0  0.00817  

