@MEASUREMENT_RADIUS 23.0 cm
#lambda:
#tr:
#end
6251.799999999999  0.00274  
6256.1  0.0027  
6260.4  0.00266  
6264.700000000001  0.00266  
6269.0  0.0027  
6273.3  0.0028  
6277.6  0.00291  
6281.900000000001  0.0029  
6286.2  0.00285  
6290.5  0.00279  
6294.8  0.00279  
6299.099999999999  0.00291  
6303.400000000001  0.00307  
6307.7  0.00296  
6312.0  0.00274  
6316.3  0.0027  
6320.599999999999  0.00285  
6325.0  0.00302  
6329.299999999999  0.003  
6333.6  0.00291  
6337.9  0.00285  
6342.200000000001  0.00276  
6346.5  0.00278  
6350.8  0.00298  
6355.1  0.00301  
6359.400000000001  0.00281  
6363.7  0.00283  
6368.099999999999  0.00304  
6372.4  0.00304  
6376.7  0.00305  
6381.0  0.00313  
6385.299999999999  0.00309  
6389.6  0.00305  
6393.9  0.00307  
6398.200000000001  0.00312  
6402.6  0.00322  
6406.900000000001  0.00324  
6411.2  0.00319  
6415.5  0.00324  
6419.8  0.00331  
6424.099999999999  0.00321  
6428.5  0.00322  
6432.799999999999  0.00337  
6437.1  0.00339  
6441.4  0.00323  
6445.700000000001  0.00315  
6450.0  0.0032  
6454.400000000001  0.00318  
6458.7  0.00315  
6463.0  0.0033  
6467.3  0.00333  
6471.599999999999  0.00322  
6476.0  0.00326  
6480.299999999999  0.00327  
6484.6  0.00324  
6488.9  0.00331  
6493.3  0.00326  
6497.6  0.0032  
6501.900000000001  0.00329  
6506.2  0.00337  
6510.5  0.00335  
6514.9  0.00334  
6519.2  0.0034  
6523.5  0.0034  
6527.799999999999  0.00334  
6532.200000000001  0.00335  
6536.5  0.00341  
6540.8  0.0035  
6545.2  0.00358  
6549.5  0.00366  
6553.8  0.00368  
6558.099999999999  0.00374  
6562.5  0.00386  
6566.799999999999  0.0039  
6571.1  0.00376  
6575.5  0.00375  
6579.8  0.00393  
6584.099999999999  0.00406  
6588.400000000001  0.00408  
6592.799999999999  0.00413  
6597.1  0.00427  
6601.4  0.00436  
6605.8  0.0043  
6610.1  0.00448  
6614.400000000001  0.00475  
6618.8  0.00479  
6623.099999999999  0.00475  
6627.4  0.00494  
6631.799999999999  0.00523  
6636.1  0.00534  
6640.4  0.00534  
6644.8  0.00545  
6649.099999999999  0.00567  
6653.5  0.00597  
6657.799999999999  0.00619  
6662.1  0.00622  
6666.5  0.00629  
6670.8  0.00644  
6675.1  0.0067  
6679.5  0.00693  
6683.8  0.00718  
6688.200000000001  0.00754  
6692.5  0.0079  
6696.799999999999  0.00821  
6701.2  0.00849  
6705.5  0.00875  
6709.9  0.00911  
6714.2  0.00955  
6718.5  0.01016  
6722.9  0.01073  
6727.200000000001  0.01117  
6731.599999999999  0.01179  
6735.900000000001  0.01272  
6740.299999999999  0.0136  
6744.6  0.01438  
6748.9  0.01538  
6753.3  0.01657  
6757.6  0.01781  
6762.0  0.01925  
6766.3  0.02102  
6770.700000000001  0.02289  
6775.0  0.02489  
6779.400000000001  0.02714  
6783.7  0.02981  
6788.099999999999  0.03275  
6792.4  0.03584  
6796.799999999999  0.03938  
6801.1  0.04336  
6805.5  0.04762  
6809.8  0.05245  
6814.2  0.05788  
6818.5  0.06372  
6822.9  0.07013  
6827.200000000001  0.07724  
6831.599999999999  0.08513  
6835.900000000001  0.09394  
6840.299999999999  0.10356  
6844.6  0.1138  
6849.0  0.12524  
6853.3  0.1381  
6857.7  0.15216  
6862.0  0.16739  
6866.4  0.18407  
6870.700000000001  0.20243  
6875.1  0.22245  
6879.5  0.2443  
6883.8  0.26819  
6888.200000000001  0.29407  
6892.5  0.32195  
6896.900000000001  0.3517  
6901.2  0.38302  
6905.599999999999  0.41608  
6910.0  0.45092  
6914.299999999999  0.48697  
6918.7  0.52355  
6923.0  0.56032  
6927.4  0.59699  
6931.799999999999  0.63356  
6936.1  0.66929  
6940.5  0.70362  
6944.8  0.73612  
6949.2  0.76616  
6953.6  0.7942  
6957.9  0.81996  
6962.3  0.84254  
6966.599999999999  0.86221  
6971.0  0.87968  
6975.4  0.89479  
6979.700000000001  0.907  
6984.099999999999  0.917  
6988.5  0.92555  
6992.799999999999  0.9322  
6997.200000000001  0.937  
7001.599999999999  0.94115  
7005.900000000001  0.945  
7010.299999999999  0.94725  
7014.700000000001  0.94811  
7019.0  0.94937  
7023.400000000001  0.95085  
7027.799999999999  0.95147  
7032.1  0.95133  
7036.5  0.95084  
7040.900000000001  0.95099  
7045.2  0.95182  
7049.6  0.95222  
7054.0  0.95225  
7058.3  0.95277  
7062.7  0.95349  
7067.1  0.95364  
7071.5  0.95408  
7075.8  0.95527  
7080.2  0.95637  
7084.6  0.95699  
7088.9  0.95738  
7093.3  0.95784  
7097.7  0.95826  
7102.1  0.95851  
7106.4  0.95894  
7110.8  0.95964  
7115.2  0.95962  
7119.6  0.95907  
7123.9  0.9589  
7128.3  0.95868  
7132.7  0.95794  
7137.1  0.95719  
7141.4  0.95692  
7145.8  0.95702  
7150.2  0.95696  
7154.6  0.95662  
7159.0  0.95695  
7163.3  0.95779  
7167.7  0.95809  
7172.1  0.95789  
7176.5  0.95823  
7180.900000000001  0.95953  
7185.2  0.96109  
7189.6  0.96202  
7194.0  0.96238  
7198.400000000001  0.96297  
7202.799999999999  0.96371  
7207.1  0.96454  
7211.5  0.96528  
7215.900000000001  0.96524  
7220.299999999999  0.9645  
7224.700000000001  0.96457  
7229.099999999999  0.96525  
7233.400000000001  0.96468  
7237.799999999999  0.96378  
7242.200000000001  0.96359  
7246.599999999999  0.96323  
7251.0  0.96229  
7255.4  0.96121  
7259.700000000001  0.96024  
7264.099999999999  0.95998  
7268.5  0.96044  
7272.9  0.96097  
7277.3  0.96092  
7281.7  0.96058  
7286.1  0.96084  
7290.5  0.96142  
7294.9  0.96189  
7299.2  0.96267  
7303.6  0.9636  
7308.0  0.96426  
7312.4  0.96547  
7316.799999999999  0.96674  
7321.2  0.96703  
7325.599999999999  0.96714  
7330.0  0.96805  
7334.400000000001  0.96886  
7338.8  0.9681  
7343.099999999999  0.96696  
7347.5  0.96705  
7351.900000000001  0.96734  
7356.3  0.96641  
7360.700000000001  0.96509  
7365.1  0.96455  
7369.5  0.96402  
7373.9  0.96306  
7378.3  0.96205  
7382.7  0.96046  
7387.1  0.95921  
7391.5  0.959  
7395.900000000001  0.95875  
7400.299999999999  0.95805  
7404.700000000001  0.95712  
7409.099999999999  0.95622  
7413.5  0.95551  
7417.9  0.95535  
7422.3  0.95593  
7426.7  0.95643  
7431.1  0.95647  
7435.5  0.95666  
7439.9  0.95695  
7444.299999999999  0.95685  
7448.7  0.95665  
7453.099999999999  0.95725  
7457.5  0.95833  
7461.900000000001  0.95915  
7466.3  0.95983  
7470.700000000001  0.96019  
7475.1  0.96004  
7479.5  0.96059  
7483.9  0.9621  
7488.3  0.96354  
7492.7  0.96397  
7497.1  0.96352  
7501.5  0.96308  
7505.900000000001  0.96403  
7510.299999999999  0.96542  
7514.700000000001  0.96523  
7519.099999999999  0.96498  
7523.5  0.96569  
7527.9  0.96629  
7532.3  0.96614  
7536.799999999999  0.96533  
7541.2  0.96516  
7545.599999999999  0.96584  
7550.0  0.96591  
7554.400000000001  0.96481  
7558.8  0.96398  
7563.200000000001  0.96364  
7567.6  0.96229  
7572.0  0.9609  
7576.4  0.96083  
7580.8  0.96021  
7585.299999999999  0.95833  
7589.700000000001  0.95671  
7594.099999999999  0.95597  
7598.5  0.95572  
7602.9  0.95453  
7607.3  0.95254  
7611.7  0.95108  
7616.1  0.95055  
7620.599999999999  0.94975  
7625.0  0.948  
7629.400000000001  0.94649  
7633.8  0.9454  
7638.200000000001  0.94427  
7642.6  0.94334  
7647.0  0.94274  
7651.5  0.9424  
7655.900000000001  0.94167  
7660.299999999999  0.94085  
7664.700000000001  0.94012  
7669.099999999999  0.93955  
7673.5  0.93958  
7678.0  0.9397  
7682.4  0.93948  
7686.799999999999  0.93943  
7691.2  0.94003  
7695.599999999999  0.94046  
7700.0  0.94092  
7704.5  0.94174  
7708.9  0.94275  
7713.3  0.94436  
7717.7  0.94558  
7722.1  0.94627  
7726.599999999999  0.94743  
7731.0  0.9489  
7735.4  0.95049  
7739.8  0.95213  
7744.299999999999  0.95372  
7748.7  0.95485  
7753.099999999999  0.95591  
7757.5  0.9572  
7761.900000000001  0.95809  
7766.4  0.95941  
7770.8  0.96115  
7775.2  0.96203  
7779.6  0.96201  
7784.099999999999  0.96156  
7788.5  0.96178  
7792.9  0.96296  
7797.3  0.96336  
7801.799999999999  0.96265  
7806.2  0.96224  
7810.599999999999  0.96193  
7815.0  0.96144  
7819.5  0.96105  
7823.9  0.96055  
7828.3  0.95962  
7832.799999999999  0.95842  
7837.200000000001  0.95742  
7841.599999999999  0.95678  
7846.0  0.95583  
7850.5  0.95481  
7854.9  0.95456  
7859.299999999999  0.95423  
7863.8  0.95313  
7868.200000000001  0.95237  
7872.6  0.95289  
7877.1  0.95343  
7881.5  0.95265  
7885.900000000001  0.95145  
7890.4  0.95126  
7894.8  0.95184  
7899.2  0.95204  
7903.7  0.95167  
7908.099999999999  0.95144  
7912.5  0.95146  
7917.0  0.95182  
7921.4  0.95221  
7925.8  0.95115  
7930.299999999999  0.95051  
7934.700000000001  0.95146  
7939.099999999999  0.95204  
7943.6  0.95195  
7948.0  0.95202  
7952.4  0.95214  
7956.900000000001  0.95211  
7961.3  0.95229  
7965.700000000001  0.95262  
7970.2  0.95311  
7974.6  0.95354  
7979.099999999999  0.95372  
7983.5  0.95421  
7987.9  0.95495  
7992.4  0.95518  
7996.799999999999  0.9554  
8001.3  0.95681  
8005.700000000001  0.95864  
8010.1  0.9596  
8014.6  0.96012  
8019.0  0.96098  
8023.5  0.9613  
8027.9  0.96221  
8032.3  0.96375  
8036.799999999999  0.9641  
8041.2  0.96371  
8045.700000000001  0.96384  
8050.1  0.96464  
8054.6  0.96478  
8059.0  0.96476  
8063.400000000001  0.96518  
8067.9  0.96488  
8072.3  0.96441  
8076.799999999999  0.96439  
8081.2  0.96382  
8085.700000000001  0.96328  
8090.1  0.96265  
8094.6  0.96188  
8099.0  0.96098  
8103.5  0.95997  
8107.9  0.95924  
8112.3  0.95833  
8116.799999999999  0.95744  
8121.2  0.9574  
8125.700000000001  0.95749  
8130.1  0.95647  
8134.6  0.95541  
8139.0  0.95466  
8143.5  0.95414  
8147.9  0.95426  
8152.4  0.95501  
8156.799999999999  0.95486  
8161.3  0.95354  
8165.700000000001  0.95294  
8170.2  0.95332  
8174.6  0.95383  
8179.099999999999  0.954  
8183.5  0.95416  
8188.0  0.95404  
8192.4  0.95396  
8196.900000000001  0.95459  
8201.4  0.95473  
8205.800000000001  0.95394  
8210.3  0.95393  
8214.7  0.95415  
8219.199999999999  0.95404  
8223.6  0.95488  
8228.099999999999  0.95622  
8232.5  0.95624  
8237.0  0.9559  
8241.4  0.95665  
8245.9  0.95695  
8250.3  0.95646  
8254.8  0.95645  
8259.3  0.95726  
8263.7  0.95766  
8268.2  0.95734  
8272.6  0.95727  
8277.1  0.95816  
8281.5  0.95898  
8286.0  0.95827  
8290.5  0.95754  
8294.9  0.95766  
8299.400000000001  0.95797  
8303.8  0.95905  
8308.300000000001  0.95987  
8312.8  0.95921  
8317.2  0.95768  
8321.699999999999  0.95718  
8326.1  0.95804  
8330.599999999999  0.95788  
8335.1  0.95604  
8339.5  0.95471  
8344.0  0.95424  
8348.4  0.95314  
8352.9  0.95109  
8357.4  0.94887  
8361.8  0.94626  
8366.3  0.94282  
8370.800000000001  0.93907  
8375.2  0.93442  
8379.7  0.92792  
8384.199999999999  0.91959  
8388.6  0.91091  
8393.099999999999  0.90138  
8397.5  0.88861  
8402.0  0.87328  
8406.5  0.85678  
8410.9  0.8385  
8415.4  0.81729  
8419.9  0.79283  
8424.3  0.76618  
8428.8  0.73897  
8433.300000000001  0.70976  
8437.7  0.67743  
8442.2  0.64365  
8446.699999999999  0.60833  
8451.1  0.57174  
8455.599999999999  0.53513  
8460.1  0.49861  
8464.6  0.46235  
8469.0  0.42692  
8473.5  0.39281  
8478.0  0.35991  
8482.4  0.32837  
8486.900000000001  0.29882  
8491.4  0.27126  
8495.800000000001  0.24561  
8500.3  0.22225  
8504.8  0.20109  
8509.3  0.1814  
8513.7  0.16326  
8518.2  0.14688  
8522.7  0.13189  
8527.1  0.1189  
8531.6  0.10775  
8536.1  0.09739  
8540.599999999999  0.088  
8545.0  0.07994  
8549.5  0.0728  
8554.0  0.06638  
8558.5  0.06067  
8562.9  0.05549  
8567.4  0.05064  
8571.900000000001  0.04606  
8576.4  0.04218  
8580.800000000001  0.03924  
8585.3  0.03645  
8589.8  0.03349  
8594.3  0.03078  
8598.7  0.02825  
8603.2  0.02578  
8607.7  0.02383  
8612.2  0.02222  
8616.699999999999  0.02084  
8621.1  0.01971  
8625.599999999999  0.01863  
8630.1  0.01753  
8634.6  0.01655  
8639.0  0.0158  
8643.5  0.01518  
8648.0  0.01432  
8652.5  0.01367  
8657.0  0.01321  
8661.4  0.01253  
8665.9  0.01194  
8670.4  0.01151  
8674.9  0.01103  
8679.400000000001  0.01064  
8683.8  0.01045  
8688.300000000001  0.01036  
8692.8  0.01015  
8697.3  0.00968  
8701.8  0.00915  
8706.3  0.00918  
8710.7  0.00926  
8715.2  0.00917  
8719.7  0.00901  
8724.199999999999  0.00863  
8728.7  0.00865  
8733.2  0.00877  
8737.6  0.00847  
8742.1  0.00826  
8746.6  0.00852  
8751.1  0.00842  
8755.599999999999  0.00809  
8760.1  0.0081  
8764.6  0.00831  
8769.0  0.00819  
8773.5  0.00804  
8778.0  0.00806  
8782.5  0.00831  
8787.0  0.00846  
8791.5  0.00845  
8796.0  0.00838  

