@MEASUREMENT_RADIUS 24.0 cm
#lambda:
#tr:
#end
6251.799999999999  0.00256  
6256.1  0.00259  
6260.4  0.00265  
6264.700000000001  0.00268  
6269.0  0.00278  
6273.3  0.00289  
6277.6  0.00286  
6281.900000000001  0.00278  
6286.2  0.00275  
6290.5  0.00275  
6294.8  0.00287  
6299.099999999999  0.00293  
6303.400000000001  0.00286  
6307.7  0.00282  
6312.0  0.00293  
6316.3  0.00291  
6320.599999999999  0.00278  
6325.0  0.00278  
6329.299999999999  0.00286  
6333.6  0.00293  
6337.9  0.00297  
6342.200000000001  0.00292  
6346.5  0.00286  
6350.8  0.00292  
6355.1  0.00302  
6359.400000000001  0.00304  
6363.7  0.00291  
6368.099999999999  0.00281  
6372.4  0.00294  
6376.7  0.00304  
6381.0  0.00298  
6385.299999999999  0.00297  
6389.6  0.00305  
6393.9  0.00307  
6398.200000000001  0.00306  
6402.6  0.00307  
6406.900000000001  0.00304  
6411.2  0.00306  
6415.5  0.00302  
6419.8  0.00308  
6424.099999999999  0.00319  
6428.5  0.00314  
6432.799999999999  0.00308  
6437.1  0.00313  
6441.4  0.0032  
6445.700000000001  0.00319  
6450.0  0.00314  
6454.400000000001  0.00323  
6458.7  0.0033  
6463.0  0.00322  
6467.3  0.00319  
6471.599999999999  0.00324  
6476.0  0.0032  
6480.299999999999  0.00314  
6484.6  0.00315  
6488.9  0.00331  
6493.3  0.00337  
6497.6  0.00322  
6501.900000000001  0.00317  
6506.2  0.00327  
6510.5  0.00333  
6514.9  0.00336  
6519.2  0.00339  
6523.5  0.00335  
6527.799999999999  0.00329  
6532.200000000001  0.00334  
6536.5  0.00342  
6540.8  0.00346  
6545.2  0.00347  
6549.5  0.00354  
6553.8  0.00357  
6558.099999999999  0.00362  
6562.5  0.00369  
6566.799999999999  0.00374  
6571.1  0.00382  
6575.5  0.00394  
6579.8  0.0039  
6584.099999999999  0.00378  
6588.400000000001  0.00386  
6592.799999999999  0.00414  
6597.1  0.00434  
6601.4  0.00438  
6605.8  0.00427  
6610.1  0.00424  
6614.400000000001  0.00442  
6618.8  0.00477  
6623.099999999999  0.00496  
6627.4  0.00486  
6631.799999999999  0.00478  
6636.1  0.00491  
6640.4  0.00519  
6644.8  0.00537  
6649.099999999999  0.00538  
6653.5  0.00548  
6657.799999999999  0.00579  
6662.1  0.00597  
6666.5  0.00601  
6670.8  0.00614  
6675.1  0.00643  
6679.5  0.00666  
6683.8  0.00686  
6688.200000000001  0.00709  
6692.5  0.00728  
6696.799999999999  0.00746  
6701.2  0.00782  
6705.5  0.00822  
6709.9  0.00859  
6714.2  0.0089  
6718.5  0.00926  
6722.9  0.00972  
6727.200000000001  0.01025  
6731.599999999999  0.01087  
6735.900000000001  0.0115  
6740.299999999999  0.01221  
6744.6  0.01303  
6748.9  0.01386  
6753.3  0.01479  
6757.6  0.01592  
6762.0  0.0172  
6766.3  0.01857  
6770.700000000001  0.02004  
6775.0  0.02174  
6779.400000000001  0.02367  
6783.7  0.02585  
6788.099999999999  0.02832  
6792.4  0.03102  
6796.799999999999  0.03395  
6801.1  0.03715  
6805.5  0.04083  
6809.8  0.04509  
6814.2  0.04963  
6818.5  0.05451  
6822.9  0.05993  
6827.200000000001  0.06596  
6831.599999999999  0.07275  
6835.900000000001  0.08017  
6840.299999999999  0.08826  
6844.6  0.09721  
6849.0  0.10698  
6853.3  0.11755  
6857.7  0.1294  
6862.0  0.14274  
6866.4  0.15716  
6870.700000000001  0.17277  
6875.1  0.19004  
6879.5  0.20881  
6883.8  0.22945  
6888.200000000001  0.25241  
6892.5  0.27699  
6896.900000000001  0.30315  
6901.2  0.33139  
6905.599999999999  0.36181  
6910.0  0.39389  
6914.299999999999  0.42725  
6918.7  0.46212  
6923.0  0.49828  
6927.4  0.53502  
6931.799999999999  0.57183  
6936.1  0.60829  
6940.5  0.64434  
6944.8  0.67947  
6949.2  0.71304  
6953.6  0.74484  
6957.9  0.77486  
6962.3  0.80218  
6966.599999999999  0.82643  
6971.0  0.84809  
6975.4  0.86702  
6979.700000000001  0.88313  
6984.099999999999  0.89684  
6988.5  0.90824  
6992.799999999999  0.91776  
6997.200000000001  0.92541  
7001.599999999999  0.93148  
7005.900000000001  0.93693  
7010.299999999999  0.94071  
7014.700000000001  0.94301  
7019.0  0.9457  
7023.400000000001  0.94799  
7027.799999999999  0.94866  
7032.1  0.94909  
7036.5  0.94981  
7040.900000000001  0.95063  
7045.2  0.9518  
7049.6  0.9529  
7054.0  0.9535  
7058.3  0.95395  
7062.7  0.95407  
7067.1  0.95398  
7071.5  0.95481  
7075.8  0.95604  
7080.2  0.95647  
7084.6  0.95687  
7088.9  0.95751  
7093.3  0.95761  
7097.7  0.95745  
7102.1  0.9572  
7106.4  0.95728  
7110.8  0.95761  
7115.2  0.9576  
7119.6  0.95764  
7123.9  0.95739  
7128.3  0.95629  
7132.7  0.95521  
7137.1  0.95493  
7141.4  0.95502  
7145.8  0.95515  
7150.2  0.95526  
7154.6  0.95591  
7159.0  0.95724  
7163.3  0.95772  
7167.7  0.95727  
7172.1  0.95748  
7176.5  0.95903  
7180.900000000001  0.9609  
7185.2  0.96198  
7189.6  0.96242  
7194.0  0.96304  
7198.400000000001  0.96418  
7202.799999999999  0.96487  
7207.1  0.96499  
7211.5  0.96521  
7215.900000000001  0.96505  
7220.299999999999  0.96438  
7224.700000000001  0.96439  
7229.099999999999  0.96482  
7233.400000000001  0.96387  
7237.799999999999  0.96223  
7242.200000000001  0.96119  
7246.599999999999  0.96066  
7251.0  0.96035  
7255.4  0.96031  
7259.700000000001  0.95962  
7264.099999999999  0.95834  
7268.5  0.95818  
7272.9  0.95925  
7277.3  0.95965  
7281.7  0.95944  
7286.1  0.95999  
7290.5  0.96093  
7294.9  0.96193  
7299.2  0.96292  
7303.6  0.9638  
7308.0  0.96475  
7312.4  0.96579  
7316.799999999999  0.96676  
7321.2  0.96752  
7325.599999999999  0.96818  
7330.0  0.96858  
7334.400000000001  0.96869  
7338.8  0.96867  
7343.099999999999  0.96801  
7347.5  0.96711  
7351.900000000001  0.96688  
7356.3  0.96664  
7360.700000000001  0.96581  
7365.1  0.96451  
7369.5  0.96314  
7373.9  0.96248  
7378.3  0.96195  
7382.7  0.9607  
7387.1  0.9596  
7391.5  0.9588  
7395.900000000001  0.95807  
7400.299999999999  0.95773  
7404.700000000001  0.95736  
7409.099999999999  0.95646  
7413.5  0.95564  
7417.9  0.95579  
7422.3  0.95675  
7426.7  0.95732  
7431.1  0.95692  
7435.5  0.95671  
7439.9  0.95717  
7444.299999999999  0.95742  
7448.7  0.95773  
7453.099999999999  0.95827  
7457.5  0.95846  
7461.900000000001  0.95863  
7466.3  0.95943  
7470.700000000001  0.96023  
7475.1  0.96052  
7479.5  0.96075  
7483.9  0.96081  
7488.3  0.96124  
7492.7  0.96201  
7497.1  0.96203  
7501.5  0.96168  
7505.900000000001  0.96241  
7510.299999999999  0.96375  
7514.700000000001  0.96417  
7519.099999999999  0.96414  
7523.5  0.96451  
7527.9  0.96499  
7532.3  0.96498  
7536.799999999999  0.96409  
7541.2  0.9639  
7545.599999999999  0.96501  
7550.0  0.96552  
7554.400000000001  0.96477  
7558.8  0.96412  
7563.200000000001  0.9639  
7567.6  0.96334  
7572.0  0.96275  
7576.4  0.96248  
7580.8  0.9617  
7585.299999999999  0.96049  
7589.700000000001  0.95944  
7594.099999999999  0.95855  
7598.5  0.95766  
7602.9  0.9569  
7607.3  0.95609  
7611.7  0.95471  
7616.1  0.95343  
7620.599999999999  0.95264  
7625.0  0.9514  
7629.400000000001  0.94957  
7633.8  0.94823  
7638.200000000001  0.94757  
7642.6  0.94654  
7647.0  0.94467  
7651.5  0.94311  
7655.900000000001  0.94263  
7660.299999999999  0.94236  
7664.700000000001  0.94128  
7669.099999999999  0.93967  
7673.5  0.93901  
7678.0  0.93887  
7682.4  0.93839  
7686.799999999999  0.93793  
7691.2  0.93793  
7695.599999999999  0.93843  
7700.0  0.939  
7704.5  0.93959  
7708.9  0.94019  
7713.3  0.94046  
7717.7  0.9413  
7722.1  0.94327  
7726.599999999999  0.94518  
7731.0  0.94588  
7735.4  0.94665  
7739.8  0.94846  
7744.299999999999  0.95003  
7748.7  0.95159  
7753.099999999999  0.95384  
7757.5  0.95527  
7761.900000000001  0.95565  
7766.4  0.95695  
7770.8  0.95878  
7775.2  0.95981  
7779.6  0.96062  
7784.099999999999  0.96157  
7788.5  0.96256  
7792.9  0.96296  
7797.3  0.96269  
7801.799999999999  0.96277  
7806.2  0.96288  
7810.599999999999  0.96253  
7815.0  0.96258  
7819.5  0.96261  
7823.9  0.96161  
7828.3  0.96032  
7832.799999999999  0.95977  
7837.200000000001  0.95916  
7841.599999999999  0.95858  
7846.0  0.95729  
7850.5  0.95584  
7854.9  0.95625  
7859.299999999999  0.95649  
7863.8  0.95491  
7868.200000000001  0.95356  
7872.6  0.95341  
7877.1  0.95357  
7881.5  0.9538  
7885.900000000001  0.95319  
7890.4  0.95171  
7894.8  0.95136  
7899.2  0.95199  
7903.7  0.95195  
7908.099999999999  0.951  
7912.5  0.9505  
7917.0  0.95093  
7921.4  0.95112  
7925.8  0.95008  
7930.299999999999  0.94938  
7934.700000000001  0.95003  
7939.099999999999  0.95033  
7943.6  0.9498  
7948.0  0.94965  
7952.4  0.94987  
7956.900000000001  0.9499  
7961.3  0.95  
7965.700000000001  0.95065  
7970.2  0.95159  
7974.6  0.95237  
7979.099999999999  0.95302  
7983.5  0.95343  
7987.9  0.95376  
7992.4  0.95418  
7996.799999999999  0.95494  
8001.3  0.95637  
8005.700000000001  0.95752  
8010.1  0.95809  
8014.6  0.9593  
8019.0  0.96073  
8023.5  0.9614  
8027.9  0.96227  
8032.3  0.96288  
8036.799999999999  0.96265  
8041.2  0.96292  
8045.700000000001  0.96443  
8050.1  0.96558  
8054.6  0.96502  
8059.0  0.96475  
8063.400000000001  0.96523  
8067.9  0.96483  
8072.3  0.96411  
8076.799999999999  0.96416  
8081.2  0.96425  
8085.700000000001  0.96368  
8090.1  0.96267  
8094.6  0.96199  
8099.0  0.96135  
8103.5  0.96078  
8107.9  0.96034  
8112.3  0.95939  
8116.799999999999  0.9579  
8121.2  0.95718  
8125.700000000001  0.95755  
8130.1  0.95719  
8134.6  0.9561  
8139.0  0.95525  
8143.5  0.95502  
8147.9  0.95518  
8152.4  0.95534  
8156.799999999999  0.95514  
8161.3  0.95436  
8165.700000000001  0.95383  
8170.2  0.95392  
8174.6  0.95407  
8179.099999999999  0.9538  
8183.5  0.95414  
8188.0  0.95469  
8192.4  0.95453  
8196.900000000001  0.95403  
8201.4  0.9536  
8205.800000000001  0.95381  
8210.3  0.95451  
8214.7  0.95439  
8219.199999999999  0.95384  
8223.6  0.95471  
8228.099999999999  0.95576  
8232.5  0.95516  
8237.0  0.95464  
8241.4  0.95524  
8245.9  0.95536  
8250.3  0.95498  
8254.8  0.95559  
8259.3  0.95684  
8263.7  0.957  
8268.2  0.95678  
8272.6  0.95669  
8277.1  0.95699  
8281.5  0.95788  
8286.0  0.95789  
8290.5  0.95768  
8294.9  0.95821  
8299.400000000001  0.95873  
8303.8  0.95892  
8308.300000000001  0.95885  
8312.8  0.95881  
8317.2  0.95834  
8321.699999999999  0.95808  
8326.1  0.95896  
8330.599999999999  0.95902  
8335.1  0.95762  
8339.5  0.95668  
8344.0  0.95669  
8348.4  0.95628  
8352.9  0.95492  
8357.4  0.95322  
8361.8  0.95127  
8366.3  0.94941  
8370.800000000001  0.9474  
8375.2  0.94447  
8379.7  0.94034  
8384.199999999999  0.93512  
8388.6  0.92948  
8393.099999999999  0.92263  
8397.5  0.91366  
8402.0  0.90324  
8406.5  0.89126  
8410.9  0.87693  
8415.4  0.86002  
8419.9  0.84178  
8424.3  0.82204  
8428.8  0.79935  
8433.300000000001  0.77385  
8437.7  0.74615  
8442.2  0.71673  
8446.699999999999  0.68512  
8451.1  0.65153  
8455.599999999999  0.61696  
8460.1  0.58115  
8464.6  0.54461  
8469.0  0.50817  
8473.5  0.47164  
8478.0  0.43591  
8482.4  0.40161  
8486.900000000001  0.36834  
8491.4  0.33626  
8495.800000000001  0.30637  
8500.3  0.27868  
8504.8  0.25271  
8509.3  0.22844  
8513.7  0.20594  
8518.2  0.18537  
8522.7  0.16695  
8527.1  0.1507  
8531.6  0.13626  
8536.1  0.12309  
8540.599999999999  0.11069  
8545.0  0.09983  
8549.5  0.09101  
8554.0  0.08303  
8558.5  0.07541  
8562.9  0.0687  
8567.4  0.06273  
8571.900000000001  0.05707  
8576.4  0.05191  
8580.800000000001  0.04779  
8585.3  0.04408  
8589.8  0.04009  
8594.3  0.03635  
8598.7  0.0335  
8603.2  0.03129  
8607.7  0.02881  
8612.2  0.02632  
8616.699999999999  0.02452  
8621.1  0.02304  
8625.599999999999  0.02144  
8630.1  0.02004  
8634.6  0.01919  
8639.0  0.01833  
8643.5  0.01729  
8648.0  0.01622  
8652.5  0.0151  
8657.0  0.01415  
8661.4  0.01355  
8665.9  0.01311  
8670.4  0.01279  
8674.9  0.01215  
8679.400000000001  0.01162  
8683.8  0.01129  
8688.300000000001  0.01083  
8692.8  0.01048  
8697.3  0.01046  
8701.8  0.01048  
8706.3  0.01019  
8710.7  0.0096  
8715.2  0.00935  
8719.7  0.00936  
8724.199999999999  0.00923  
8728.7  0.00925  
8733.2  0.00899  
8737.6  0.00871  
8742.1  0.00876  
8746.6  0.00894  
8751.1  0.00872  
8755.599999999999  0.00836  
8760.1  0.00824  
8764.6  0.00837  
8769.0  0.00846  
8773.5  0.00851  
8778.0  0.00849  
8782.5  0.00842  
8787.0  0.00827  
8791.5  0.00835  
8796.0  0.00836  

