@MEASUREMENT_RADIUS 25.0 cm
#lambda:
#tr:
#end
6251.799999999999  0.00242  
6256.1  0.00245  
6260.4  0.00256  
6264.700000000001  0.00259  
6269.0  0.00256  
6273.3  0.00252  
6277.6  0.00256  
6281.900000000001  0.00261  
6286.2  0.00263  
6290.5  0.00268  
6294.8  0.00275  
6299.099999999999  0.00272  
6303.400000000001  0.00273  
6307.7  0.00289  
6312.0  0.003  
6316.3  0.00282  
6320.599999999999  0.00271  
6325.0  0.00288  
6329.299999999999  0.00302  
6333.6  0.00293  
6337.9  0.0029  
6342.200000000001  0.00298  
6346.5  0.00291  
6350.8  0.00272  
6355.1  0.00269  
6359.400000000001  0.00279  
6363.7  0.00282  
6368.099999999999  0.00295  
6372.4  0.00311  
6376.7  0.00304  
6381.0  0.00283  
6385.299999999999  0.00277  
6389.6  0.00304  
6393.9  0.00319  
6398.200000000001  0.003  
6402.6  0.00294  
6406.900000000001  0.00311  
6411.2  0.00316  
6415.5  0.00301  
6419.8  0.00299  
6424.099999999999  0.00313  
6428.5  0.00323  
6432.799999999999  0.00327  
6437.1  0.00332  
6441.4  0.0033  
6445.700000000001  0.00317  
6450.0  0.00317  
6454.400000000001  0.00329  
6458.7  0.00324  
6463.0  0.00318  
6467.3  0.00322  
6471.599999999999  0.00328  
6476.0  0.0033  
6480.299999999999  0.00323  
6484.6  0.00333  
6488.9  0.00346  
6493.3  0.00329  
6497.6  0.0031  
6501.900000000001  0.00311  
6506.2  0.00325  
6510.5  0.00336  
6514.9  0.00326  
6519.2  0.00312  
6523.5  0.00317  
6527.799999999999  0.00328  
6532.200000000001  0.00335  
6536.5  0.00346  
6540.8  0.00352  
6545.2  0.00351  
6549.5  0.00353  
6553.8  0.00349  
6558.099999999999  0.0035  
6562.5  0.00361  
6566.799999999999  0.00379  
6571.1  0.00387  
6575.5  0.00372  
6579.8  0.00363  
6584.099999999999  0.00368  
6588.400000000001  0.00375  
6592.799999999999  0.00394  
6597.1  0.00405  
6601.4  0.00407  
6605.8  0.00418  
6610.1  0.00428  
6614.400000000001  0.00431  
6618.8  0.00444  
6623.099999999999  0.00462  
6627.4  0.00466  
6631.799999999999  0.00467  
6636.1  0.00466  
6640.4  0.00481  
6644.8  0.00507  
6649.099999999999  0.0052  
6653.5  0.00532  
6657.799999999999  0.0054  
6662.1  0.00542  
6666.5  0.0056  
6670.8  0.00594  
6675.1  0.00617  
6679.5  0.00619  
6683.8  0.00634  
6688.200000000001  0.00659  
6692.5  0.00682  
6696.799999999999  0.00706  
6701.2  0.00729  
6705.5  0.00763  
6709.9  0.00799  
6714.2  0.00816  
6718.5  0.00832  
6722.9  0.0087  
6727.200000000001  0.0092  
6731.599999999999  0.00973  
6735.900000000001  0.0102  
6740.299999999999  0.01071  
6744.6  0.01129  
6748.9  0.01202  
6753.3  0.01278  
6757.6  0.01352  
6762.0  0.01434  
6766.3  0.01534  
6770.700000000001  0.01649  
6775.0  0.01783  
6779.400000000001  0.01935  
6783.7  0.02103  
6788.099999999999  0.02295  
6792.4  0.0251  
6796.799999999999  0.02738  
6801.1  0.02988  
6805.5  0.03275  
6809.8  0.0359  
6814.2  0.03929  
6818.5  0.04317  
6822.9  0.04761  
6827.200000000001  0.05231  
6831.599999999999  0.05746  
6835.900000000001  0.06327  
6840.299999999999  0.06965  
6844.6  0.07664  
6849.0  0.08442  
6853.3  0.09298  
6857.7  0.10234  
6862.0  0.11252  
6866.4  0.1237  
6870.700000000001  0.13611  
6875.1  0.1499  
6879.5  0.16519  
6883.8  0.18173  
6888.200000000001  0.19971  
6892.5  0.21947  
6896.900000000001  0.24099  
6901.2  0.26429  
6905.599999999999  0.28964  
6910.0  0.31699  
6914.299999999999  0.34608  
6918.7  0.37674  
6923.0  0.40872  
6927.4  0.44222  
6931.799999999999  0.47734  
6936.1  0.51329  
6940.5  0.54945  
6944.8  0.58551  
6949.2  0.62127  
6953.6  0.65665  
6957.9  0.69125  
6962.3  0.72391  
6966.599999999999  0.7541  
6971.0  0.78231  
6975.4  0.80839  
6979.700000000001  0.83177  
6984.099999999999  0.85241  
6988.5  0.87003  
6992.799999999999  0.8848  
6997.200000000001  0.89727  
7001.599999999999  0.90786  
7005.900000000001  0.91721  
7010.299999999999  0.9246  
7014.700000000001  0.93024  
7019.0  0.93535  
7023.400000000001  0.93935  
7027.799999999999  0.94205  
7032.1  0.94456  
7036.5  0.9467  
7040.900000000001  0.9482  
7045.2  0.94956  
7049.6  0.95091  
7054.0  0.95196  
7058.3  0.953  
7062.7  0.95421  
7067.1  0.95514  
7071.5  0.95551  
7075.8  0.95605  
7080.2  0.95716  
7084.6  0.95774  
7088.9  0.95742  
7093.3  0.95698  
7097.7  0.95705  
7102.1  0.95733  
7106.4  0.95698  
7110.8  0.95628  
7115.2  0.95591  
7119.6  0.95594  
7123.9  0.95579  
7128.3  0.95523  
7132.7  0.95453  
7137.1  0.95372  
7141.4  0.95338  
7145.8  0.95377  
7150.2  0.95413  
7154.6  0.95439  
7159.0  0.95491  
7163.3  0.95557  
7167.7  0.9564  
7172.1  0.95731  
7176.5  0.95858  
7180.900000000001  0.96002  
7185.2  0.96125  
7189.6  0.96201  
7194.0  0.96251  
7198.400000000001  0.96358  
7202.799999999999  0.96473  
7207.1  0.96547  
7211.5  0.96582  
7215.900000000001  0.96529  
7220.299999999999  0.96452  
7224.700000000001  0.96447  
7229.099999999999  0.96433  
7233.400000000001  0.96307  
7237.799999999999  0.96201  
7242.200000000001  0.96142  
7246.599999999999  0.96068  
7251.0  0.95967  
7255.4  0.95889  
7259.700000000001  0.95847  
7264.099999999999  0.95778  
7268.5  0.9576  
7272.9  0.95821  
7277.3  0.95827  
7281.7  0.95814  
7286.1  0.95867  
7290.5  0.95942  
7294.9  0.96062  
7299.2  0.96181  
7303.6  0.9628  
7308.0  0.96402  
7312.4  0.96527  
7316.799999999999  0.96627  
7321.2  0.9669  
7325.599999999999  0.96725  
7330.0  0.96786  
7334.400000000001  0.96869  
7338.8  0.96843  
7343.099999999999  0.96779  
7347.5  0.96819  
7351.900000000001  0.96827  
7356.3  0.9671  
7360.700000000001  0.96612  
7365.1  0.96572  
7369.5  0.9648  
7373.9  0.96342  
7378.3  0.9625  
7382.7  0.96179  
7387.1  0.96094  
7391.5  0.96007  
7395.900000000001  0.95946  
7400.299999999999  0.95893  
7404.700000000001  0.9581  
7409.099999999999  0.95742  
7413.5  0.9573  
7417.9  0.9573  
7422.3  0.9572  
7426.7  0.95739  
7431.1  0.95727  
7435.5  0.957  
7439.9  0.9577  
7444.299999999999  0.9583  
7448.7  0.95791  
7453.099999999999  0.95812  
7457.5  0.95867  
7461.900000000001  0.95865  
7466.3  0.95914  
7470.700000000001  0.95992  
7475.1  0.96001  
7479.5  0.95997  
7483.9  0.96037  
7488.3  0.96113  
7492.7  0.96139  
7497.1  0.96076  
7501.5  0.96031  
7505.900000000001  0.9612  
7510.299999999999  0.96243  
7514.700000000001  0.96245  
7519.099999999999  0.9623  
7523.5  0.9627  
7527.9  0.96312  
7532.3  0.96323  
7536.799999999999  0.96288  
7541.2  0.96311  
7545.599999999999  0.9643  
7550.0  0.96476  
7554.400000000001  0.96386  
7558.8  0.96348  
7563.200000000001  0.96385  
7567.6  0.96356  
7572.0  0.96325  
7576.4  0.96359  
7580.8  0.96339  
7585.299999999999  0.96258  
7589.700000000001  0.96179  
7594.099999999999  0.96122  
7598.5  0.96093  
7602.9  0.96019  
7607.3  0.95904  
7611.7  0.9584  
7616.1  0.9578  
7620.599999999999  0.95674  
7625.0  0.95541  
7629.400000000001  0.95363  
7633.8  0.95199  
7638.200000000001  0.95111  
7642.6  0.95002  
7647.0  0.9479  
7651.5  0.94634  
7655.900000000001  0.94571  
7660.299999999999  0.94451  
7664.700000000001  0.94262  
7669.099999999999  0.94141  
7673.5  0.94074  
7678.0  0.93974  
7682.4  0.93913  
7686.799999999999  0.93875  
7691.2  0.93802  
7695.599999999999  0.93721  
7700.0  0.93696  
7704.5  0.93715  
7708.9  0.93734  
7713.3  0.93772  
7717.7  0.93838  
7722.1  0.93935  
7726.599999999999  0.94039  
7731.0  0.94128  
7735.4  0.94286  
7739.8  0.94471  
7744.299999999999  0.94568  
7748.7  0.94666  
7753.099999999999  0.9488  
7757.5  0.95124  
7761.900000000001  0.95253  
7766.4  0.9533  
7770.8  0.95488  
7775.2  0.95678  
7779.6  0.95836  
7784.099999999999  0.9597  
7788.5  0.96078  
7792.9  0.96082  
7797.3  0.96067  
7801.799999999999  0.96181  
7806.2  0.96272  
7810.599999999999  0.96244  
7815.0  0.9627  
7819.5  0.96337  
7823.9  0.9629  
7828.3  0.96182  
7832.799999999999  0.96123  
7837.200000000001  0.96091  
7841.599999999999  0.96054  
7846.0  0.95971  
7850.5  0.95899  
7854.9  0.95889  
7859.299999999999  0.95814  
7863.8  0.957  
7868.200000000001  0.9563  
7872.6  0.95604  
7877.1  0.95577  
7881.5  0.95495  
7885.900000000001  0.95381  
7890.4  0.95292  
7894.8  0.95229  
7899.2  0.95174  
7903.7  0.95169  
7908.099999999999  0.95137  
7912.5  0.95073  
7917.0  0.95083  
7921.4  0.95078  
7925.8  0.94966  
7930.299999999999  0.94927  
7934.700000000001  0.94948  
7939.099999999999  0.94897  
7943.6  0.94856  
7948.0  0.94857  
7952.4  0.94871  
7956.900000000001  0.9489  
7961.3  0.94867  
7965.700000000001  0.94831  
7970.2  0.94903  
7974.6  0.95019  
7979.099999999999  0.95102  
7983.5  0.95136  
7987.9  0.95154  
7992.4  0.95215  
7996.799999999999  0.95331  
8001.3  0.95468  
8005.700000000001  0.95552  
8010.1  0.95602  
8014.6  0.95685  
8019.0  0.95784  
8023.5  0.95882  
8027.9  0.96037  
8032.3  0.96163  
8036.799999999999  0.96236  
8041.2  0.96321  
8045.700000000001  0.9639  
8050.1  0.96409  
8054.6  0.96377  
8059.0  0.96434  
8063.400000000001  0.96541  
8067.9  0.96534  
8072.3  0.96436  
8076.799999999999  0.96373  
8081.2  0.9637  
8085.700000000001  0.96382  
8090.1  0.96322  
8094.6  0.96254  
8099.0  0.96175  
8103.5  0.9608  
8107.9  0.96057  
8112.3  0.96031  
8116.799999999999  0.95948  
8121.2  0.9593  
8125.700000000001  0.95926  
8130.1  0.95799  
8134.6  0.95687  
8139.0  0.95663  
8143.5  0.95658  
8147.9  0.95648  
8152.4  0.95652  
8156.799999999999  0.95633  
8161.3  0.95572  
8165.700000000001  0.95528  
8170.2  0.95517  
8174.6  0.95521  
8179.099999999999  0.95499  
8183.5  0.95494  
8188.0  0.95464  
8192.4  0.95419  
8196.900000000001  0.95431  
8201.4  0.95425  
8205.800000000001  0.95398  
8210.3  0.95398  
8214.7  0.9537  
8219.199999999999  0.95301  
8223.6  0.95285  
8228.099999999999  0.95334  
8232.5  0.9537  
8237.0  0.95408  
8241.4  0.95391  
8245.9  0.95323  
8250.3  0.95374  
8254.8  0.95522  
8259.3  0.95588  
8263.7  0.9555  
8268.2  0.95544  
8272.6  0.95529  
8277.1  0.95555  
8281.5  0.95675  
8286.0  0.95765  
8290.5  0.95755  
8294.9  0.95722  
8299.400000000001  0.95751  
8303.8  0.95841  
8308.300000000001  0.95897  
8312.8  0.95877  
8317.2  0.95817  
8321.699999999999  0.95862  
8326.1  0.95965  
8330.599999999999  0.95924  
8335.1  0.95875  
8339.5  0.95886  
8344.0  0.95838  
8348.4  0.95759  
8352.9  0.957  
8357.4  0.95623  
8361.8  0.95532  
8366.3  0.95452  
8370.800000000001  0.95291  
8375.2  0.95096  
8379.7  0.94906  
8384.199999999999  0.94609  
8388.6  0.94257  
8393.099999999999  0.93853  
8397.5  0.93334  
8402.0  0.92772  
8406.5  0.92105  
8410.9  0.9122  
8415.4  0.90076  
8419.9  0.88807  
8424.3  0.87438  
8428.8  0.85876  
8433.300000000001  0.84107  
8437.7  0.82093  
8442.2  0.79805  
8446.699999999999  0.77229  
8451.1  0.74501  
8455.599999999999  0.7165  
8460.1  0.68557  
8464.6  0.65272  
8469.0  0.61872  
8473.5  0.5836  
8478.0  0.54754  
8482.4  0.51118  
8486.900000000001  0.47578  
8491.4  0.44104  
8495.800000000001  0.40642  
8500.3  0.37287  
8504.8  0.34128  
8509.3  0.31151  
8513.7  0.28305  
8518.2  0.25617  
8522.7  0.23176  
8527.1  0.20948  
8531.6  0.18896  
8536.1  0.17052  
8540.599999999999  0.15405  
8545.0  0.13923  
8549.5  0.12607  
8554.0  0.11423  
8558.5  0.10335  
8562.9  0.09354  
8567.4  0.08477  
8571.900000000001  0.07711  
8576.4  0.07027  
8580.800000000001  0.06397  
8585.3  0.0584  
8589.8  0.05346  
8594.3  0.04884  
8598.7  0.04441  
8603.2  0.0404  
8607.7  0.03709  
8612.2  0.03439  
8616.699999999999  0.03178  
8621.1  0.02914  
8625.599999999999  0.02698  
8630.1  0.02553  
8634.6  0.02418  
8639.0  0.02275  
8643.5  0.02128  
8648.0  0.01969  
8652.5  0.01831  
8657.0  0.01726  
8661.4  0.01643  
8665.9  0.01544  
8670.4  0.01453  
8674.9  0.01401  
8679.400000000001  0.01359  
8683.8  0.01308  
8688.300000000001  0.01257  
8692.8  0.01212  
8697.3  0.01164  
8701.8  0.01135  
8706.3  0.01132  
8710.7  0.01112  
8715.2  0.01057  
8719.7  0.01017  
8724.199999999999  0.01013  
8728.7  0.00991  
8733.2  0.0095  
8737.6  0.00957  
8742.1  0.00956  
8746.6  0.00915  
8751.1  0.00896  
8755.599999999999  0.00923  
8760.1  0.00911  
8764.6  0.00862  
8769.0  0.00848  
8773.5  0.00889  
8778.0  0.00894  
8782.5  0.00851  
8787.0  0.00838  
8791.5  0.00866  
8796.0  0.00875  

