@MEASUREMENT_RADIUS 26.0 cm
#lambda:
#tr:
#end
6251.799999999999  0.00235  
6256.1  0.00235  
6260.4  0.00234  
6264.700000000001  0.0024  
6269.0  0.00256  
6273.3  0.00255  
6277.6  0.00243  
6281.900000000001  0.00243  
6286.2  0.00253  
6290.5  0.0026  
6294.8  0.00265  
6299.099999999999  0.00267  
6303.400000000001  0.00276  
6307.7  0.00272  
6312.0  0.00277  
6316.3  0.00291  
6320.599999999999  0.00289  
6325.0  0.00277  
6329.299999999999  0.00277  
6333.6  0.00289  
6337.9  0.00294  
6342.200000000001  0.00285  
6346.5  0.0028  
6350.8  0.00285  
6355.1  0.00299  
6359.400000000001  0.00309  
6363.7  0.00296  
6368.099999999999  0.00287  
6372.4  0.00305  
6376.7  0.00309  
6381.0  0.00294  
6385.299999999999  0.00292  
6389.6  0.00308  
6393.9  0.0031  
6398.200000000001  0.00301  
6402.6  0.00297  
6406.900000000001  0.00309  
6411.2  0.00317  
6415.5  0.00305  
6419.8  0.00305  
6424.099999999999  0.00319  
6428.5  0.00322  
6432.799999999999  0.00311  
6437.1  0.00312  
6441.4  0.00319  
6445.700000000001  0.00316  
6450.0  0.00313  
6454.400000000001  0.00322  
6458.7  0.00326  
6463.0  0.00322  
6467.3  0.00318  
6471.599999999999  0.00324  
6476.0  0.0032  
6480.299999999999  0.00311  
6484.6  0.00315  
6488.9  0.0032  
6493.3  0.00316  
6497.6  0.00316  
6501.900000000001  0.00323  
6506.2  0.00323  
6510.5  0.00317  
6514.9  0.0032  
6519.2  0.00331  
6523.5  0.00335  
6527.799999999999  0.00326  
6532.200000000001  0.00319  
6536.5  0.00333  
6540.8  0.00347  
6545.2  0.00342  
6549.5  0.00336  
6553.8  0.00337  
6558.099999999999  0.00345  
6562.5  0.0035  
6566.799999999999  0.00354  
6571.1  0.00352  
6575.5  0.00348  
6579.8  0.00351  
6584.099999999999  0.00368  
6588.400000000001  0.00378  
6592.799999999999  0.00376  
6597.1  0.00378  
6601.4  0.00389  
6605.8  0.00397  
6610.1  0.00402  
6614.400000000001  0.00409  
6618.8  0.0041  
6623.099999999999  0.00412  
6627.4  0.00436  
6631.799999999999  0.00457  
6636.1  0.00452  
6640.4  0.00453  
6644.8  0.00477  
6649.099999999999  0.005  
6653.5  0.00505  
6657.799999999999  0.00504  
6662.1  0.00517  
6666.5  0.00532  
6670.8  0.00539  
6675.1  0.00557  
6679.5  0.00571  
6683.8  0.00579  
6688.200000000001  0.00593  
6692.5  0.00614  
6696.799999999999  0.00635  
6701.2  0.00657  
6705.5  0.00673  
6709.9  0.00694  
6714.2  0.00725  
6718.5  0.00763  
6722.9  0.00798  
6727.200000000001  0.00823  
6731.599999999999  0.00851  
6735.900000000001  0.00887  
6740.299999999999  0.00925  
6744.6  0.00964  
6748.9  0.01023  
6753.3  0.0109  
6757.6  0.01148  
6762.0  0.01207  
6766.3  0.01279  
6770.700000000001  0.0137  
6775.0  0.01476  
6779.400000000001  0.01585  
6783.7  0.01691  
6788.099999999999  0.01816  
6792.4  0.01979  
6796.799999999999  0.02152  
6801.1  0.02336  
6805.5  0.02549  
6809.8  0.02795  
6814.2  0.03058  
6818.5  0.03337  
6822.9  0.03653  
6827.200000000001  0.04014  
6831.599999999999  0.04423  
6835.900000000001  0.0486  
6840.299999999999  0.05333  
6844.6  0.0586  
6849.0  0.06439  
6853.3  0.07084  
6857.7  0.07807  
6862.0  0.08605  
6866.4  0.0946  
6870.700000000001  0.10383  
6875.1  0.11416  
6879.5  0.12575  
6883.8  0.13838  
6888.200000000001  0.15216  
6892.5  0.16754  
6896.900000000001  0.18458  
6901.2  0.20284  
6905.599999999999  0.22277  
6910.0  0.24482  
6914.299999999999  0.26863  
6918.7  0.29409  
6923.0  0.3215  
6927.4  0.35089  
6931.799999999999  0.38199  
6936.1  0.41429  
6940.5  0.44818  
6944.8  0.48353  
6949.2  0.51935  
6953.6  0.55534  
6957.9  0.59142  
6962.3  0.62732  
6966.599999999999  0.66286  
6971.0  0.69683  
6975.4  0.72842  
6979.700000000001  0.75822  
6984.099999999999  0.78622  
6988.5  0.81143  
6992.799999999999  0.83349  
6997.200000000001  0.85288  
7001.599999999999  0.86997  
7005.900000000001  0.88527  
7010.299999999999  0.89808  
7014.700000000001  0.90785  
7019.0  0.91606  
7023.400000000001  0.9236  
7027.799999999999  0.92994  
7032.1  0.93486  
7036.5  0.93885  
7040.900000000001  0.94234  
7045.2  0.94506  
7049.6  0.94707  
7054.0  0.94883  
7058.3  0.95086  
7062.7  0.95286  
7067.1  0.95396  
7071.5  0.95475  
7075.8  0.95601  
7080.2  0.95718  
7084.6  0.95773  
7088.9  0.95744  
7093.3  0.95747  
7097.7  0.95802  
7102.1  0.9576  
7106.4  0.95687  
7110.8  0.95684  
7115.2  0.95674  
7119.6  0.95588  
7123.9  0.9547  
7128.3  0.95392  
7132.7  0.95323  
7137.1  0.95244  
7141.4  0.95242  
7145.8  0.95283  
7150.2  0.95282  
7154.6  0.95295  
7159.0  0.95382  
7163.3  0.95448  
7167.7  0.95486  
7172.1  0.95569  
7176.5  0.95697  
7180.900000000001  0.95859  
7185.2  0.9601  
7189.6  0.96087  
7194.0  0.96178  
7198.400000000001  0.96331  
7202.799999999999  0.96422  
7207.1  0.96494  
7211.5  0.96582  
7215.900000000001  0.96601  
7220.299999999999  0.96554  
7224.700000000001  0.96502  
7229.099999999999  0.96479  
7233.400000000001  0.9643  
7237.799999999999  0.96307  
7242.200000000001  0.96164  
7246.599999999999  0.96099  
7251.0  0.96045  
7255.4  0.95974  
7259.700000000001  0.9587  
7264.099999999999  0.95759  
7268.5  0.95743  
7272.9  0.95786  
7277.3  0.95746  
7281.7  0.95688  
7286.1  0.95735  
7290.5  0.95841  
7294.9  0.95947  
7299.2  0.96037  
7303.6  0.96114  
7308.0  0.96222  
7312.4  0.96371  
7316.799999999999  0.96482  
7321.2  0.96576  
7325.599999999999  0.96658  
7330.0  0.9673  
7334.400000000001  0.96846  
7338.8  0.96902  
7343.099999999999  0.9685  
7347.5  0.96814  
7351.900000000001  0.96812  
7356.3  0.9677  
7360.700000000001  0.96718  
7365.1  0.96696  
7369.5  0.96659  
7373.9  0.96576  
7378.3  0.96457  
7382.7  0.963  
7387.1  0.9618  
7391.5  0.96098  
7395.900000000001  0.96037  
7400.299999999999  0.96024  
7404.700000000001  0.95999  
7409.099999999999  0.95898  
7413.5  0.95805  
7417.9  0.95801  
7422.3  0.95815  
7426.7  0.95787  
7431.1  0.95783  
7435.5  0.95803  
7439.9  0.95815  
7444.299999999999  0.95804  
7448.7  0.95808  
7453.099999999999  0.95871  
7457.5  0.95907  
7461.900000000001  0.95908  
7466.3  0.95932  
7470.700000000001  0.95954  
7475.1  0.95952  
7479.5  0.9595  
7483.9  0.95988  
7488.3  0.9605  
7492.7  0.9606  
7497.1  0.96011  
7501.5  0.95967  
7505.900000000001  0.96028  
7510.299999999999  0.96108  
7514.700000000001  0.961  
7519.099999999999  0.9613  
7523.5  0.96199  
7527.9  0.96238  
7532.3  0.9625  
7536.799999999999  0.9622  
7541.2  0.96227  
7545.599999999999  0.96321  
7550.0  0.9636  
7554.400000000001  0.96291  
7558.8  0.9627  
7563.200000000001  0.96337  
7567.6  0.96352  
7572.0  0.96343  
7576.4  0.96396  
7580.8  0.96404  
7585.299999999999  0.96341  
7589.700000000001  0.9631  
7594.099999999999  0.96345  
7598.5  0.96337  
7602.9  0.96269  
7607.3  0.96241  
7611.7  0.96201  
7616.1  0.96136  
7620.599999999999  0.96061  
7625.0  0.95927  
7629.400000000001  0.95777  
7633.8  0.9567  
7638.200000000001  0.95588  
7642.6  0.95482  
7647.0  0.953  
7651.5  0.95136  
7655.900000000001  0.95002  
7660.299999999999  0.94815  
7664.700000000001  0.94645  
7669.099999999999  0.94544  
7673.5  0.94409  
7678.0  0.94214  
7682.4  0.94098  
7686.799999999999  0.94005  
7691.2  0.93857  
7695.599999999999  0.93763  
7700.0  0.93747  
7704.5  0.93686  
7708.9  0.93562  
7713.3  0.93532  
7717.7  0.93613  
7722.1  0.93672  
7726.599999999999  0.93691  
7731.0  0.9373  
7735.4  0.93898  
7739.8  0.94121  
7744.299999999999  0.94184  
7748.7  0.94198  
7753.099999999999  0.94388  
7757.5  0.94616  
7761.900000000001  0.9474  
7766.4  0.94899  
7770.8  0.95107  
7775.2  0.95264  
7779.6  0.95445  
7784.099999999999  0.95606  
7788.5  0.95703  
7792.9  0.95809  
7797.3  0.95938  
7801.799999999999  0.96047  
7806.2  0.9611  
7810.599999999999  0.9616  
7815.0  0.96238  
7819.5  0.963  
7823.9  0.963  
7828.3  0.96287  
7832.799999999999  0.96287  
7837.200000000001  0.96263  
7841.599999999999  0.96201  
7846.0  0.96106  
7850.5  0.96042  
7854.9  0.96041  
7859.299999999999  0.96023  
7863.8  0.95938  
7868.200000000001  0.95826  
7872.6  0.95755  
7877.1  0.95726  
7881.5  0.95695  
7885.900000000001  0.95611  
7890.4  0.95501  
7894.8  0.95418  
7899.2  0.9537  
7903.7  0.95354  
7908.099999999999  0.95262  
7912.5  0.95144  
7917.0  0.95132  
7921.4  0.9512  
7925.8  0.94996  
7930.299999999999  0.94913  
7934.700000000001  0.94906  
7939.099999999999  0.94843  
7943.6  0.94806  
7948.0  0.94821  
7952.4  0.94816  
7956.900000000001  0.94806  
7961.3  0.94794  
7965.700000000001  0.94773  
7970.2  0.94769  
7974.6  0.94807  
7979.099999999999  0.94877  
7983.5  0.9493  
7987.9  0.94983  
7992.4  0.95032  
7996.799999999999  0.95064  
8001.3  0.95191  
8005.700000000001  0.95335  
8010.1  0.95427  
8014.6  0.95561  
8019.0  0.95671  
8023.5  0.95685  
8027.9  0.95769  
8032.3  0.95949  
8036.799999999999  0.96064  
8041.2  0.96115  
8045.700000000001  0.96207  
8050.1  0.9632  
8054.6  0.96331  
8059.0  0.96296  
8063.400000000001  0.96306  
8067.9  0.96343  
8072.3  0.96363  
8076.799999999999  0.96375  
8081.2  0.96373  
8085.700000000001  0.96379  
8090.1  0.96333  
8094.6  0.96282  
8099.0  0.96256  
8103.5  0.96202  
8107.9  0.96139  
8112.3  0.96094  
8116.799999999999  0.96033  
8121.2  0.95984  
8125.700000000001  0.95985  
8130.1  0.95959  
8134.6  0.95912  
8139.0  0.95806  
8143.5  0.95709  
8147.9  0.95734  
8152.4  0.95794  
8156.799999999999  0.95779  
8161.3  0.95705  
8165.700000000001  0.95654  
8170.2  0.95661  
8174.6  0.9564  
8179.099999999999  0.95589  
8183.5  0.95569  
8188.0  0.95534  
8192.4  0.95506  
8196.900000000001  0.95546  
8201.4  0.95575  
8205.800000000001  0.95513  
8210.3  0.95421  
8214.7  0.95364  
8219.199999999999  0.95371  
8223.6  0.95397  
8228.099999999999  0.95388  
8232.5  0.95351  
8237.0  0.95363  
8241.4  0.95385  
8245.9  0.95355  
8250.3  0.95349  
8254.8  0.95395  
8259.3  0.95409  
8263.7  0.95399  
8268.2  0.95481  
8272.6  0.95471  
8277.1  0.95415  
8281.5  0.95508  
8286.0  0.95644  
8290.5  0.95702  
8294.9  0.95644  
8299.400000000001  0.95609  
8303.8  0.95753  
8308.300000000001  0.9592  
8312.8  0.95892  
8317.2  0.95798  
8321.699999999999  0.95868  
8326.1  0.96  
8330.599999999999  0.95979  
8335.1  0.95858  
8339.5  0.95848  
8344.0  0.95936  
8348.4  0.9589  
8352.9  0.95756  
8357.4  0.95756  
8361.8  0.95775  
8366.3  0.95721  
8370.800000000001  0.95683  
8375.2  0.95622  
8379.7  0.95493  
8384.199999999999  0.95371  
8388.6  0.95274  
8393.099999999999  0.95078  
8397.5  0.94776  
8402.0  0.94457  
8406.5  0.94079  
8410.9  0.936  
8415.4  0.92935  
8419.9  0.92171  
8424.3  0.91425  
8428.8  0.90521  
8433.300000000001  0.89334  
8437.7  0.87916  
8442.2  0.86347  
8446.699999999999  0.84603  
8451.1  0.82679  
8455.599999999999  0.80515  
8460.1  0.78034  
8464.6  0.75376  
8469.0  0.72572  
8473.5  0.69549  
8478.0  0.66336  
8482.4  0.63045  
8486.900000000001  0.59677  
8491.4  0.56088  
8495.800000000001  0.52442  
8500.3  0.48908  
8504.8  0.4541  
8509.3  0.41916  
8513.7  0.38538  
8518.2  0.35279  
8522.7  0.32143  
8527.1  0.29214  
8531.6  0.26569  
8536.1  0.24137  
8540.599999999999  0.21871  
8545.0  0.19775  
8549.5  0.17842  
8554.0  0.16134  
8558.5  0.14619  
8562.9  0.13219  
8567.4  0.11955  
8571.900000000001  0.10834  
8576.4  0.09821  
8580.800000000001  0.089  
8585.3  0.08073  
8589.8  0.07312  
8594.3  0.06615  
8598.7  0.06004  
8603.2  0.05477  
8607.7  0.05022  
8612.2  0.04621  
8616.699999999999  0.04247  
8621.1  0.0392  
8625.599999999999  0.03616  
8630.1  0.03343  
8634.6  0.0311  
8639.0  0.02884  
8643.5  0.02687  
8648.0  0.02515  
8652.5  0.02347  
8657.0  0.02168  
8661.4  0.02024  
8665.9  0.01932  
8670.4  0.01832  
8674.9  0.01727  
8679.400000000001  0.01648  
8683.8  0.01566  
8688.300000000001  0.01473  
8692.8  0.01415  
8697.3  0.01371  
8701.8  0.0132  
8706.3  0.01275  
8710.7  0.01217  
8715.2  0.01155  
8719.7  0.0113  
8724.199999999999  0.0112  
8728.7  0.011  
8733.2  0.01077  
8737.6  0.01056  
8742.1  0.01034  
8746.6  0.01026  
8751.1  0.01001  
8755.599999999999  0.00949  
8760.1  0.00921  
8764.6  0.00932  
8769.0  0.00929  
8773.5  0.00936  
8778.0  0.00936  
8782.5  0.00926  
8787.0  0.00912  
8791.5  0.00902  
8796.0  0.00889  

