@MEASUREMENT_RADIUS 27.0 cm
#lambda:
#tr:
#end
6251.799999999999  0.00241  
6256.1  0.0024  
6260.4  0.00244  
6264.700000000001  0.00249  
6269.0  0.00251  
6273.3  0.00243  
6277.6  0.00245  
6281.900000000001  0.00249  
6286.2  0.00247  
6290.5  0.00258  
6294.8  0.00275  
6299.099999999999  0.00266  
6303.400000000001  0.00255  
6307.7  0.00259  
6312.0  0.0027  
6316.3  0.00271  
6320.599999999999  0.00282  
6325.0  0.00295  
6329.299999999999  0.00279  
6333.6  0.00256  
6337.9  0.00262  
6342.200000000001  0.00282  
6346.5  0.0028  
6350.8  0.00279  
6355.1  0.00292  
6359.400000000001  0.00291  
6363.7  0.00284  
6368.099999999999  0.00296  
6372.4  0.00304  
6376.7  0.00297  
6381.0  0.00286  
6385.299999999999  0.00284  
6389.6  0.00293  
6393.9  0.00291  
6398.200000000001  0.00291  
6402.6  0.0031  
6406.900000000001  0.00323  
6411.2  0.00315  
6415.5  0.00308  
6419.8  0.00309  
6424.099999999999  0.00316  
6428.5  0.00317  
6432.799999999999  0.00311  
6437.1  0.00315  
6441.4  0.00322  
6445.700000000001  0.00322  
6450.0  0.00311  
6454.400000000001  0.00304  
6458.7  0.00314  
6463.0  0.0033  
6467.3  0.00327  
6471.599999999999  0.0031  
6476.0  0.00311  
6480.299999999999  0.00319  
6484.6  0.00307  
6488.9  0.00296  
6493.3  0.00306  
6497.6  0.00317  
6501.900000000001  0.0032  
6506.2  0.00316  
6510.5  0.00314  
6514.9  0.00317  
6519.2  0.00313  
6523.5  0.00309  
6527.799999999999  0.00316  
6532.200000000001  0.00328  
6536.5  0.00334  
6540.8  0.00337  
6545.2  0.00336  
6549.5  0.0033  
6553.8  0.00322  
6558.099999999999  0.00338  
6562.5  0.00361  
6566.799999999999  0.00359  
6571.1  0.00346  
6575.5  0.00348  
6579.8  0.00357  
6584.099999999999  0.00359  
6588.400000000001  0.00353  
6592.799999999999  0.00353  
6597.1  0.00369  
6601.4  0.00386  
6605.8  0.00383  
6610.1  0.00386  
6614.400000000001  0.00397  
6618.8  0.00404  
6623.099999999999  0.00405  
6627.4  0.00407  
6631.799999999999  0.00408  
6636.1  0.00414  
6640.4  0.00443  
6644.8  0.00459  
6649.099999999999  0.00449  
6653.5  0.00452  
6657.799999999999  0.00477  
6662.1  0.00496  
6666.5  0.00498  
6670.8  0.00499  
6675.1  0.00525  
6679.5  0.00545  
6683.8  0.00556  
6688.200000000001  0.0057  
6692.5  0.00588  
6696.799999999999  0.00603  
6701.2  0.00619  
6705.5  0.00639  
6709.9  0.00662  
6714.2  0.00675  
6718.5  0.00687  
6722.9  0.00722  
6727.200000000001  0.00761  
6731.599999999999  0.00789  
6735.900000000001  0.00817  
6740.299999999999  0.00845  
6744.6  0.00882  
6748.9  0.00932  
6753.3  0.0097  
6757.6  0.01017  
6762.0  0.01088  
6766.3  0.0116  
6770.700000000001  0.01225  
6775.0  0.01304  
6779.400000000001  0.01385  
6783.7  0.01465  
6788.099999999999  0.01574  
6792.4  0.01705  
6796.799999999999  0.0184  
6801.1  0.01983  
6805.5  0.02149  
6809.8  0.02337  
6814.2  0.02545  
6818.5  0.02775  
6822.9  0.03039  
6827.200000000001  0.03329  
6831.599999999999  0.03646  
6835.900000000001  0.03998  
6840.299999999999  0.04393  
6844.6  0.04828  
6849.0  0.053  
6853.3  0.05813  
6857.7  0.06387  
6862.0  0.07027  
6866.4  0.07733  
6870.700000000001  0.08501  
6875.1  0.09356  
6879.5  0.10306  
6883.8  0.11329  
6888.200000000001  0.12443  
6892.5  0.13704  
6896.900000000001  0.15115  
6901.2  0.1664  
6905.599999999999  0.18297  
6910.0  0.20114  
6914.299999999999  0.22133  
6918.7  0.24349  
6923.0  0.26738  
6927.4  0.29307  
6931.799999999999  0.32095  
6936.1  0.35084  
6940.5  0.38231  
6944.8  0.4154  
6949.2  0.44983  
6953.6  0.4853  
6957.9  0.52198  
6962.3  0.55894  
6966.599999999999  0.59515  
6971.0  0.63102  
6975.4  0.66628  
6979.700000000001  0.70033  
6984.099999999999  0.73264  
6988.5  0.76211  
6992.799999999999  0.78879  
6997.200000000001  0.8133  
7001.599999999999  0.83537  
7005.900000000001  0.855  
7010.299999999999  0.87205  
7014.700000000001  0.88619  
7019.0  0.898  
7023.400000000001  0.90813  
7027.799999999999  0.9171  
7032.1  0.92467  
7036.5  0.93045  
7040.900000000001  0.93543  
7045.2  0.93984  
7049.6  0.94345  
7054.0  0.94672  
7058.3  0.94963  
7062.7  0.95165  
7067.1  0.9533  
7071.5  0.95506  
7075.8  0.95658  
7080.2  0.9575  
7084.6  0.95806  
7088.9  0.9583  
7093.3  0.95844  
7097.7  0.95864  
7102.1  0.95827  
7106.4  0.95768  
7110.8  0.95716  
7115.2  0.95598  
7119.6  0.95495  
7123.9  0.95476  
7128.3  0.95434  
7132.7  0.95305  
7137.1  0.95172  
7141.4  0.9514  
7145.8  0.95152  
7150.2  0.95126  
7154.6  0.95158  
7159.0  0.95248  
7163.3  0.95276  
7167.7  0.95335  
7172.1  0.95499  
7176.5  0.9565  
7180.900000000001  0.95761  
7185.2  0.95905  
7189.6  0.96071  
7194.0  0.96196  
7198.400000000001  0.96296  
7202.799999999999  0.96401  
7207.1  0.96485  
7211.5  0.96529  
7215.900000000001  0.96553  
7220.299999999999  0.9656  
7224.700000000001  0.96572  
7229.099999999999  0.96576  
7233.400000000001  0.96464  
7237.799999999999  0.9632  
7242.200000000001  0.96252  
7246.599999999999  0.96169  
7251.0  0.96049  
7255.4  0.95971  
7259.700000000001  0.95863  
7264.099999999999  0.95717  
7268.5  0.9567  
7272.9  0.95724  
7277.3  0.95712  
7281.7  0.95672  
7286.1  0.95672  
7290.5  0.9568  
7294.9  0.9576  
7299.2  0.95913  
7303.6  0.9606  
7308.0  0.96197  
7312.4  0.96362  
7316.799999999999  0.96474  
7321.2  0.96504  
7325.599999999999  0.96556  
7330.0  0.96679  
7334.400000000001  0.96835  
7338.8  0.96892  
7343.099999999999  0.96834  
7347.5  0.96829  
7351.900000000001  0.96885  
7356.3  0.96861  
7360.700000000001  0.96785  
7365.1  0.96767  
7369.5  0.96722  
7373.9  0.96584  
7378.3  0.96475  
7382.7  0.96418  
7387.1  0.96348  
7391.5  0.96253  
7395.900000000001  0.96162  
7400.299999999999  0.96074  
7404.700000000001  0.96014  
7409.099999999999  0.95969  
7413.5  0.95901  
7417.9  0.9586  
7422.3  0.95863  
7426.7  0.95878  
7431.1  0.95906  
7435.5  0.95895  
7439.9  0.95857  
7444.299999999999  0.95856  
7448.7  0.95868  
7453.099999999999  0.95915  
7457.5  0.95959  
7461.900000000001  0.95966  
7466.3  0.96024  
7470.700000000001  0.96073  
7475.1  0.96031  
7479.5  0.95999  
7483.9  0.96  
7488.3  0.96005  
7492.7  0.96013  
7497.1  0.96019  
7501.5  0.96007  
7505.900000000001  0.96018  
7510.299999999999  0.96039  
7514.700000000001  0.96029  
7519.099999999999  0.9602  
7523.5  0.96049  
7527.9  0.96109  
7532.3  0.9611  
7536.799999999999  0.96064  
7541.2  0.96098  
7545.599999999999  0.96189  
7550.0  0.96233  
7554.400000000001  0.96222  
7558.8  0.96241  
7563.200000000001  0.9632  
7567.6  0.96371  
7572.0  0.96371  
7576.4  0.96356  
7580.8  0.96358  
7585.299999999999  0.96412  
7589.700000000001  0.96459  
7594.099999999999  0.96441  
7598.5  0.9641  
7602.9  0.96421  
7607.3  0.96418  
7611.7  0.96358  
7616.1  0.96336  
7620.599999999999  0.96353  
7625.0  0.96268  
7629.400000000001  0.96084  
7633.8  0.95929  
7638.200000000001  0.95852  
7642.6  0.9578  
7647.0  0.95663  
7651.5  0.95497  
7655.900000000001  0.95267  
7660.299999999999  0.95077  
7664.700000000001  0.94961  
7669.099999999999  0.94844  
7673.5  0.94693  
7678.0  0.94456  
7682.4  0.94243  
7686.799999999999  0.94151  
7691.2  0.94065  
7695.599999999999  0.93899  
7700.0  0.93761  
7704.5  0.93703  
7708.9  0.93631  
7713.3  0.93556  
7717.7  0.93531  
7722.1  0.93553  
7726.599999999999  0.93591  
7731.0  0.93605  
7735.4  0.93664  
7739.8  0.93805  
7744.299999999999  0.93889  
7748.7  0.93935  
7753.099999999999  0.94112  
7757.5  0.94329  
7761.900000000001  0.94459  
7766.4  0.94583  
7770.8  0.94747  
7775.2  0.94933  
7779.6  0.95162  
7784.099999999999  0.9535  
7788.5  0.95518  
7792.9  0.95666  
7797.3  0.95697  
7801.799999999999  0.95746  
7806.2  0.9594  
7810.599999999999  0.96147  
7815.0  0.96222  
7819.5  0.96259  
7823.9  0.96338  
7828.3  0.96371  
7832.799999999999  0.96345  
7837.200000000001  0.96299  
7841.599999999999  0.96291  
7846.0  0.96317  
7850.5  0.96302  
7854.9  0.96227  
7859.299999999999  0.96125  
7863.8  0.96069  
7868.200000000001  0.96059  
7872.6  0.96012  
7877.1  0.95957  
7881.5  0.95883  
7885.900000000001  0.95744  
7890.4  0.9565  
7894.8  0.9563  
7899.2  0.95586  
7903.7  0.95502  
7908.099999999999  0.95351  
7912.5  0.95233  
7917.0  0.95209  
7921.4  0.95165  
7925.8  0.95029  
7930.299999999999  0.94939  
7934.700000000001  0.94977  
7939.099999999999  0.94983  
7943.6  0.94906  
7948.0  0.94791  
7952.4  0.94753  
7956.900000000001  0.94768  
7961.3  0.94722  
7965.700000000001  0.94683  
7970.2  0.94698  
7974.6  0.94739  
7979.099999999999  0.9481  
7983.5  0.94879  
7987.9  0.94917  
7992.4  0.94929  
7996.799999999999  0.95002  
8001.3  0.95162  
8005.700000000001  0.95257  
8010.1  0.95265  
8014.6  0.95345  
8019.0  0.95491  
8023.5  0.95606  
8027.9  0.95733  
8032.3  0.95848  
8036.799999999999  0.95905  
8041.2  0.95982  
8045.700000000001  0.96112  
8050.1  0.96193  
8054.6  0.96201  
8059.0  0.96257  
8063.400000000001  0.96302  
8067.9  0.9626  
8072.3  0.96279  
8076.799999999999  0.96384  
8081.2  0.96367  
8085.700000000001  0.96284  
8090.1  0.9625  
8094.6  0.96276  
8099.0  0.96255  
8103.5  0.96189  
8107.9  0.96153  
8112.3  0.96114  
8116.799999999999  0.96087  
8121.2  0.96123  
8125.700000000001  0.9614  
8130.1  0.96088  
8134.6  0.96046  
8139.0  0.95936  
8143.5  0.95793  
8147.9  0.9581  
8152.4  0.95913  
8156.799999999999  0.95919  
8161.3  0.95827  
8165.700000000001  0.95727  
8170.2  0.95725  
8174.6  0.95779  
8179.099999999999  0.95776  
8183.5  0.95761  
8188.0  0.9571  
8192.4  0.95678  
8196.900000000001  0.95732  
8201.4  0.95718  
8205.800000000001  0.95614  
8210.3  0.95549  
8214.7  0.95516  
8219.199999999999  0.95427  
8223.6  0.95351  
8228.099999999999  0.95383  
8232.5  0.9545  
8237.0  0.95481  
8241.4  0.95406  
8245.9  0.95261  
8250.3  0.95229  
8254.8  0.95308  
8259.3  0.95355  
8263.7  0.95346  
8268.2  0.95396  
8272.6  0.9542  
8277.1  0.95434  
8281.5  0.95493  
8286.0  0.95528  
8290.5  0.95581  
8294.9  0.95607  
8299.400000000001  0.95606  
8303.8  0.95736  
8308.300000000001  0.95856  
8312.8  0.95818  
8317.2  0.95777  
8321.699999999999  0.95859  
8326.1  0.95956  
8330.599999999999  0.9593  
8335.1  0.95883  
8339.5  0.95923  
8344.0  0.95985  
8348.4  0.96013  
8352.9  0.9599  
8357.4  0.95919  
8361.8  0.9587  
8366.3  0.95892  
8370.800000000001  0.95896  
8375.2  0.95816  
8379.7  0.95769  
8384.199999999999  0.95772  
8388.6  0.9569  
8393.099999999999  0.95591  
8397.5  0.95497  
8402.0  0.95292  
8406.5  0.95009  
8410.9  0.9475  
8415.4  0.94403  
8419.9  0.93848  
8424.3  0.93281  
8428.8  0.92785  
8433.300000000001  0.92081  
8437.7  0.9106  
8442.2  0.89875  
8446.699999999999  0.88556  
8451.1  0.8705  
8455.599999999999  0.85359  
8460.1  0.83435  
8464.6  0.81284  
8469.0  0.78925  
8473.5  0.76294  
8478.0  0.73424  
8482.4  0.70425  
8486.900000000001  0.67284  
8491.4  0.6391  
8495.800000000001  0.60415  
8500.3  0.56925  
8504.8  0.534  
8509.3  0.49782  
8513.7  0.46146  
8518.2  0.42634  
8522.7  0.39258  
8527.1  0.35954  
8531.6  0.32816  
8536.1  0.2996  
8540.599999999999  0.27292  
8545.0  0.24739  
8549.5  0.22402  
8554.0  0.20277  
8558.5  0.18309  
8562.9  0.16552  
8567.4  0.15017  
8571.900000000001  0.13611  
8576.4  0.12285  
8580.800000000001  0.11091  
8585.3  0.10052  
8589.8  0.09078  
8594.3  0.08177  
8598.7  0.07396  
8603.2  0.06729  
8607.7  0.06143  
8612.2  0.05598  
8616.699999999999  0.05105  
8621.1  0.04702  
8625.599999999999  0.0435  
8630.1  0.03999  
8634.6  0.03698  
8639.0  0.03442  
8643.5  0.03193  
8648.0  0.02957  
8652.5  0.02748  
8657.0  0.02542  
8661.4  0.02349  
8665.9  0.02198  
8670.4  0.02081  
8674.9  0.01972  
8679.400000000001  0.01869  
8683.8  0.01766  
8688.300000000001  0.01647  
8692.8  0.01533  
8697.3  0.01478  
8701.8  0.01452  
8706.3  0.01412  
8710.7  0.01357  
8715.2  0.0129  
8719.7  0.01239  
8724.199999999999  0.01205  
8728.7  0.01178  
8733.2  0.01143  
8737.6  0.0112  
8742.1  0.01093  
8746.6  0.0106  
8751.1  0.01036  
8755.599999999999  0.01024  
8760.1  0.0101  
8764.6  0.0099  
8769.0  0.00969  
8773.5  0.00962  
8778.0  0.00941  
8782.5  0.00939  
8787.0  0.00934  
8791.5  0.00932  
8796.0  0.0094  

