@MEASUREMENT_RADIUS 28.0 cm
#lambda:
#tr:
#end
6251.799999999999  0.00205  
6256.1  0.00224  
6260.4  0.00222  
6264.700000000001  0.00188  
6269.0  0.00183  
6273.3  0.00209  
6277.6  0.00218  
6281.900000000001  0.00211  
6286.2  0.00204  
6290.5  0.00217  
6294.8  0.00234  
6299.099999999999  0.00227  
6303.400000000001  0.00219  
6307.7  0.00228  
6312.0  0.00238  
6316.3  0.00236  
6320.599999999999  0.00232  
6325.0  0.00226  
6329.299999999999  0.00236  
6333.6  0.00253  
6337.9  0.00254  
6342.200000000001  0.00243  
6346.5  0.0023  
6350.8  0.00234  
6355.1  0.00249  
6359.400000000001  0.0025  
6363.7  0.00241  
6368.099999999999  0.00237  
6372.4  0.00248  
6376.7  0.00259  
6381.0  0.00253  
6385.299999999999  0.00249  
6389.6  0.00256  
6393.9  0.00274  
6398.200000000001  0.00281  
6402.6  0.00255  
6406.900000000001  0.0024  
6411.2  0.00266  
6415.5  0.00282  
6419.8  0.0027  
6424.099999999999  0.00261  
6428.5  0.00259  
6432.799999999999  0.00265  
6437.1  0.00272  
6441.4  0.0027  
6445.700000000001  0.00262  
6450.0  0.00265  
6454.400000000001  0.00276  
6458.7  0.00284  
6463.0  0.00278  
6467.3  0.00265  
6471.599999999999  0.00269  
6476.0  0.00281  
6480.299999999999  0.00282  
6484.6  0.0027  
6488.9  0.00269  
6493.3  0.00278  
6497.6  0.00273  
6501.900000000001  0.00265  
6506.2  0.00269  
6510.5  0.00272  
6514.9  0.00274  
6519.2  0.00281  
6523.5  0.00285  
6527.799999999999  0.00283  
6532.200000000001  0.0028  
6536.5  0.00277  
6540.8  0.00276  
6545.2  0.00285  
6549.5  0.00293  
6553.8  0.00287  
6558.099999999999  0.00291  
6562.5  0.0029  
6566.799999999999  0.00287  
6571.1  0.00301  
6575.5  0.00316  
6579.8  0.00305  
6584.099999999999  0.00292  
6588.400000000001  0.00306  
6592.799999999999  0.00326  
6597.1  0.0033  
6601.4  0.00327  
6605.8  0.00329  
6610.1  0.00334  
6614.400000000001  0.00333  
6618.8  0.00341  
6623.099999999999  0.00355  
6627.4  0.00357  
6631.799999999999  0.00362  
6636.1  0.00363  
6640.4  0.00355  
6644.8  0.00366  
6649.099999999999  0.00388  
6653.5  0.00403  
6657.799999999999  0.00411  
6662.1  0.00402  
6666.5  0.0041  
6670.8  0.00442  
6675.1  0.00464  
6679.5  0.00468  
6683.8  0.0048  
6688.200000000001  0.00483  
6692.5  0.00478  
6696.799999999999  0.00497  
6701.2  0.00536  
6705.5  0.00552  
6709.9  0.00561  
6714.2  0.00587  
6718.5  0.0061  
6722.9  0.00613  
6727.200000000001  0.00619  
6731.599999999999  0.00651  
6735.900000000001  0.00685  
6740.299999999999  0.00714  
6744.6  0.00737  
6748.9  0.0077  
6753.3  0.00819  
6757.6  0.00861  
6762.0  0.00887  
6766.3  0.00927  
6770.700000000001  0.00993  
6775.0  0.0106  
6779.400000000001  0.01127  
6783.7  0.01211  
6788.099999999999  0.01309  
6792.4  0.01408  
6796.799999999999  0.01513  
6801.1  0.0163  
6805.5  0.01759  
6809.8  0.01914  
6814.2  0.02098  
6818.5  0.02291  
6822.9  0.02496  
6827.200000000001  0.02732  
6831.599999999999  0.02988  
6835.900000000001  0.03268  
6840.299999999999  0.03596  
6844.6  0.03954  
6849.0  0.04338  
6853.3  0.0476  
6857.7  0.05225  
6862.0  0.05731  
6866.4  0.06294  
6870.700000000001  0.06936  
6875.1  0.07642  
6879.5  0.08403  
6883.8  0.09242  
6888.200000000001  0.10169  
6892.5  0.11177  
6896.900000000001  0.12295  
6901.2  0.13544  
6905.599999999999  0.14929  
6910.0  0.1644  
6914.299999999999  0.18077  
6918.7  0.19863  
6923.0  0.21838  
6927.4  0.23999  
6931.799999999999  0.26335  
6936.1  0.28813  
6940.5  0.31413  
6944.8  0.34164  
6949.2  0.37073  
6953.6  0.40111  
6957.9  0.43257  
6962.3  0.46414  
6966.599999999999  0.49521  
6971.0  0.52639  
6975.4  0.55744  
6979.700000000001  0.58712  
6984.099999999999  0.61496  
6988.5  0.64133  
6992.799999999999  0.66593  
6997.200000000001  0.68822  
7001.599999999999  0.70809  
7005.900000000001  0.72563  
7010.299999999999  0.74066  
7014.700000000001  0.75382  
7019.0  0.76541  
7023.400000000001  0.77502  
7027.799999999999  0.78323  
7032.1  0.79039  
7036.5  0.79601  
7040.900000000001  0.80046  
7045.2  0.80458  
7049.6  0.80841  
7054.0  0.81146  
7058.3  0.8139  
7062.7  0.81624  
7067.1  0.81791  
7071.5  0.81923  
7075.8  0.8208  
7080.2  0.82164  
7084.6  0.82188  
7088.9  0.82211  
7093.3  0.82239  
7097.7  0.82266  
7102.1  0.8224  
7106.4  0.82175  
7110.8  0.82114  
7115.2  0.82039  
7119.6  0.81946  
7123.9  0.81872  
7128.3  0.8178  
7132.7  0.81671  
7137.1  0.81617  
7141.4  0.81606  
7145.8  0.81612  
7150.2  0.81618  
7154.6  0.8166  
7159.0  0.81764  
7163.3  0.81818  
7167.7  0.81858  
7172.1  0.81965  
7176.5  0.82114  
7180.900000000001  0.82251  
7185.2  0.82362  
7189.6  0.82492  
7194.0  0.82621  
7198.400000000001  0.82716  
7202.799999999999  0.82815  
7207.1  0.82953  
7211.5  0.82988  
7215.900000000001  0.82879  
7220.299999999999  0.82829  
7224.700000000001  0.82886  
7229.099999999999  0.82892  
7233.400000000001  0.82769  
7237.799999999999  0.82658  
7242.200000000001  0.82571  
7246.599999999999  0.8244  
7251.0  0.82359  
7255.4  0.82356  
7259.700000000001  0.82326  
7264.099999999999  0.82213  
7268.5  0.82087  
7272.9  0.82115  
7277.3  0.82202  
7281.7  0.82206  
7286.1  0.8223  
7290.5  0.82304  
7294.9  0.8238  
7299.2  0.82454  
7303.6  0.82551  
7308.0  0.82681  
7312.4  0.82805  
7316.799999999999  0.82879  
7321.2  0.82974  
7325.599999999999  0.83075  
7330.0  0.8315  
7334.400000000001  0.8325  
7338.8  0.83266  
7343.099999999999  0.83229  
7347.5  0.83264  
7351.900000000001  0.83272  
7356.3  0.83184  
7360.700000000001  0.83117  
7365.1  0.83112  
7369.5  0.83093  
7373.9  0.83071  
7378.3  0.83012  
7382.7  0.82864  
7387.1  0.82752  
7391.5  0.82698  
7395.900000000001  0.82671  
7400.299999999999  0.82645  
7404.700000000001  0.82582  
7409.099999999999  0.82491  
7413.5  0.82432  
7417.9  0.8247  
7422.3  0.82546  
7426.7  0.82575  
7431.1  0.82519  
7435.5  0.82464  
7439.9  0.82518  
7444.299999999999  0.82576  
7448.7  0.82547  
7453.099999999999  0.82542  
7457.5  0.82578  
7461.900000000001  0.82597  
7466.3  0.82621  
7470.700000000001  0.82623  
7475.1  0.82576  
7479.5  0.82574  
7483.9  0.82615  
7488.3  0.82619  
7492.7  0.82593  
7497.1  0.82572  
7501.5  0.82554  
7505.900000000001  0.82583  
7510.299999999999  0.82654  
7514.700000000001  0.82681  
7519.099999999999  0.8266  
7523.5  0.82637  
7527.9  0.82681  
7532.3  0.82712  
7536.799999999999  0.82688  
7541.2  0.82689  
7545.599999999999  0.82743  
7550.0  0.82801  
7554.400000000001  0.82785  
7558.8  0.82786  
7563.200000000001  0.82866  
7567.6  0.82921  
7572.0  0.82971  
7576.4  0.83032  
7580.8  0.83047  
7585.299999999999  0.83036  
7589.700000000001  0.83028  
7594.099999999999  0.83031  
7598.5  0.83053  
7602.9  0.83047  
7607.3  0.83008  
7611.7  0.82991  
7616.1  0.82988  
7620.599999999999  0.82964  
7625.0  0.82914  
7629.400000000001  0.82828  
7633.8  0.82728  
7638.200000000001  0.82637  
7642.6  0.82538  
7647.0  0.82393  
7651.5  0.82227  
7655.900000000001  0.82092  
7660.299999999999  0.81982  
7664.700000000001  0.81808  
7669.099999999999  0.81617  
7673.5  0.81492  
7678.0  0.81382  
7682.4  0.81262  
7686.799999999999  0.81114  
7691.2  0.80938  
7695.599999999999  0.80819  
7700.0  0.80771  
7704.5  0.80708  
7708.9  0.80623  
7713.3  0.80568  
7717.7  0.806  
7722.1  0.80651  
7726.599999999999  0.80635  
7731.0  0.80631  
7735.4  0.80689  
7739.8  0.80794  
7744.299999999999  0.80894  
7748.7  0.80987  
7753.099999999999  0.81143  
7757.5  0.81319  
7761.900000000001  0.81422  
7766.4  0.81515  
7770.8  0.81699  
7775.2  0.81902  
7779.6  0.82073  
7784.099999999999  0.82189  
7788.5  0.82295  
7792.9  0.8244  
7797.3  0.82555  
7801.799999999999  0.82643  
7806.2  0.82739  
7810.599999999999  0.82801  
7815.0  0.82891  
7819.5  0.83005  
7823.9  0.83044  
7828.3  0.8305  
7832.799999999999  0.83079  
7837.200000000001  0.831  
7841.599999999999  0.83128  
7846.0  0.83133  
7850.5  0.83073  
7854.9  0.83016  
7859.299999999999  0.82979  
7863.8  0.82926  
7868.200000000001  0.82867  
7872.6  0.82837  
7877.1  0.828  
7881.5  0.82729  
7885.900000000001  0.8265  
7890.4  0.82584  
7894.8  0.82521  
7899.2  0.8242  
7903.7  0.82336  
7908.099999999999  0.8225  
7912.5  0.82155  
7917.0  0.82135  
7921.4  0.82128  
7925.8  0.82031  
7930.299999999999  0.81951  
7934.700000000001  0.8192  
7939.099999999999  0.81865  
7943.6  0.81797  
7948.0  0.81751  
7952.4  0.81753  
7956.900000000001  0.8174  
7961.3  0.81703  
7965.700000000001  0.81667  
7970.2  0.81668  
7974.6  0.81764  
7979.099999999999  0.8186  
7983.5  0.81895  
7987.9  0.81937  
7992.4  0.81986  
7996.799999999999  0.82031  
8001.3  0.8212  
8005.700000000001  0.82255  
8010.1  0.82369  
8014.6  0.82402  
8019.0  0.82422  
8023.5  0.82493  
8027.9  0.82634  
8032.3  0.82778  
8036.799999999999  0.82857  
8041.2  0.82926  
8045.700000000001  0.83003  
8050.1  0.83034  
8054.6  0.83041  
8059.0  0.83124  
8063.400000000001  0.83202  
8067.9  0.83179  
8072.3  0.83165  
8076.799999999999  0.83218  
8081.2  0.83175  
8085.700000000001  0.83097  
8090.1  0.831  
8094.6  0.83132  
8099.0  0.83122  
8103.5  0.8307  
8107.9  0.83059  
8112.3  0.83109  
8116.799999999999  0.83049  
8121.2  0.82953  
8125.700000000001  0.82966  
8130.1  0.82954  
8134.6  0.82914  
8139.0  0.82914  
8143.5  0.82929  
8147.9  0.82924  
8152.4  0.82913  
8156.799999999999  0.82893  
8161.3  0.82837  
8165.700000000001  0.82801  
8170.2  0.8277  
8174.6  0.82725  
8179.099999999999  0.82718  
8183.5  0.82762  
8188.0  0.82775  
8192.4  0.82752  
8196.900000000001  0.82759  
8201.4  0.82732  
8205.800000000001  0.82653  
8210.3  0.82595  
8214.7  0.82542  
8219.199999999999  0.82518  
8223.6  0.82517  
8228.099999999999  0.82527  
8232.5  0.82492  
8237.0  0.82406  
8241.4  0.8238  
8245.9  0.82409  
8250.3  0.82409  
8254.8  0.82367  
8259.3  0.82356  
8263.7  0.82405  
8268.2  0.82463  
8272.6  0.82435  
8277.1  0.82439  
8281.5  0.82529  
8286.0  0.82602  
8290.5  0.82651  
8294.9  0.8265  
8299.400000000001  0.82672  
8303.8  0.82779  
8308.300000000001  0.82857  
8312.8  0.8285  
8317.2  0.82828  
8321.699999999999  0.82907  
8326.1  0.83035  
8330.599999999999  0.83041  
8335.1  0.82944  
8339.5  0.82921  
8344.0  0.83007  
8348.4  0.83036  
8352.9  0.82973  
8357.4  0.82902  
8361.8  0.8293  
8366.3  0.83058  
8370.800000000001  0.83079  
8375.2  0.82994  
8379.7  0.82921  
8384.199999999999  0.82854  
8388.6  0.82752  
8393.099999999999  0.82646  
8397.5  0.82581  
8402.0  0.82471  
8406.5  0.8226  
8410.9  0.82042  
8415.4  0.81764  
8419.9  0.81371  
8424.3  0.80911  
8428.8  0.80405  
8433.300000000001  0.79837  
8437.7  0.79099  
8442.2  0.78114  
8446.699999999999  0.76988  
8451.1  0.75805  
8455.599999999999  0.74488  
8460.1  0.72857  
8464.6  0.70967  
8469.0  0.68951  
8473.5  0.66739  
8478.0  0.64325  
8482.4  0.61785  
8486.900000000001  0.59121  
8491.4  0.56249  
8495.800000000001  0.53202  
8500.3  0.5017  
8504.8  0.47131  
8509.3  0.43971  
8513.7  0.40779  
8518.2  0.37653  
8522.7  0.34653  
8527.1  0.31784  
8531.6  0.29076  
8536.1  0.2651  
8540.599999999999  0.24107  
8545.0  0.21929  
8549.5  0.1991  
8554.0  0.18017  
8558.5  0.16284  
8562.9  0.14691  
8567.4  0.13258  
8571.900000000001  0.12013  
8576.4  0.10905  
8580.800000000001  0.09858  
8585.3  0.08882  
8589.8  0.08016  
8594.3  0.07273  
8598.7  0.06605  
8603.2  0.05979  
8607.7  0.05428  
8612.2  0.04958  
8616.699999999999  0.04541  
8621.1  0.04186  
8625.599999999999  0.03856  
8630.1  0.03545  
8634.6  0.03289  
8639.0  0.03051  
8643.5  0.02814  
8648.0  0.02586  
8652.5  0.02398  
8657.0  0.02239  
8661.4  0.0209  
8665.9  0.01951  
8670.4  0.01832  
8674.9  0.01709  
8679.400000000001  0.01617  
8683.8  0.01543  
8688.300000000001  0.01442  
8692.8  0.01378  
8697.3  0.01329  
8701.8  0.01255  
8706.3  0.01195  
8710.7  0.01165  
8715.2  0.01126  
8719.7  0.01105  
8724.199999999999  0.01095  
8728.7  0.01034  
8733.2  0.00952  
8737.6  0.00946  
8742.1  0.00975  
8746.6  0.0096  
8751.1  0.00914  
8755.599999999999  0.00884  
8760.1  0.00856  
8764.6  0.00839  
8769.0  0.00819  
8773.5  0.00803  
8778.0  0.00807  
8782.5  0.00824  
8787.0  0.00807  
8791.5  0.00778  
8796.0  0.00779  

