3.000000000000000000e+03 8.939999938011169434e-01
3.050000000000000000e+03 8.975999951362609863e-01
3.100000000000000000e+03 8.992000222206115723e-01
3.150000000000000000e+03 9.020000100135803223e-01
3.200000000000000000e+03 9.028000235557556152e-01
3.250000000000000000e+03 9.039999842643737793e-01
3.300000000000000000e+03 9.036999940872192383e-01
3.350000000000000000e+03 9.029999971389770508e-01
3.400000000000000000e+03 9.034000039100646973e-01
3.450000000000000000e+03 9.047999978065490723e-01
3.500000000000000000e+03 9.067000150680541992e-01
3.550000000000000000e+03 9.081000089645385742e-01
3.600000000000000000e+03 9.085999727249145508e-01
3.650000000000000000e+03 9.077000021934509277e-01
3.700000000000000000e+03 9.077000021934509277e-01
3.750000000000000000e+03 9.085000157356262207e-01
3.800000000000000000e+03 9.078999757766723633e-01
3.850000000000000000e+03 9.089000225067138672e-01
3.900000000000000000e+03 9.085000157356262207e-01
3.950000000000000000e+03 9.099000096321105957e-01
4.000000000000000000e+03 9.103999733924865723e-01
4.050000000000000000e+03 9.100999832153320312e-01
4.100000000000000000e+03 9.100000262260437012e-01
4.150000000000000000e+03 9.097999930381774902e-01
4.200000000000000000e+03 9.090999960899353027e-01
4.250000000000000000e+03 9.093999862670898438e-01
4.300000000000000000e+03 9.097999930381774902e-01
4.350000000000000000e+03 9.099000096321105957e-01
4.400000000000000000e+03 9.099000096321105957e-01
4.450000000000000000e+03 9.097999930381774902e-01
4.500000000000000000e+03 9.096000194549560547e-01
4.550000000000000000e+03 9.096000194549560547e-01
4.600000000000000000e+03 9.092000126838684082e-01
4.650000000000000000e+03 9.093000292778015137e-01
4.700000000000000000e+03 9.093000292778015137e-01
4.750000000000000000e+03 9.093000292778015137e-01
4.800000000000000000e+03 9.086999893188476562e-01
4.850000000000000000e+03 9.083999991416931152e-01
4.900000000000000000e+03 9.078000187873840332e-01
4.950000000000000000e+03 9.074000120162963867e-01
5.000000000000000000e+03 9.071999788284301758e-01
5.050000000000000000e+03 9.071000218391418457e-01
5.100000000000000000e+03 9.070000052452087402e-01
5.150000000000000000e+03 9.070000052452087402e-01
5.200000000000000000e+03 9.067000150680541992e-01
5.250000000000000000e+03 9.061999917030334473e-01
5.300000000000000000e+03 9.060999751091003418e-01
5.350000000000000000e+03 9.057999849319458008e-01
5.400000000000000000e+03 9.053999781608581543e-01
5.450000000000000000e+03 9.053999781608581543e-01
5.500000000000000000e+03 9.046999812126159668e-01
5.550000000000000000e+03 9.042999744415283203e-01
5.600000000000000000e+03 9.039000272750854492e-01
5.650000000000000000e+03 9.034000039100646973e-01
5.700000000000000000e+03 9.031000137329101562e-01
5.750000000000000000e+03 9.025999903678894043e-01
5.800000000000000000e+03 9.024000167846679688e-01
5.850000000000000000e+03 9.017999768257141113e-01
5.900000000000000000e+03 9.014000296592712402e-01
5.950000000000000000e+03 9.006000161170959473e-01
6.000000000000000000e+03 9.003000259399414062e-01
6.050000000000000000e+03 8.996999859809875488e-01
6.100000000000000000e+03 8.992999792098999023e-01
6.150000000000000000e+03 8.989999890327453613e-01
6.200000000000000000e+03 8.981999754905700684e-01
6.250000000000000000e+03 8.977000117301940918e-01
6.300000000000000000e+03 8.970999717712402344e-01
6.350000000000000000e+03 8.963000178337097168e-01
6.400000000000000000e+03 8.956000208854675293e-01
6.450000000000000000e+03 8.948000073432922363e-01
6.500000000000000000e+03 8.942000269889831543e-01
6.550000000000000000e+03 8.930000066757202148e-01
6.600000000000000000e+03 8.921999931335449219e-01
6.650000000000000000e+03 8.914999961853027344e-01
6.700000000000000000e+03 8.906000256538391113e-01
6.750000000000000000e+03 8.895999789237976074e-01
6.800000000000000000e+03 8.888000249862670898e-01
6.850000000000000000e+03 8.878999948501586914e-01
6.900000000000000000e+03 8.869000077247619629e-01
6.950000000000000000e+03 8.855999708175659180e-01
7.000000000000000000e+03 8.845000267028808594e-01
7.050000000000000000e+03 8.831999897956848145e-01
7.100000000000000000e+03 8.820000290870666504e-01
7.150000000000000000e+03 8.806999921798706055e-01
7.200000000000000000e+03 8.794999718666076660e-01
7.250000000000000000e+03 8.781999945640563965e-01
7.300000000000000000e+03 8.770999908447265625e-01
7.350000000000000000e+03 8.765000104904174805e-01
7.400000000000000000e+03 8.745999932289123535e-01
7.450000000000000000e+03 8.733999729156494141e-01
7.500000000000000000e+03 8.719000220298767090e-01
7.550000000000000000e+03 8.697999715805053711e-01
7.600000000000000000e+03 8.679999709129333496e-01
7.650000000000000000e+03 8.659999966621398926e-01
7.700000000000000000e+03 8.644000291824340820e-01
7.750000000000000000e+03 8.633999824523925781e-01
7.800000000000000000e+03 8.611000180244445801e-01
7.850000000000000000e+03 8.594999909400939941e-01
7.900000000000000000e+03 8.572999835014343262e-01
7.950000000000000000e+03 8.554999828338623047e-01
8.000000000000000000e+03 8.543999791145324707e-01
8.050000000000000000e+03 8.533999919891357422e-01
8.100000000000000000e+03 8.529000282287597656e-01
8.150000000000000000e+03 8.532999753952026367e-01
8.200000000000000000e+03 8.529999852180480957e-01
8.250000000000000000e+03 8.524000048637390137e-01
8.300000000000000000e+03 8.525000214576721191e-01
8.350000000000000000e+03 8.542000055313110352e-01
8.400000000000000000e+03 8.575000166893005371e-01
8.450000000000000000e+03 8.628000020980834961e-01
8.500000000000000000e+03 8.675000071525573730e-01
8.550000000000000000e+03 8.731999993324279785e-01
8.600000000000000000e+03 8.780000209808349609e-01
8.650000000000000000e+03 8.820999860763549805e-01
8.700000000000000000e+03 8.852999806404113770e-01
8.750000000000000000e+03 8.870000243186950684e-01
8.800000000000000000e+03 8.895000219345092773e-01
8.850000000000000000e+03 8.928999900817871094e-01
8.900000000000000000e+03 8.960999846458435059e-01
8.950000000000000000e+03 8.995000123977661133e-01
9.000000000000000000e+03 9.024000167846679688e-01
9.050000000000000000e+03 9.052000045776367188e-01
9.100000000000000000e+03 9.078999757766723633e-01
9.150000000000000000e+03 9.107000231742858887e-01
9.200000000000000000e+03 9.132000207901000977e-01
9.250000000000000000e+03 9.157000184059143066e-01
9.300000000000000000e+03 9.185000061988830566e-01
9.350000000000000000e+03 9.210000038146972656e-01
9.400000000000000000e+03 9.236000180244445801e-01
9.450000000000000000e+03 9.254000186920166016e-01
9.500000000000000000e+03 9.271000027656555176e-01
9.550000000000000000e+03 9.284999966621398926e-01
9.600000000000000000e+03 9.298999905586242676e-01
9.650000000000000000e+03 9.315000176429748535e-01
9.700000000000000000e+03 9.329000115394592285e-01
9.750000000000000000e+03 9.343000054359436035e-01
9.800000000000000000e+03 9.355000257492065430e-01
9.850000000000000000e+03 9.369000196456909180e-01
9.900000000000000000e+03 9.380000233650207520e-01
9.950000000000000000e+03 9.390000104904174805e-01
1.000000000000000000e+04 9.399999976158142090e-01
1.005000000000000000e+04 9.409999847412109375e-01
1.010000000000000000e+04 9.422000050544738770e-01
1.015000000000000000e+04 9.429000020027160645e-01
1.020000000000000000e+04 9.437999725341796875e-01
1.025000000000000000e+04 9.445999860763549805e-01
1.030000000000000000e+04 9.453999996185302734e-01
1.035000000000000000e+04 9.462000131607055664e-01
1.040000000000000000e+04 9.470000267028808594e-01
1.045000000000000000e+04 9.477999806404113770e-01
1.050000000000000000e+04 9.484999775886535645e-01
1.055000000000000000e+04 9.491000175476074219e-01
1.060000000000000000e+04 9.496999979019165039e-01
1.065000000000000000e+04 9.502999782562255859e-01
1.070000000000000000e+04 9.510999917984008789e-01
1.075000000000000000e+04 9.516999721527099609e-01
1.080000000000000000e+04 9.523000121116638184e-01
1.085000000000000000e+04 9.527000188827514648e-01
1.090000000000000000e+04 9.531999826431274414e-01
1.095000000000000000e+04 9.538000226020812988e-01
1.100000000000000000e+04 9.542000293731689453e-01
1.105000000000000000e+04 9.546999931335449219e-01
1.110000000000000000e+04 9.552999734878540039e-01
1.115000000000000000e+04 9.556999802589416504e-01
1.120000000000000000e+04 9.560999870300292969e-01
1.125000000000000000e+04 9.564999938011169434e-01
1.130000000000000000e+04 9.567999839782714844e-01
1.135000000000000000e+04 9.570999741554260254e-01
1.140000000000000000e+04 9.574999809265136719e-01
1.145000000000000000e+04 9.580000042915344238e-01
1.150000000000000000e+04 9.584000110626220703e-01
1.155000000000000000e+04 9.587000012397766113e-01
1.160000000000000000e+04 9.591000080108642578e-01
1.165000000000000000e+04 9.593999981880187988e-01
1.170000000000000000e+04 9.595999717712402344e-01
1.175000000000000000e+04 9.599000215530395508e-01
1.180000000000000000e+04 9.603000283241271973e-01
1.185000000000000000e+04 9.605000019073486328e-01
1.190000000000000000e+04 9.606000185012817383e-01
1.195000000000000000e+04 9.607999920845031738e-01
1.200000000000000000e+04 9.610000252723693848e-01
1.205000000000000000e+04 9.613000154495239258e-01
1.210000000000000000e+04 9.614999890327453613e-01
1.215000000000000000e+04 9.617999792098999023e-01
1.220000000000000000e+04 9.621000289916992188e-01
1.225000000000000000e+04 9.624000191688537598e-01
1.230000000000000000e+04 9.627000093460083008e-01
1.235000000000000000e+04 9.628999829292297363e-01
1.240000000000000000e+04 9.631000161170959473e-01
1.245000000000000000e+04 9.634000062942504883e-01
1.250000000000000000e+04 9.636999964714050293e-01
1.255000000000000000e+04 9.639000296592712402e-01
1.260000000000000000e+04 9.639000296592712402e-01
1.265000000000000000e+04 9.642000198364257812e-01
1.270000000000000000e+04 9.643999934196472168e-01
1.275000000000000000e+04 9.645000100135803223e-01
1.280000000000000000e+04 9.646000266075134277e-01
1.285000000000000000e+04 9.646999835968017578e-01
1.290000000000000000e+04 9.649999737739562988e-01
1.295000000000000000e+04 9.653000235557556152e-01
1.300000000000000000e+04 9.653999805450439453e-01
1.305000000000000000e+04 9.654999971389770508e-01
1.310000000000000000e+04 9.656999707221984863e-01
1.315000000000000000e+04 9.654999971389770508e-01
1.320000000000000000e+04 9.653999805450439453e-01
1.325000000000000000e+04 9.653000235557556152e-01
1.330000000000000000e+04 9.653000235557556152e-01
1.335000000000000000e+04 9.656000137329101562e-01
1.340000000000000000e+04 9.663000106811523438e-01
1.345000000000000000e+04 9.667999744415283203e-01
1.350000000000000000e+04 9.672999978065490723e-01
1.355000000000000000e+04 9.674999713897705078e-01
1.360000000000000000e+04 9.677000045776367188e-01
1.365000000000000000e+04 9.678000211715698242e-01
1.370000000000000000e+04 9.678000211715698242e-01
1.375000000000000000e+04 9.679999947547912598e-01
1.380000000000000000e+04 9.685999751091003418e-01
1.385000000000000000e+04 9.689999818801879883e-01
1.390000000000000000e+04 9.692999720573425293e-01
1.395000000000000000e+04 9.696000218391418457e-01
1.400000000000000000e+04 9.696999788284301758e-01
1.405000000000000000e+04 9.696000218391418457e-01
1.410000000000000000e+04 9.696000218391418457e-01
1.415000000000000000e+04 9.693999886512756348e-01
1.420000000000000000e+04 9.692999720573425293e-01
1.425000000000000000e+04 9.692999720573425293e-01
1.430000000000000000e+04 9.693999886512756348e-01
1.435000000000000000e+04 9.695000052452087402e-01
1.440000000000000000e+04 9.693999886512756348e-01
1.445000000000000000e+04 9.692999720573425293e-01
1.450000000000000000e+04 9.693999886512756348e-01
1.455000000000000000e+04 9.692999720573425293e-01
1.460000000000000000e+04 9.693999886512756348e-01
1.465000000000000000e+04 9.695000052452087402e-01
1.470000000000000000e+04 9.696999788284301758e-01
1.475000000000000000e+04 9.700000286102294922e-01
1.480000000000000000e+04 9.702000021934509277e-01
1.485000000000000000e+04 9.703999757766723633e-01
1.490000000000000000e+04 9.702000021934509277e-01
1.495000000000000000e+04 9.703000187873840332e-01
1.500000000000000000e+04 9.704999923706054688e-01
1.505000000000000000e+04 9.706000089645385742e-01
1.510000000000000000e+04 9.707999825477600098e-01
1.515000000000000000e+04 9.708999991416931152e-01
1.520000000000000000e+04 9.707999825477600098e-01
1.525000000000000000e+04 9.704999923706054688e-01
1.530000000000000000e+04 9.702000021934509277e-01
1.535000000000000000e+04 9.700000286102294922e-01
1.540000000000000000e+04 9.696999788284301758e-01
1.545000000000000000e+04 9.697999954223632812e-01
1.550000000000000000e+04 9.699000120162963867e-01
1.555000000000000000e+04 9.702000021934509277e-01
1.560000000000000000e+04 9.703000187873840332e-01
1.565000000000000000e+04 9.703999757766723633e-01
1.570000000000000000e+04 9.703999757766723633e-01
1.575000000000000000e+04 9.703000187873840332e-01
1.580000000000000000e+04 9.702000021934509277e-01
1.585000000000000000e+04 9.702000021934509277e-01
1.590000000000000000e+04 9.702000021934509277e-01
1.595000000000000000e+04 9.703000187873840332e-01
1.600000000000000000e+04 9.703999757766723633e-01
1.605000000000000000e+04 9.706000089645385742e-01
1.610000000000000000e+04 9.706000089645385742e-01
1.615000000000000000e+04 9.707999825477600098e-01
1.620000000000000000e+04 9.707999825477600098e-01
1.625000000000000000e+04 9.707000255584716797e-01
1.630000000000000000e+04 9.707999825477600098e-01
1.635000000000000000e+04 9.707999825477600098e-01
1.640000000000000000e+04 9.708999991416931152e-01
1.645000000000000000e+04 9.710999727249145508e-01
1.650000000000000000e+04 9.710999727249145508e-01
1.655000000000000000e+04 9.710999727249145508e-01
1.660000000000000000e+04 9.710999727249145508e-01
1.665000000000000000e+04 9.711999893188476562e-01
1.670000000000000000e+04 9.713000059127807617e-01
1.675000000000000000e+04 9.714000225067138672e-01
1.680000000000000000e+04 9.714999794960021973e-01
1.685000000000000000e+04 9.714999794960021973e-01
1.690000000000000000e+04 9.715999960899353027e-01
1.695000000000000000e+04 9.715999960899353027e-01
1.700000000000000000e+04 9.714000225067138672e-01
1.705000000000000000e+04 9.714000225067138672e-01
1.710000000000000000e+04 9.713000059127807617e-01
1.715000000000000000e+04 9.713000059127807617e-01
1.720000000000000000e+04 9.714000225067138672e-01
1.725000000000000000e+04 9.714000225067138672e-01
1.730000000000000000e+04 9.714000225067138672e-01
1.735000000000000000e+04 9.715999960899353027e-01
1.740000000000000000e+04 9.717000126838684082e-01
1.745000000000000000e+04 9.718000292778015137e-01
1.750000000000000000e+04 9.718999862670898438e-01
1.755000000000000000e+04 9.720000028610229492e-01
1.760000000000000000e+04 9.720000028610229492e-01
1.765000000000000000e+04 9.720000028610229492e-01
1.770000000000000000e+04 9.718999862670898438e-01
1.775000000000000000e+04 9.718999862670898438e-01
1.780000000000000000e+04 9.718999862670898438e-01
1.785000000000000000e+04 9.720000028610229492e-01
1.790000000000000000e+04 9.720000028610229492e-01
1.795000000000000000e+04 9.720000028610229492e-01
1.800000000000000000e+04 9.718999862670898438e-01
1.805000000000000000e+04 9.718000292778015137e-01
1.810000000000000000e+04 9.718000292778015137e-01
1.815000000000000000e+04 9.717000126838684082e-01
1.820000000000000000e+04 9.714000225067138672e-01
1.825000000000000000e+04 9.714999794960021973e-01
1.830000000000000000e+04 9.715999960899353027e-01
1.835000000000000000e+04 9.717000126838684082e-01
1.840000000000000000e+04 9.718000292778015137e-01
1.845000000000000000e+04 9.718999862670898438e-01
1.850000000000000000e+04 9.721000194549560547e-01
1.855000000000000000e+04 9.724000096321105957e-01
1.860000000000000000e+04 9.725999832153320312e-01
1.865000000000000000e+04 9.725999832153320312e-01
1.870000000000000000e+04 9.725000262260437012e-01
1.875000000000000000e+04 9.725999832153320312e-01
1.880000000000000000e+04 9.725999832153320312e-01
1.885000000000000000e+04 9.725999832153320312e-01
1.890000000000000000e+04 9.725999832153320312e-01
1.895000000000000000e+04 9.724000096321105957e-01
1.900000000000000000e+04 9.724000096321105957e-01
1.905000000000000000e+04 9.725999832153320312e-01
1.910000000000000000e+04 9.728000164031982422e-01
1.915000000000000000e+04 9.731000065803527832e-01
1.920000000000000000e+04 9.735000133514404297e-01
1.925000000000000000e+04 9.738000035285949707e-01
1.930000000000000000e+04 9.740999937057495117e-01
1.935000000000000000e+04 9.742000102996826172e-01
1.940000000000000000e+04 9.740999937057495117e-01
1.945000000000000000e+04 9.736999869346618652e-01
1.950000000000000000e+04 9.732000231742858887e-01
1.955000000000000000e+04 9.728999733924865723e-01
1.960000000000000000e+04 9.731000065803527832e-01
1.965000000000000000e+04 9.728999733924865723e-01
1.970000000000000000e+04 9.728000164031982422e-01
1.975000000000000000e+04 9.728000164031982422e-01
1.980000000000000000e+04 9.728000164031982422e-01
1.985000000000000000e+04 9.728999733924865723e-01
1.990000000000000000e+04 9.732000231742858887e-01
1.995000000000000000e+04 9.731000065803527832e-01
2.000000000000000000e+04 9.728999733924865723e-01
2.005000000000000000e+04 9.728000164031982422e-01
2.010000000000000000e+04 9.728999733924865723e-01
2.015000000000000000e+04 9.729999899864196777e-01
2.020000000000000000e+04 9.732000231742858887e-01
2.025000000000000000e+04 9.732000231742858887e-01
2.030000000000000000e+04 9.732999801635742188e-01
2.035000000000000000e+04 9.735000133514404297e-01
2.040000000000000000e+04 9.733999967575073242e-01
2.045000000000000000e+04 9.733999967575073242e-01
2.050000000000000000e+04 9.731000065803527832e-01
2.055000000000000000e+04 9.729999899864196777e-01
2.060000000000000000e+04 9.728000164031982422e-01
2.065000000000000000e+04 9.728000164031982422e-01
2.070000000000000000e+04 9.731000065803527832e-01
2.075000000000000000e+04 9.735000133514404297e-01
2.080000000000000000e+04 9.735000133514404297e-01
2.085000000000000000e+04 9.735999703407287598e-01
2.090000000000000000e+04 9.736999869346618652e-01
2.095000000000000000e+04 9.736999869346618652e-01
2.100000000000000000e+04 9.732999801635742188e-01
2.105000000000000000e+04 9.732000231742858887e-01
2.110000000000000000e+04 9.732999801635742188e-01
2.115000000000000000e+04 9.735999703407287598e-01
2.120000000000000000e+04 9.738000035285949707e-01
2.125000000000000000e+04 9.743999838829040527e-01
2.130000000000000000e+04 9.746000170707702637e-01
2.135000000000000000e+04 9.743000268936157227e-01
2.140000000000000000e+04 9.740999937057495117e-01
2.145000000000000000e+04 9.736999869346618652e-01
2.150000000000000000e+04 9.735000133514404297e-01
2.155000000000000000e+04 9.735999703407287598e-01
2.160000000000000000e+04 9.739000201225280762e-01
2.165000000000000000e+04 9.747999906539916992e-01
2.170000000000000000e+04 9.753000140190124512e-01
2.175000000000000000e+04 9.757999777793884277e-01
2.180000000000000000e+04 9.761000275611877441e-01
2.185000000000000000e+04 9.758999943733215332e-01
2.190000000000000000e+04 9.753000140190124512e-01
2.195000000000000000e+04 9.745000004768371582e-01
2.200000000000000000e+04 9.739999771118164062e-01
2.205000000000000000e+04 9.733999967575073242e-01
2.210000000000000000e+04 9.729999899864196777e-01
2.215000000000000000e+04 9.731000065803527832e-01
2.220000000000000000e+04 9.731000065803527832e-01
2.225000000000000000e+04 9.733999967575073242e-01
2.230000000000000000e+04 9.735000133514404297e-01
2.235000000000000000e+04 9.735999703407287598e-01
2.240000000000000000e+04 9.733999967575073242e-01
2.245000000000000000e+04 9.731000065803527832e-01
2.250000000000000000e+04 9.728000164031982422e-01
2.255000000000000000e+04 9.725999832153320312e-01
2.260000000000000000e+04 9.725999832153320312e-01
2.265000000000000000e+04 9.721000194549560547e-01
2.270000000000000000e+04 9.725000262260437012e-01
2.275000000000000000e+04 9.721999764442443848e-01
2.280000000000000000e+04 9.721000194549560547e-01
2.285000000000000000e+04 9.725000262260437012e-01
2.290000000000000000e+04 9.724000096321105957e-01
2.295000000000000000e+04 9.728999733924865723e-01
2.300000000000000000e+04 9.732000231742858887e-01
2.305000000000000000e+04 9.738000035285949707e-01
2.310000000000000000e+04 9.740999937057495117e-01
2.315000000000000000e+04 9.742000102996826172e-01
2.320000000000000000e+04 9.738000035285949707e-01
2.325000000000000000e+04 9.735999703407287598e-01
2.330000000000000000e+04 9.735000133514404297e-01
2.335000000000000000e+04 9.725999832153320312e-01
2.340000000000000000e+04 9.728999733924865723e-01
2.345000000000000000e+04 9.728000164031982422e-01
2.350000000000000000e+04 9.732000231742858887e-01
2.355000000000000000e+04 9.735000133514404297e-01
2.360000000000000000e+04 9.736999869346618652e-01
2.365000000000000000e+04 9.739999771118164062e-01
2.370000000000000000e+04 9.733999967575073242e-01
2.375000000000000000e+04 9.732000231742858887e-01
2.380000000000000000e+04 9.731000065803527832e-01
2.385000000000000000e+04 9.728000164031982422e-01
2.390000000000000000e+04 9.725000262260437012e-01
2.395000000000000000e+04 9.729999899864196777e-01
2.400000000000000000e+04 9.736999869346618652e-01
2.405000000000000000e+04 9.733999967575073242e-01
2.410000000000000000e+04 9.732000231742858887e-01
2.415000000000000000e+04 9.735999703407287598e-01
2.420000000000000000e+04 9.739000201225280762e-01
2.425000000000000000e+04 9.728999733924865723e-01
2.430000000000000000e+04 9.729999899864196777e-01
2.435000000000000000e+04 9.728999733924865723e-01
2.440000000000000000e+04 9.729999899864196777e-01
2.445000000000000000e+04 9.732999801635742188e-01
2.450000000000000000e+04 9.739999771118164062e-01
2.455000000000000000e+04 9.743000268936157227e-01
2.460000000000000000e+04 9.740999937057495117e-01
2.465000000000000000e+04 9.736999869346618652e-01
2.470000000000000000e+04 9.735000133514404297e-01
2.475000000000000000e+04 9.725000262260437012e-01
2.480000000000000000e+04 9.711999893188476562e-01
2.485000000000000000e+04 9.721999764442443848e-01
2.490000000000000000e+04 9.725000262260437012e-01
2.495000000000000000e+04 9.728999733924865723e-01
2.500000000000000000e+04 9.735000133514404297e-01
2.505000000000000000e+04 9.735999703407287598e-01
2.510000000000000000e+04 9.728999733924865723e-01
2.515000000000000000e+04 9.726999998092651367e-01
2.520000000000000000e+04 9.725000262260437012e-01
2.525000000000000000e+04 9.717000126838684082e-01
2.530000000000000000e+04 9.725999832153320312e-01
2.535000000000000000e+04 9.746000170707702637e-01
2.540000000000000000e+04 9.757999777793884277e-01
2.545000000000000000e+04 9.760000109672546387e-01
2.550000000000000000e+04 9.731000065803527832e-01
2.555000000000000000e+04 9.736999869346618652e-01
2.560000000000000000e+04 9.697999954223632812e-01
2.565000000000000000e+04 9.690999984741210938e-01
2.570000000000000000e+04 9.667999744415283203e-01
2.575000000000000000e+04 9.648000001907348633e-01
2.580000000000000000e+04 9.634000062942504883e-01
2.585000000000000000e+04 9.641000032424926758e-01
2.590000000000000000e+04 9.659000039100646973e-01
2.595000000000000000e+04 9.666000008583068848e-01
2.600000000000000000e+04 9.682999849319458008e-01
