@MEASUREMENT_RADIUS 8.0 cm
#lambda:
#tr:
#end
5003.8  0.00383  
5008.0  0.00394  
5012.099999999999  0.0045  
5016.3  0.00465  
5020.5  0.00414  
5024.700000000001  0.00384  
5028.8  0.00412  
5033.0  0.0044  
5037.200000000001  0.00446  
5041.4  0.00461  
5045.6  0.00481  
5049.8  0.00464  
5053.9  0.00434  
5058.1  0.00422  
5062.3  0.00414  
5066.5  0.00419  
5070.7  0.00434  
5074.9  0.0044  
5079.1  0.00436  
5083.2  0.00424  
5087.4  0.00447  
5091.6  0.00474  
5095.8  0.00452  
5100.0  0.00439  
5104.2  0.00467  
5108.4  0.00494  
5112.6  0.00486  
5116.7  0.00459  
5120.900000000001  0.00464  
5125.1  0.00487  
5129.299999999999  0.00469  
5133.5  0.0044  
5137.7  0.00463  
5141.900000000001  0.00487  
5146.1  0.00475  
5150.299999999999  0.00476  
5154.5  0.00493  
5158.7  0.00489  
5162.9  0.00483  
5167.1  0.00486  
5171.3  0.00468  
5175.4  0.00472  
5179.6  0.00502  
5183.8  0.00514  
5188.0  0.00497  
5192.200000000001  0.00494  
5196.4  0.00514  
5200.599999999999  0.00517  
5204.8  0.00521  
5209.0  0.00533  
5213.200000000001  0.00532  
5217.4  0.0054  
5221.599999999999  0.00571  
5225.8  0.00587  
5230.0  0.00576  
5234.2  0.00562  
5238.400000000001  0.00562  
5242.6  0.00583  
5246.799999999999  0.00607  
5251.0  0.00602  
5255.299999999999  0.00604  
5259.5  0.00639  
5263.7  0.00659  
5267.9  0.00658  
5272.1  0.00666  
5276.3  0.0068  
5280.5  0.00666  
5284.700000000001  0.00669  
5288.9  0.00717  
5293.099999999999  0.00759  
5297.3  0.00758  
5301.5  0.00767  
5305.700000000001  0.00814  
5309.9  0.00855  
5314.2  0.00885  
5318.400000000001  0.00923  
5322.6  0.00984  
5326.799999999999  0.01059  
5331.0  0.01126  
5335.2  0.01192  
5339.400000000001  0.01284  
5343.6  0.01383  
5347.9  0.01477  
5352.1  0.01571  
5356.3  0.01679  
5360.5  0.01813  
5364.700000000001  0.01973  
5368.9  0.02138  
5373.099999999999  0.0232  
5377.4  0.02522  
5381.599999999999  0.02754  
5385.8  0.03068  
5390.0  0.03455  
5394.2  0.0392  
5398.5  0.04493  
5402.7  0.05178  
5406.900000000001  0.06002  
5411.1  0.07006  
5415.299999999999  0.08164  
5419.6  0.09475  
5423.8  0.11013  
5428.0  0.12788  
5432.200000000001  0.14713  
5436.4  0.16793  
5440.700000000001  0.19117  
5444.9  0.21694  
5449.099999999999  0.24511  
5453.3  0.27568  
5457.6  0.30918  
5461.799999999999  0.34645  
5466.0  0.38753  
5470.2  0.43209  
5474.5  0.47976  
5478.7  0.53035  
5482.9  0.58336  
5487.1  0.63714  
5491.4  0.69019  
5495.599999999999  0.74132  
5499.8  0.78934  
5504.099999999999  0.83288  
5508.3  0.8701  
5512.5  0.90054  
5516.799999999999  0.92479  
5521.0  0.94306  
5525.2  0.9559  
5529.400000000001  0.96428  
5533.7  0.9697  
5537.9  0.97382  
5542.1  0.97703  
5546.4  0.9788  
5550.599999999999  0.97946  
5554.8  0.97988  
5559.099999999999  0.98051  
5563.3  0.98131  
5567.6  0.98166  
5571.799999999999  0.98104  
5576.0  0.98054  
5580.299999999999  0.98117  
5584.5  0.98131  
5588.7  0.98006  
5593.0  0.97947  
5597.200000000001  0.97978  
5601.5  0.97959  
5605.700000000001  0.97958  
5609.9  0.98046  
5614.2  0.98087  
5618.400000000001  0.98061  
5622.7  0.98079  
5626.900000000001  0.98069  
5631.1  0.98019  
5635.4  0.98034  
5639.6  0.9808  
5643.9  0.98077  
5648.099999999999  0.98008  
5652.4  0.97933  
5656.599999999999  0.97904  
5660.8  0.97855  
5665.1  0.97758  
5669.299999999999  0.97703  
5673.6  0.97704  
5677.799999999999  0.97685  
5682.1  0.97645  
5686.3  0.97608  
5690.599999999999  0.97568  
5694.8  0.9752  
5699.099999999999  0.97481  
5703.3  0.97484  
5707.6  0.97549  
5711.799999999999  0.97599  
5716.1  0.97555  
5720.299999999999  0.97528  
5724.6  0.97614  
5728.8  0.97754  
5733.099999999999  0.9783  
5737.3  0.97851  
5741.599999999999  0.97931  
5745.8  0.98002  
5750.1  0.97965  
5754.299999999999  0.9796  
5758.6  0.98044  
5762.9  0.98098  
5767.1  0.98092  
5771.4  0.98085  
5775.599999999999  0.98122  
5779.9  0.98128  
5784.099999999999  0.98079  
5788.400000000001  0.98065  
5792.6  0.98046  
5796.900000000001  0.97978  
5801.2  0.9794  
5805.4  0.97985  
5809.700000000001  0.98027  
5813.9  0.98001  
5818.200000000001  0.97978  
5822.5  0.97979  
5826.7  0.9803  
5831.0  0.98121  
5835.2  0.98136  
5839.5  0.98106  
5843.8  0.98142  
5848.0  0.98161  
5852.3  0.9812  
5856.599999999999  0.98083  
5860.8  0.98084  
5865.1  0.98092  
5869.400000000001  0.98009  
5873.6  0.97891  
5877.9  0.97901  
5882.200000000001  0.97922  
5886.4  0.97832  
5890.700000000001  0.97771  
5895.0  0.97777  
5899.2  0.97803  
5903.5  0.97855  
5907.799999999999  0.97891  
5912.0  0.97886  
5916.3  0.97883  
5920.599999999999  0.97936  
5924.8  0.98015  
5929.099999999999  0.98047  
5933.400000000001  0.98075  
5937.7  0.981  
5941.900000000001  0.98042  
5946.2  0.97965  
5950.5  0.97949  
5954.700000000001  0.97926  
5959.0  0.97881  
5963.3  0.97869  
5967.6  0.97896  
5971.799999999999  0.97904  
5976.1  0.97867  
5980.4  0.97845  
5984.700000000001  0.97848  
5989.0  0.97857  
5993.200000000001  0.97884  
5997.5  0.97921  
6001.799999999999  0.97962  
6006.1  0.97992  
6010.299999999999  0.97951  
6014.6  0.97934  
6018.9  0.97998  
6023.200000000001  0.9803  
6027.5  0.98035  
6031.7  0.98067  
6036.0  0.98055  
6040.299999999999  0.97983  
6044.6  0.97915  
6048.9  0.97904  
6053.099999999999  0.97889  
6057.4  0.97802  
6061.7  0.97755  
6066.0  0.9777  
6070.299999999999  0.97729  
6074.6  0.97691  
6078.9  0.97789  
6083.099999999999  0.97942  
6087.4  0.9795  
6091.7  0.97903  
6096.0  0.97956  
6100.299999999999  0.98043  
6104.6  0.98088  
6108.9  0.98107  
6113.099999999999  0.98122  
6117.4  0.98123  
6121.7  0.98081  
6126.0  0.98026  
6130.299999999999  0.97992  
6134.6  0.97951  
6138.9  0.97917  
6143.200000000001  0.97933  
6147.5  0.97925  
6151.799999999999  0.97869  
6156.1  0.97839  
6160.299999999999  0.97846  
6164.6  0.97907  
6168.9  0.97973  
6173.200000000001  0.98014  
6177.5  0.98102  
6181.799999999999  0.9816  
6186.1  0.98141  
6190.4  0.98144  
6194.700000000001  0.98195  
6199.0  0.98237  
6203.3  0.98226  
6207.6  0.98179  
6211.900000000001  0.98137  
6216.2  0.98102  
6220.5  0.9808  
6224.8  0.98073  
6229.099999999999  0.98077  
6233.400000000001  0.98053  
6237.7  0.98035  
6242.0  0.98097  
6246.3  0.98153  
6250.599999999999  0.98104  
6254.9  0.9805  
6259.2  0.98077  
6263.5  0.9808  
6267.799999999999  0.98005  
6272.1  0.97948  
6276.4  0.9796  
6280.700000000001  0.97974  
6285.0  0.97964  
6289.299999999999  0.9794  
6293.6  0.979  
6297.9  0.97856  
6302.200000000001  0.97822  
6306.5  0.97844  
6310.8  0.97943  
6315.1  0.9801  
6319.400000000001  0.97974  
6323.8  0.97974  
6328.099999999999  0.98083  
6332.4  0.98146  
6336.7  0.98135  
6341.0  0.98089  
6345.299999999999  0.97984  
6349.6  0.97956  
6353.9  0.98053  
6358.200000000001  0.98049  
6362.5  0.97897  
6366.900000000001  0.97816  
6371.2  0.97821  
6375.5  0.97796  
6379.8  0.97751  
6384.099999999999  0.97708  
6388.400000000001  0.97708  
6392.7  0.97793  
6397.0  0.97875  
6401.4  0.97923  
6405.700000000001  0.9796  
6410.0  0.97982  
6414.299999999999  0.98002  
6418.6  0.98025  
6422.9  0.9806  
6427.3  0.98081  
6431.599999999999  0.98089  
6435.900000000001  0.98103  
6440.2  0.98116  
6444.5  0.98095  
6448.8  0.98048  
6453.200000000001  0.9801  
6457.5  0.9798  
6461.799999999999  0.97999  
6466.1  0.98089  
6470.4  0.98098  
6474.8  0.98005  
6479.099999999999  0.9799  
6483.400000000001  0.98074  
6487.7  0.98122  
6492.1  0.98125  
6496.4  0.98162  
6500.700000000001  0.98209  
6505.0  0.9823  
6509.299999999999  0.98243  
6513.7  0.98289  
6518.0  0.98335  
6522.3  0.98306  
6526.599999999999  0.98264  
6531.0  0.98323  
6535.299999999999  0.98382  
6539.6  0.9836  
6544.0  0.98333  
6548.3  0.98331  
6552.6  0.98326  
6556.900000000001  0.98317  
6561.3  0.98302  
6565.599999999999  0.98331  
6569.9  0.98383  
6574.299999999999  0.9835  
6578.6  0.98268  
6582.9  0.98217  
6587.200000000001  0.982  
6591.599999999999  0.98231  
6595.900000000001  0.98274  
6600.2  0.98248  
6604.6  0.98175  
6608.9  0.98154  
6613.200000000001  0.98231  
6617.6  0.98304  
6621.900000000001  0.98296  
6626.2  0.98285  
6630.599999999999  0.98295  
6634.9  0.98288  
6639.2  0.98334  
6643.6  0.98381  
6647.9  0.98325  
6652.3  0.98266  
6656.599999999999  0.98241  
6660.900000000001  0.982  
6665.299999999999  0.98156  
6669.6  0.98103  
6673.9  0.9807  
6678.3  0.98061  
6682.6  0.98076  
6687.0  0.98068  
6691.3  0.98027  
6695.599999999999  0.98019  
6700.0  0.98047  
6704.299999999999  0.98089  
6708.7  0.98126  
6713.0  0.98126  
6717.3  0.9816  
6721.7  0.98228  
6726.0  0.98226  
6730.4  0.98172  
6734.700000000001  0.98172  
6739.099999999999  0.98214  
6743.400000000001  0.98202  
6747.7  0.98116  
6752.1  0.98059  
6756.4  0.98115  
6760.8  0.98212  
6765.1  0.98226  
6769.5  0.98171  
6773.8  0.98133  
6778.200000000001  0.98121  
6782.5  0.98125  
6786.900000000001  0.98155  
6791.2  0.98223  
6795.599999999999  0.98306  
6799.9  0.98318  
6804.299999999999  0.98285  
6808.6  0.9826  
6813.0  0.98192  
6817.3  0.98171  
6821.7  0.98266  
6826.0  0.98337  
6830.4  0.98268  
6834.700000000001  0.98206  
6839.099999999999  0.98232  
6843.400000000001  0.98248  
6847.799999999999  0.98246  
6852.1  0.9825  
6856.5  0.98228  
6860.8  0.98207  
6865.2  0.98236  
6869.5  0.98279  
6873.9  0.98266  
6878.3  0.98213  
6882.6  0.98169  
6887.0  0.98063  
6891.3  0.97875  
6895.700000000001  0.97676  
6900.0  0.97362  
6904.400000000001  0.96797  
6908.8  0.96048  
6913.099999999999  0.95225  
6917.5  0.94229  
6921.799999999999  0.92866  
6926.2  0.91165  
6930.599999999999  0.89215  
6934.9  0.86992  
6939.299999999999  0.84479  
6943.6  0.81682  
6948.0  0.78584  
6952.4  0.7527  
6956.7  0.71833  
6961.1  0.68212  
6965.4  0.64399  
6969.8  0.60536  
6974.2  0.56722  
6978.5  0.52888  
6982.9  0.49033  
6987.3  0.45254  
6991.599999999999  0.41536  
6996.0  0.37844  
7000.4  0.34224  
7004.700000000001  0.30714  
7009.099999999999  0.2733  
7013.5  0.24074  
7017.799999999999  0.20974  
7022.200000000001  0.18112  
7026.599999999999  0.15522  
7030.900000000001  0.13196  
7035.299999999999  0.11165  
7039.700000000001  0.09439  
7044.0  0.08003  
7048.400000000001  0.0681  
7052.799999999999  0.05809  
7057.1  0.04987  
7061.5  0.04323  
7065.900000000001  0.03791  
7070.299999999999  0.03352  
7074.6  0.02981  
7079.0  0.0268  
7083.400000000001  0.02428  
7087.7  0.02219  
7092.1  0.02043  
7096.5  0.01885  
7100.900000000001  0.01749  
7105.2  0.01632  
7109.6  0.01517  
7114.0  0.01404  
7118.400000000001  0.01307  
7122.7  0.01225  
7127.1  0.01143  
7131.5  0.01065  
7135.900000000001  0.0099  
7140.2  0.00912  
7144.6  0.00843  
7149.0  0.00784  
7153.400000000001  0.00721  
7157.799999999999  0.00663  
7162.1  0.00614  
7166.5  0.00575  
7170.900000000001  0.00541  
7175.299999999999  0.00509  
7179.700000000001  0.00479  
7184.0  0.00442  
7188.400000000001  0.00412  
7192.799999999999  0.00401  
7197.200000000001  0.00388  
7201.599999999999  0.0037  
7205.900000000001  0.00356  
7210.299999999999  0.00347  
7214.700000000001  0.00342  
7219.099999999999  0.00338  
7223.5  0.00337  
7227.9  0.00337  
7232.200000000001  0.00332  
7236.599999999999  0.00323  
7241.0  0.00314  
7245.4  0.00309  
7249.8  0.00314  
7254.2  0.00313  
7258.5  0.00308  
7262.9  0.00314  
7267.3  0.00317  
7271.7  0.00302  
7276.1  0.00282  
7280.5  0.00277  
7284.9  0.00286  
7289.299999999999  0.0029  
7293.7  0.00292  
7298.0  0.00293  
7302.4  0.00284  
7306.799999999999  0.0027  
7311.2  0.00266  
7315.599999999999  0.00271  
7320.0  0.00267  
7324.400000000001  0.00263  
7328.8  0.0027  
7333.200000000001  0.00268  
7337.6  0.00253  
7341.900000000001  0.00241  
7346.3  0.00241  
7350.700000000001  0.00244  
7355.1  0.00245  
7359.5  0.00239  
7363.9  0.0025  
7368.3  0.00269  
7372.7  0.0026  
7377.1  0.00247  
7381.5  0.00239  
7385.900000000001  0.00239  
7390.299999999999  0.00257  
7394.700000000001  0.00259  
7399.099999999999  0.00232  

