@MEASUREMENT_RADIUS 7.0 cm
#lambda:
#tr:
#end
5003.8  0.00385  
5008.0  0.00379  
5012.099999999999  0.00384  
5016.3  0.00381  
5020.5  0.00381  
5024.700000000001  0.00404  
5028.8  0.00398  
5033.0  0.00369  
5037.200000000001  0.00391  
5041.4  0.00438  
5045.6  0.00446  
5049.8  0.00429  
5053.9  0.00425  
5058.1  0.00415  
5062.3  0.00415  
5066.5  0.00446  
5070.7  0.00444  
5074.9  0.00418  
5079.1  0.00429  
5083.2  0.00443  
5087.4  0.0044  
5091.6  0.00447  
5095.8  0.00434  
5100.0  0.00414  
5104.2  0.00416  
5108.4  0.00424  
5112.6  0.00425  
5116.7  0.00448  
5120.900000000001  0.00474  
5125.1  0.00476  
5129.299999999999  0.00464  
5133.5  0.0047  
5137.7  0.00484  
5141.900000000001  0.00474  
5146.1  0.00468  
5150.299999999999  0.0048  
5154.5  0.00484  
5158.7  0.00482  
5162.9  0.00488  
5167.1  0.00502  
5171.3  0.00504  
5175.4  0.00511  
5179.6  0.00525  
5183.8  0.00529  
5188.0  0.00518  
5192.200000000001  0.00505  
5196.4  0.00495  
5200.599999999999  0.00495  
5204.8  0.00509  
5209.0  0.00536  
5213.200000000001  0.00558  
5217.4  0.00544  
5221.599999999999  0.00519  
5225.8  0.00527  
5230.0  0.00568  
5234.2  0.00583  
5238.400000000001  0.0057  
5242.6  0.0056  
5246.799999999999  0.00583  
5251.0  0.00626  
5255.299999999999  0.00641  
5259.5  0.00623  
5263.7  0.00626  
5267.9  0.00658  
5272.1  0.00681  
5276.3  0.0068  
5280.5  0.00683  
5284.700000000001  0.00714  
5288.9  0.00747  
5293.099999999999  0.00777  
5297.3  0.00786  
5301.5  0.00798  
5305.700000000001  0.00827  
5309.9  0.00856  
5314.2  0.00891  
5318.400000000001  0.00932  
5322.6  0.00989  
5326.799999999999  0.0107  
5331.0  0.01162  
5335.2  0.01254  
5339.400000000001  0.01344  
5343.6  0.01412  
5347.9  0.01474  
5352.1  0.01577  
5356.3  0.01713  
5360.5  0.01845  
5364.700000000001  0.0196  
5368.9  0.02106  
5373.099999999999  0.02311  
5377.4  0.02541  
5381.599999999999  0.02788  
5385.8  0.03081  
5390.0  0.03459  
5394.2  0.03957  
5398.5  0.04559  
5402.7  0.0525  
5406.900000000001  0.06054  
5411.1  0.07024  
5415.299999999999  0.08185  
5419.6  0.09542  
5423.8  0.1109  
5428.0  0.1281  
5432.200000000001  0.14697  
5436.4  0.16797  
5440.700000000001  0.19149  
5444.9  0.21733  
5449.099999999999  0.24523  
5453.3  0.27584  
5457.6  0.30989  
5461.799999999999  0.34743  
5466.0  0.38865  
5470.2  0.43332  
5474.5  0.48089  
5478.7  0.53133  
5482.9  0.58456  
5487.1  0.63871  
5491.4  0.69188  
5495.599999999999  0.74318  
5499.8  0.79095  
5504.099999999999  0.8343  
5508.3  0.87222  
5512.5  0.90258  
5516.799999999999  0.925  
5521.0  0.94201  
5525.2  0.95566  
5529.400000000001  0.96507  
5533.7  0.97009  
5537.9  0.97336  
5542.1  0.97648  
5546.4  0.97862  
5550.599999999999  0.97949  
5554.8  0.98016  
5559.099999999999  0.98103  
5563.3  0.98155  
5567.6  0.98152  
5571.799999999999  0.98099  
5576.0  0.9804  
5580.299999999999  0.98037  
5584.5  0.98038  
5588.7  0.98003  
5593.0  0.97958  
5597.200000000001  0.97953  
5601.5  0.97954  
5605.700000000001  0.97916  
5609.9  0.97958  
5614.2  0.9805  
5618.400000000001  0.98053  
5622.7  0.98013  
5626.900000000001  0.98031  
5631.1  0.981  
5635.4  0.98079  
5639.6  0.98021  
5643.9  0.98028  
5648.099999999999  0.97991  
5652.4  0.97904  
5656.599999999999  0.97875  
5660.8  0.97874  
5665.1  0.97789  
5669.299999999999  0.97683  
5673.6  0.97685  
5677.799999999999  0.97729  
5682.1  0.97675  
5686.3  0.97576  
5690.599999999999  0.97536  
5694.8  0.97521  
5699.099999999999  0.97499  
5703.3  0.97463  
5707.6  0.97458  
5711.799999999999  0.97527  
5716.1  0.9754  
5720.299999999999  0.97501  
5724.6  0.97601  
5728.8  0.97802  
5733.099999999999  0.9787  
5737.3  0.97838  
5741.599999999999  0.97862  
5745.8  0.97955  
5750.1  0.9801  
5754.299999999999  0.98017  
5758.6  0.98011  
5762.9  0.98009  
5767.1  0.98053  
5771.4  0.98098  
5775.599999999999  0.98134  
5779.9  0.98112  
5784.099999999999  0.98014  
5788.400000000001  0.97969  
5792.6  0.97988  
5796.900000000001  0.97972  
5801.2  0.97955  
5805.4  0.97981  
5809.700000000001  0.97971  
5813.9  0.97917  
5818.200000000001  0.97932  
5822.5  0.97998  
5826.7  0.98012  
5831.0  0.98017  
5835.2  0.98067  
5839.5  0.98129  
5843.8  0.98188  
5848.0  0.98185  
5852.3  0.98162  
5856.599999999999  0.98158  
5860.8  0.98101  
5865.1  0.97978  
5869.400000000001  0.97892  
5873.6  0.97891  
5877.9  0.97917  
5882.200000000001  0.97932  
5886.4  0.979  
5890.700000000001  0.97828  
5895.0  0.97804  
5899.2  0.97827  
5903.5  0.97848  
5907.799999999999  0.97863  
5912.0  0.97857  
5916.3  0.97855  
5920.599999999999  0.97928  
5924.8  0.98031  
5929.099999999999  0.98062  
5933.400000000001  0.9808  
5937.7  0.98093  
5941.900000000001  0.98016  
5946.2  0.97922  
5950.5  0.97902  
5954.700000000001  0.97932  
5959.0  0.97919  
5963.3  0.9784  
5967.6  0.97801  
5971.799999999999  0.97823  
5976.1  0.97833  
5980.4  0.97833  
5984.700000000001  0.97866  
5989.0  0.97928  
5993.200000000001  0.97922  
5997.5  0.97862  
6001.799999999999  0.97896  
6006.1  0.97986  
6010.299999999999  0.97992  
6014.6  0.97968  
6018.9  0.97997  
6023.200000000001  0.98036  
6027.5  0.98056  
6031.7  0.98071  
6036.0  0.98079  
6040.299999999999  0.9805  
6044.6  0.9794  
6048.9  0.97844  
6053.099999999999  0.97841  
6057.4  0.97863  
6061.7  0.97851  
6066.0  0.97791  
6070.299999999999  0.97748  
6074.6  0.97753  
6078.9  0.97787  
6083.099999999999  0.97855  
6087.4  0.97886  
6091.7  0.97929  
6096.0  0.98023  
6100.299999999999  0.98033  
6104.6  0.98011  
6108.9  0.98101  
6113.099999999999  0.98193  
6117.4  0.98163  
6121.7  0.98046  
6126.0  0.97949  
6130.299999999999  0.97925  
6134.6  0.97942  
6138.9  0.98004  
6143.200000000001  0.98045  
6147.5  0.97958  
6151.799999999999  0.97805  
6156.1  0.97789  
6160.299999999999  0.97874  
6164.6  0.97916  
6168.9  0.97942  
6173.200000000001  0.98009  
6177.5  0.981  
6181.799999999999  0.98138  
6186.1  0.98134  
6190.4  0.98178  
6194.700000000001  0.98212  
6199.0  0.98179  
6203.3  0.9817  
6207.6  0.98192  
6211.900000000001  0.98172  
6216.2  0.98147  
6220.5  0.98117  
6224.8  0.98072  
6229.099999999999  0.98067  
6233.400000000001  0.98052  
6237.7  0.98008  
6242.0  0.98041  
6246.3  0.98145  
6250.599999999999  0.9817  
6254.9  0.98078  
6259.2  0.98016  
6263.5  0.9804  
6267.799999999999  0.98016  
6272.1  0.97946  
6276.4  0.97959  
6280.700000000001  0.97981  
6285.0  0.97955  
6289.299999999999  0.97924  
6293.6  0.97873  
6297.9  0.97847  
6302.200000000001  0.97845  
6306.5  0.97853  
6310.8  0.97909  
6315.1  0.97953  
6319.400000000001  0.97948  
6323.8  0.98003  
6328.099999999999  0.98094  
6332.4  0.9811  
6336.7  0.98076  
6341.0  0.98044  
6345.299999999999  0.97993  
6349.6  0.97951  
6353.9  0.97971  
6358.200000000001  0.9796  
6362.5  0.97873  
6366.900000000001  0.97802  
6371.2  0.97778  
6375.5  0.97754  
6379.8  0.97719  
6384.099999999999  0.97696  
6388.400000000001  0.9771  
6392.7  0.97754  
6397.0  0.97825  
6401.4  0.97914  
6405.700000000001  0.97948  
6410.0  0.97955  
6414.299999999999  0.97998  
6418.6  0.98021  
6422.9  0.98036  
6427.3  0.98077  
6431.599999999999  0.98112  
6435.900000000001  0.98092  
6440.2  0.98049  
6444.5  0.98044  
6448.8  0.98047  
6453.200000000001  0.98006  
6457.5  0.97966  
6461.799999999999  0.97948  
6466.1  0.97969  
6470.4  0.98022  
6474.8  0.98033  
6479.099999999999  0.98024  
6483.400000000001  0.98063  
6487.7  0.98086  
6492.1  0.98088  
6496.4  0.9814  
6500.700000000001  0.98184  
6505.0  0.98182  
6509.299999999999  0.98203  
6513.7  0.98259  
6518.0  0.98278  
6522.3  0.98264  
6526.599999999999  0.98272  
6531.0  0.98333  
6535.299999999999  0.98344  
6539.6  0.98279  
6544.0  0.98284  
6548.3  0.98348  
6552.6  0.98346  
6556.900000000001  0.98325  
6561.3  0.98334  
6565.599999999999  0.98334  
6569.9  0.98323  
6574.299999999999  0.98318  
6578.6  0.98297  
6582.9  0.98233  
6587.200000000001  0.98179  
6591.599999999999  0.98195  
6595.900000000001  0.98229  
6600.2  0.98235  
6604.6  0.98228  
6608.9  0.98214  
6613.200000000001  0.98217  
6617.6  0.98249  
6621.900000000001  0.98302  
6626.2  0.98325  
6630.599999999999  0.98318  
6634.9  0.98312  
6639.2  0.98325  
6643.6  0.98315  
6647.9  0.9826  
6652.3  0.98237  
6656.599999999999  0.98239  
6660.900000000001  0.98191  
6665.299999999999  0.98115  
6669.6  0.98102  
6673.9  0.98131  
6678.3  0.98102  
6682.6  0.98039  
6687.0  0.98012  
6691.3  0.98032  
6695.599999999999  0.98039  
6700.0  0.98027  
6704.299999999999  0.98045  
6708.7  0.98075  
6713.0  0.98105  
6717.3  0.98178  
6721.7  0.98231  
6726.0  0.98198  
6730.4  0.98169  
6734.700000000001  0.98206  
6739.099999999999  0.98219  
6743.400000000001  0.9818  
6747.7  0.98136  
6752.1  0.98132  
6756.4  0.98188  
6760.8  0.98182  
6765.1  0.98092  
6769.5  0.98065  
6773.8  0.98116  
6778.200000000001  0.98153  
6782.5  0.98153  
6786.900000000001  0.98163  
6791.2  0.98216  
6795.599999999999  0.98254  
6799.9  0.98235  
6804.299999999999  0.98213  
6808.6  0.98211  
6813.0  0.98199  
6817.3  0.98229  
6821.7  0.98287  
6826.0  0.98307  
6830.4  0.98272  
6834.700000000001  0.98223  
6839.099999999999  0.98184  
6843.400000000001  0.98188  
6847.799999999999  0.98246  
6852.1  0.98257  
6856.5  0.98203  
6860.8  0.98168  
6865.2  0.98179  
6869.5  0.98223  
6873.9  0.98229  
6878.3  0.98146  
6882.6  0.98087  
6887.0  0.98037  
6891.3  0.97859  
6895.700000000001  0.9758  
6900.0  0.97238  
6904.400000000001  0.96746  
6908.8  0.96037  
6913.099999999999  0.95147  
6917.5  0.94094  
6921.799999999999  0.92747  
6926.2  0.91069  
6930.599999999999  0.8911  
6934.9  0.86811  
6939.299999999999  0.84222  
6943.6  0.8146  
6948.0  0.78412  
6952.4  0.75061  
6956.7  0.71566  
6961.1  0.67928  
6965.4  0.64124  
6969.8  0.60213  
6974.2  0.56327  
6978.5  0.52512  
6982.9  0.48696  
6987.3  0.44908  
6991.599999999999  0.41201  
6996.0  0.37535  
7000.4  0.33893  
7004.700000000001  0.30354  
7009.099999999999  0.26991  
7013.5  0.23788  
7017.799999999999  0.2074  
7022.200000000001  0.17885  
7026.599999999999  0.15287  
7030.900000000001  0.12995  
7035.299999999999  0.11021  
7039.700000000001  0.09325  
7044.0  0.07871  
7048.400000000001  0.06663  
7052.799999999999  0.05691  
7057.1  0.04914  
7061.5  0.04272  
7065.900000000001  0.03736  
7070.299999999999  0.03294  
7074.6  0.02935  
7079.0  0.02636  
7083.400000000001  0.02393  
7087.7  0.02198  
7092.1  0.02032  
7096.5  0.01876  
7100.900000000001  0.01733  
7105.2  0.01614  
7109.6  0.01501  
7114.0  0.01395  
7118.400000000001  0.013  
7122.7  0.01213  
7127.1  0.01124  
7131.5  0.01039  
7135.900000000001  0.00961  
7140.2  0.00891  
7144.6  0.00828  
7149.0  0.00772  
7153.400000000001  0.0072  
7157.799999999999  0.00662  
7162.1  0.00594  
7166.5  0.00537  
7170.900000000001  0.00519  
7175.299999999999  0.00517  
7179.700000000001  0.00486  
7184.0  0.0044  
7188.400000000001  0.00415  
7192.799999999999  0.00398  
7197.200000000001  0.00374  
7201.599999999999  0.0036  
7205.900000000001  0.00359  
7210.299999999999  0.00359  
7214.700000000001  0.00361  
7219.099999999999  0.00355  
7223.5  0.00334  
7227.9  0.00318  
7232.200000000001  0.00317  
7236.599999999999  0.00317  
7241.0  0.00308  
7245.4  0.00302  
7249.8  0.00298  
7254.2  0.003  
7258.5  0.00306  
7262.9  0.00308  
7267.3  0.00304  
7271.7  0.00299  
7276.1  0.00298  
7280.5  0.00293  
7284.9  0.00286  
7289.299999999999  0.00281  
7293.7  0.00276  
7298.0  0.00276  
7302.4  0.00295  
7306.799999999999  0.00302  
7311.2  0.00282  
7315.599999999999  0.00271  
7320.0  0.00271  
7324.400000000001  0.00265  
7328.8  0.00258  
7333.200000000001  0.00259  
7337.6  0.00258  
7341.900000000001  0.0026  
7346.3  0.00268  
7350.700000000001  0.00266  
7355.1  0.0026  
7359.5  0.00255  
7363.9  0.00248  
7368.3  0.00245  
7372.7  0.00253  
7377.1  0.00273  
7381.5  0.0028  
7385.900000000001  0.00266  
7390.299999999999  0.0024  
7394.700000000001  0.0023  
7399.099999999999  0.00253  

