@MEASUREMENT_RADIUS 3.0 cm
#lambda:
#tr:
#end
5003.8  0.00396  
5008.0  0.00425  
5012.099999999999  0.00422  
5016.3  0.00418  
5020.5  0.00423  
5024.700000000001  0.00434  
5028.8  0.00422  
5033.0  0.00376  
5037.200000000001  0.00366  
5041.4  0.00412  
5045.6  0.00457  
5049.8  0.00459  
5053.9  0.00441  
5058.1  0.0043  
5062.3  0.00439  
5066.5  0.00452  
5070.7  0.00452  
5074.9  0.00453  
5079.1  0.00454  
5083.2  0.00446  
5087.4  0.0044  
5091.6  0.00444  
5095.8  0.00445  
5100.0  0.00438  
5104.2  0.00456  
5108.4  0.00472  
5112.6  0.00449  
5116.7  0.00429  
5120.900000000001  0.00435  
5125.1  0.00446  
5129.299999999999  0.00456  
5133.5  0.00466  
5137.7  0.00469  
5141.900000000001  0.00459  
5146.1  0.00449  
5150.299999999999  0.00464  
5154.5  0.00483  
5158.7  0.00486  
5162.9  0.00479  
5167.1  0.00486  
5171.3  0.00506  
5175.4  0.00499  
5179.6  0.0048  
5183.8  0.00489  
5188.0  0.00505  
5192.200000000001  0.00511  
5196.4  0.00518  
5200.599999999999  0.00532  
5204.8  0.00523  
5209.0  0.00504  
5213.200000000001  0.00512  
5217.4  0.0054  
5221.599999999999  0.00553  
5225.8  0.00553  
5230.0  0.00555  
5234.2  0.0057  
5238.400000000001  0.00586  
5242.6  0.00584  
5246.799999999999  0.00592  
5251.0  0.00621  
5255.299999999999  0.00631  
5259.5  0.00616  
5263.7  0.00624  
5267.9  0.00657  
5272.1  0.00666  
5276.3  0.00659  
5280.5  0.00686  
5284.700000000001  0.00737  
5288.9  0.00756  
5293.099999999999  0.00738  
5297.3  0.0074  
5301.5  0.00781  
5305.700000000001  0.00833  
5309.9  0.00863  
5314.2  0.00886  
5318.400000000001  0.00931  
5322.6  0.00993  
5326.799999999999  0.01048  
5331.0  0.01104  
5335.2  0.01192  
5339.400000000001  0.01304  
5343.6  0.01394  
5347.9  0.01482  
5352.1  0.0158  
5356.3  0.01683  
5360.5  0.01819  
5364.700000000001  0.01977  
5368.9  0.02122  
5373.099999999999  0.0227  
5377.4  0.02455  
5381.599999999999  0.02707  
5385.8  0.03046  
5390.0  0.03438  
5394.2  0.03867  
5398.5  0.04394  
5402.7  0.05067  
5406.900000000001  0.0588  
5411.1  0.06878  
5415.299999999999  0.08058  
5419.6  0.09357  
5423.8  0.10814  
5428.0  0.125  
5432.200000000001  0.14408  
5436.4  0.16496  
5440.700000000001  0.18781  
5444.9  0.21307  
5449.099999999999  0.24059  
5453.3  0.2706  
5457.6  0.30384  
5461.799999999999  0.3409  
5466.0  0.38191  
5470.2  0.42656  
5474.5  0.47443  
5478.7  0.52455  
5482.9  0.57648  
5487.1  0.63039  
5491.4  0.68476  
5495.599999999999  0.73688  
5499.8  0.78475  
5504.099999999999  0.82822  
5508.3  0.8667  
5512.5  0.89795  
5516.799999999999  0.92177  
5521.0  0.93978  
5525.2  0.95356  
5529.400000000001  0.96292  
5533.7  0.96793  
5537.9  0.97145  
5542.1  0.97515  
5546.4  0.97771  
5550.599999999999  0.97856  
5554.8  0.97887  
5559.099999999999  0.97956  
5563.3  0.98033  
5567.6  0.98068  
5571.799999999999  0.98073  
5576.0  0.9808  
5580.299999999999  0.98039  
5584.5  0.97964  
5588.7  0.97949  
5593.0  0.97971  
5597.200000000001  0.97952  
5601.5  0.97872  
5605.700000000001  0.97859  
5609.9  0.97989  
5614.2  0.98053  
5618.400000000001  0.97999  
5622.7  0.98001  
5626.900000000001  0.98048  
5631.1  0.98013  
5635.4  0.97921  
5639.6  0.97928  
5643.9  0.98014  
5648.099999999999  0.97961  
5652.4  0.9786  
5656.599999999999  0.97902  
5660.8  0.97905  
5665.1  0.97756  
5669.299999999999  0.97645  
5673.6  0.97649  
5677.799999999999  0.9764  
5682.1  0.97585  
5686.3  0.97541  
5690.599999999999  0.97507  
5694.8  0.97484  
5699.099999999999  0.97454  
5703.3  0.97449  
5707.6  0.97491  
5711.799999999999  0.97512  
5716.1  0.97469  
5720.299999999999  0.97444  
5724.6  0.9753  
5728.8  0.97688  
5733.099999999999  0.97802  
5737.3  0.97835  
5741.599999999999  0.97846  
5745.8  0.97897  
5750.1  0.97946  
5754.299999999999  0.98003  
5758.6  0.98046  
5762.9  0.98024  
5767.1  0.98016  
5771.4  0.98037  
5775.599999999999  0.98043  
5779.9  0.98041  
5784.099999999999  0.98017  
5788.400000000001  0.9799  
5792.6  0.97987  
5796.900000000001  0.97953  
5801.2  0.97849  
5805.4  0.97807  
5809.700000000001  0.97911  
5813.9  0.97995  
5818.200000000001  0.97977  
5822.5  0.97952  
5826.7  0.97974  
5831.0  0.98037  
5835.2  0.98125  
5839.5  0.98166  
5843.8  0.98122  
5848.0  0.98065  
5852.3  0.98055  
5856.599999999999  0.9805  
5860.8  0.98012  
5865.1  0.97954  
5869.400000000001  0.97946  
5873.6  0.9796  
5877.9  0.97922  
5882.200000000001  0.97859  
5886.4  0.97818  
5890.700000000001  0.97812  
5895.0  0.9779  
5899.2  0.97752  
5903.5  0.97784  
5907.799999999999  0.97864  
5912.0  0.97873  
5916.3  0.97848  
5920.599999999999  0.97911  
5924.8  0.98007  
5929.099999999999  0.98025  
5933.400000000001  0.97998  
5937.7  0.97985  
5941.900000000001  0.97954  
5946.2  0.97905  
5950.5  0.9789  
5954.700000000001  0.97919  
5959.0  0.97899  
5963.3  0.97824  
5967.6  0.978  
5971.799999999999  0.97791  
5976.1  0.97775  
5980.4  0.97792  
5984.700000000001  0.9778  
5989.0  0.97791  
5993.200000000001  0.9785  
5997.5  0.97872  
6001.799999999999  0.97861  
6006.1  0.97901  
6010.299999999999  0.97948  
6014.6  0.97964  
6018.9  0.97978  
6023.200000000001  0.97991  
6027.5  0.9798  
6031.7  0.97948  
6036.0  0.97956  
6040.299999999999  0.97979  
6044.6  0.97936  
6048.9  0.97839  
6053.099999999999  0.97761  
6057.4  0.97736  
6061.7  0.97724  
6066.0  0.97724  
6070.299999999999  0.97723  
6074.6  0.97705  
6078.9  0.97733  
6083.099999999999  0.97828  
6087.4  0.97876  
6091.7  0.97885  
6096.0  0.97932  
6100.299999999999  0.97962  
6104.6  0.97979  
6108.9  0.98039  
6113.099999999999  0.98077  
6117.4  0.98056  
6121.7  0.9801  
6126.0  0.97966  
6130.299999999999  0.97952  
6134.6  0.97929  
6138.9  0.97867  
6143.200000000001  0.97822  
6147.5  0.97816  
6151.799999999999  0.9783  
6156.1  0.97844  
6160.299999999999  0.97844  
6164.6  0.97855  
6168.9  0.97881  
6173.200000000001  0.97929  
6177.5  0.98014  
6181.799999999999  0.98074  
6186.1  0.98072  
6190.4  0.98105  
6194.700000000001  0.98191  
6199.0  0.98208  
6203.3  0.98132  
6207.6  0.98057  
6211.900000000001  0.98031  
6216.2  0.98064  
6220.5  0.98101  
6224.8  0.98083  
6229.099999999999  0.98056  
6233.400000000001  0.98046  
6237.7  0.98048  
6242.0  0.98052  
6246.3  0.98039  
6250.599999999999  0.98032  
6254.9  0.97999  
6259.2  0.98014  
6263.5  0.98078  
6267.799999999999  0.98014  
6272.1  0.97906  
6276.4  0.979  
6280.700000000001  0.97925  
6285.0  0.97949  
6289.299999999999  0.9792  
6293.6  0.97822  
6297.9  0.97782  
6302.200000000001  0.97839  
6306.5  0.97871  
6310.8  0.97841  
6315.1  0.97852  
6319.400000000001  0.97941  
6323.8  0.98023  
6328.099999999999  0.98063  
6332.4  0.98054  
6336.7  0.9801  
6341.0  0.97997  
6345.299999999999  0.97976  
6349.6  0.97945  
6353.9  0.97944  
6358.200000000001  0.97927  
6362.5  0.97858  
6366.900000000001  0.97795  
6371.2  0.97775  
6375.5  0.9773  
6379.8  0.97696  
6384.099999999999  0.97697  
6388.400000000001  0.97682  
6392.7  0.97701  
6397.0  0.97786  
6401.4  0.97885  
6405.700000000001  0.97908  
6410.0  0.97892  
6414.299999999999  0.97899  
6418.6  0.97925  
6422.9  0.97999  
6427.3  0.98074  
6431.599999999999  0.98073  
6435.900000000001  0.9801  
6440.2  0.97979  
6444.5  0.98001  
6448.8  0.97997  
6453.200000000001  0.97964  
6457.5  0.97937  
6461.799999999999  0.97903  
6466.1  0.97909  
6470.4  0.97971  
6474.8  0.97999  
6479.099999999999  0.97977  
6483.400000000001  0.97989  
6487.7  0.98049  
6492.1  0.98094  
6496.4  0.98136  
6500.700000000001  0.98176  
6505.0  0.98176  
6509.299999999999  0.98167  
6513.7  0.9823  
6518.0  0.98279  
6522.3  0.9821  
6526.599999999999  0.9815  
6531.0  0.9821  
6535.299999999999  0.98274  
6539.6  0.98299  
6544.0  0.9832  
6548.3  0.98323  
6552.6  0.98291  
6556.900000000001  0.98239  
6561.3  0.98229  
6565.599999999999  0.98256  
6569.9  0.98287  
6574.299999999999  0.98306  
6578.6  0.98279  
6582.9  0.98181  
6587.200000000001  0.98105  
6591.599999999999  0.98184  
6595.900000000001  0.98273  
6600.2  0.9825  
6604.6  0.98216  
6608.9  0.98203  
6613.200000000001  0.98182  
6617.6  0.98182  
6621.900000000001  0.98239  
6626.2  0.98299  
6630.599999999999  0.98328  
6634.9  0.98341  
6639.2  0.98338  
6643.6  0.98295  
6647.9  0.98243  
6652.3  0.98224  
6656.599999999999  0.98181  
6660.900000000001  0.98124  
6665.299999999999  0.98117  
6669.6  0.98114  
6673.9  0.98046  
6678.3  0.97969  
6682.6  0.97974  
6687.0  0.98006  
6691.3  0.98029  
6695.599999999999  0.98049  
6700.0  0.98049  
6704.299999999999  0.98053  
6708.7  0.98076  
6713.0  0.98096  
6717.3  0.98144  
6721.7  0.98206  
6726.0  0.98206  
6730.4  0.98155  
6734.700000000001  0.98139  
6739.099999999999  0.98146  
6743.400000000001  0.98132  
6747.7  0.98093  
6752.1  0.98073  
6756.4  0.98123  
6760.8  0.98162  
6765.1  0.98107  
6769.5  0.98067  
6773.8  0.98118  
6778.200000000001  0.98135  
6782.5  0.98108  
6786.900000000001  0.98138  
6791.2  0.98199  
6795.599999999999  0.98229  
6799.9  0.9822  
6804.299999999999  0.98208  
6808.6  0.98198  
6813.0  0.98161  
6817.3  0.98178  
6821.7  0.98234  
6826.0  0.98231  
6830.4  0.9822  
6834.700000000001  0.9824  
6839.099999999999  0.982  
6843.400000000001  0.98127  
6847.799999999999  0.98114  
6852.1  0.98155  
6856.5  0.98174  
6860.8  0.98132  
6865.2  0.98085  
6869.5  0.98132  
6873.9  0.9822  
6878.3  0.98222  
6882.6  0.98143  
6887.0  0.98047  
6891.3  0.979  
6895.700000000001  0.97646  
6900.0  0.97277  
6904.400000000001  0.9682  
6908.8  0.96235  
6913.099999999999  0.95404  
6917.5  0.94323  
6921.799999999999  0.92997  
6926.2  0.91378  
6930.599999999999  0.8944  
6934.9  0.87208  
6939.299999999999  0.84732  
6943.6  0.81994  
6948.0  0.78911  
6952.4  0.75525  
6956.7  0.72009  
6961.1  0.68362  
6965.4  0.64546  
6969.8  0.60654  
6974.2  0.56788  
6978.5  0.52926  
6982.9  0.49056  
6987.3  0.45251  
6991.599999999999  0.41547  
6996.0  0.37898  
7000.4  0.34271  
7004.700000000001  0.30742  
7009.099999999999  0.27385  
7013.5  0.24174  
7017.799999999999  0.21107  
7022.200000000001  0.18212  
7026.599999999999  0.15565  
7030.900000000001  0.1325  
7035.299999999999  0.11264  
7039.700000000001  0.09538  
7044.0  0.08041  
7048.400000000001  0.06796  
7052.799999999999  0.05789  
7057.1  0.04981  
7061.5  0.04318  
7065.900000000001  0.03778  
7070.299999999999  0.03342  
7074.6  0.02981  
7079.0  0.02671  
7083.400000000001  0.02398  
7087.7  0.02187  
7092.1  0.02032  
7096.5  0.01885  
7100.900000000001  0.01741  
7105.2  0.01616  
7109.6  0.01499  
7114.0  0.0139  
7118.400000000001  0.01294  
7122.7  0.01215  
7127.1  0.01144  
7131.5  0.01068  
7135.900000000001  0.00988  
7140.2  0.00915  
7144.6  0.00844  
7149.0  0.00773  
7153.400000000001  0.00718  
7157.799999999999  0.00675  
7162.1  0.00619  
7166.5  0.00564  
7170.900000000001  0.00532  
7175.299999999999  0.00502  
7179.700000000001  0.00466  
7184.0  0.00439  
7188.400000000001  0.00417  
7192.799999999999  0.00385  
7197.200000000001  0.00371  
7201.599999999999  0.00379  
7205.900000000001  0.00372  
7210.299999999999  0.00354  
7214.700000000001  0.00347  
7219.099999999999  0.00341  
7223.5  0.00325  
7227.9  0.00323  
7232.200000000001  0.00333  
7236.599999999999  0.00329  
7241.0  0.00317  
7245.4  0.00312  
7249.8  0.00306  
7254.2  0.00302  
7258.5  0.00307  
7262.9  0.00311  
7267.3  0.00301  
7271.7  0.00294  
7276.1  0.00295  
7280.5  0.00292  
7284.9  0.00285  
7289.299999999999  0.00285  
7293.7  0.0029  
7298.0  0.00283  
7302.4  0.00265  
7306.799999999999  0.00256  
7311.2  0.00265  
7315.599999999999  0.00278  
7320.0  0.00278  
7324.400000000001  0.00272  
7328.8  0.00273  
7333.200000000001  0.00263  
7337.6  0.00255  
7341.900000000001  0.00267  
7346.3  0.00275  
7350.700000000001  0.00266  
7355.1  0.00259  
7359.5  0.00259  
7363.9  0.00251  
7368.3  0.00258  
7372.7  0.00279  
7377.1  0.00266  
7381.5  0.00247  
7385.900000000001  0.0025  
7390.299999999999  0.0025  
7394.700000000001  0.00246  
7399.099999999999  0.00239  

