@MEASUREMENT_RADIUS 5.0 cm
#lambda:
#tr:
#end
5003.8  0.00405  
5008.0  0.00399  
5012.099999999999  0.00404  
5016.3  0.00403  
5020.5  0.00409  
5024.700000000001  0.0041  
5028.8  0.00404  
5033.0  0.00427  
5037.200000000001  0.00437  
5041.4  0.00414  
5045.6  0.00414  
5049.8  0.00437  
5053.9  0.00436  
5058.1  0.00423  
5062.3  0.0041  
5066.5  0.00409  
5070.7  0.00422  
5074.9  0.0045  
5079.1  0.0048  
5083.2  0.00486  
5087.4  0.00461  
5091.6  0.00427  
5095.8  0.00424  
5100.0  0.00435  
5104.2  0.00434  
5108.4  0.00457  
5112.6  0.0047  
5116.7  0.00442  
5120.900000000001  0.00437  
5125.1  0.00463  
5129.299999999999  0.00471  
5133.5  0.00456  
5137.7  0.00474  
5141.900000000001  0.00492  
5146.1  0.00474  
5150.299999999999  0.00467  
5154.5  0.00479  
5158.7  0.00477  
5162.9  0.00496  
5167.1  0.00532  
5171.3  0.00521  
5175.4  0.00479  
5179.6  0.00454  
5183.8  0.00454  
5188.0  0.0048  
5192.200000000001  0.00521  
5196.4  0.00534  
5200.599999999999  0.00522  
5204.8  0.00535  
5209.0  0.00544  
5213.200000000001  0.00535  
5217.4  0.00542  
5221.599999999999  0.00557  
5225.8  0.00557  
5230.0  0.00571  
5234.2  0.00595  
5238.400000000001  0.00604  
5242.6  0.00611  
5246.799999999999  0.00606  
5251.0  0.0059  
5255.299999999999  0.00605  
5259.5  0.00641  
5263.7  0.0066  
5267.9  0.00655  
5272.1  0.0064  
5276.3  0.00652  
5280.5  0.00686  
5284.700000000001  0.00717  
5288.9  0.00726  
5293.099999999999  0.00727  
5297.3  0.00753  
5301.5  0.00794  
5305.700000000001  0.00823  
5309.9  0.00838  
5314.2  0.00865  
5318.400000000001  0.00928  
5322.6  0.01008  
5326.799999999999  0.01074  
5331.0  0.01145  
5335.2  0.01223  
5339.400000000001  0.01294  
5343.6  0.0138  
5347.9  0.01501  
5352.1  0.01622  
5356.3  0.01731  
5360.5  0.0184  
5364.700000000001  0.01974  
5368.9  0.0216  
5373.099999999999  0.02371  
5377.4  0.02557  
5381.599999999999  0.02768  
5385.8  0.03068  
5390.0  0.03472  
5394.2  0.03966  
5398.5  0.04556  
5402.7  0.05256  
5406.900000000001  0.06087  
5411.1  0.07081  
5415.299999999999  0.08246  
5419.6  0.09572  
5423.8  0.11083  
5428.0  0.12817  
5432.200000000001  0.1476  
5436.4  0.16884  
5440.700000000001  0.19192  
5444.9  0.2172  
5449.099999999999  0.24528  
5453.3  0.27617  
5457.6  0.31002  
5461.799999999999  0.34729  
5466.0  0.38802  
5470.2  0.43257  
5474.5  0.48102  
5478.7  0.53209  
5482.9  0.58495  
5487.1  0.63885  
5491.4  0.69237  
5495.599999999999  0.74367  
5499.8  0.79083  
5504.099999999999  0.83341  
5508.3  0.87112  
5512.5  0.90179  
5516.799999999999  0.92473  
5521.0  0.94235  
5525.2  0.95595  
5529.400000000001  0.96455  
5533.7  0.96921  
5537.9  0.97282  
5542.1  0.97587  
5546.4  0.97763  
5550.599999999999  0.97857  
5554.8  0.9796  
5559.099999999999  0.98061  
5563.3  0.9807  
5567.6  0.98055  
5571.799999999999  0.98097  
5576.0  0.981  
5580.299999999999  0.98041  
5584.5  0.97992  
5588.7  0.97968  
5593.0  0.97969  
5597.200000000001  0.97978  
5601.5  0.97986  
5605.700000000001  0.97975  
5609.9  0.97967  
5614.2  0.98007  
5618.400000000001  0.98056  
5622.7  0.98079  
5626.900000000001  0.98062  
5631.1  0.9804  
5635.4  0.98019  
5639.6  0.97984  
5643.9  0.98006  
5648.099999999999  0.9799  
5652.4  0.97893  
5656.599999999999  0.97856  
5660.8  0.97827  
5665.1  0.97719  
5669.299999999999  0.97635  
5673.6  0.97638  
5677.799999999999  0.97653  
5682.1  0.97624  
5686.3  0.97558  
5690.599999999999  0.97501  
5694.8  0.97457  
5699.099999999999  0.97432  
5703.3  0.97473  
5707.6  0.97515  
5711.799999999999  0.97492  
5716.1  0.97467  
5720.299999999999  0.97523  
5724.6  0.97658  
5728.8  0.97766  
5733.099999999999  0.978  
5737.3  0.97817  
5741.599999999999  0.97876  
5745.8  0.97944  
5750.1  0.97964  
5754.299999999999  0.97999  
5758.6  0.98084  
5762.9  0.98079  
5767.1  0.97994  
5771.4  0.9797  
5775.599999999999  0.98002  
5779.9  0.98046  
5784.099999999999  0.98056  
5788.400000000001  0.98028  
5792.6  0.9798  
5796.900000000001  0.97919  
5801.2  0.97908  
5805.4  0.97955  
5809.700000000001  0.97966  
5813.9  0.9794  
5818.200000000001  0.97965  
5822.5  0.98011  
5826.7  0.98024  
5831.0  0.98025  
5835.2  0.98049  
5839.5  0.98109  
5843.8  0.9815  
5848.0  0.98141  
5852.3  0.98134  
5856.599999999999  0.9812  
5860.8  0.98048  
5865.1  0.97972  
5869.400000000001  0.97968  
5873.6  0.9797  
5877.9  0.97927  
5882.200000000001  0.97879  
5886.4  0.97863  
5890.700000000001  0.97862  
5895.0  0.97808  
5899.2  0.97731  
5903.5  0.97731  
5907.799999999999  0.97842  
5912.0  0.97955  
5916.3  0.97927  
5920.599999999999  0.97859  
5924.8  0.97902  
5929.099999999999  0.97972  
5933.400000000001  0.98017  
5937.7  0.98022  
5941.900000000001  0.97918  
5946.2  0.97838  
5950.5  0.97886  
5954.700000000001  0.97919  
5959.0  0.9788  
5963.3  0.97836  
5967.6  0.97831  
5971.799999999999  0.97836  
5976.1  0.97813  
5980.4  0.97783  
5984.700000000001  0.97781  
5989.0  0.97862  
5993.200000000001  0.97918  
5997.5  0.97882  
6001.799999999999  0.97868  
6006.1  0.9791  
6010.299999999999  0.97965  
6014.6  0.9801  
6018.9  0.98011  
6023.200000000001  0.97993  
6027.5  0.97998  
6031.7  0.98041  
6036.0  0.98061  
6040.299999999999  0.97984  
6044.6  0.97891  
6048.9  0.97845  
6053.099999999999  0.97829  
6057.4  0.97805  
6061.7  0.9775  
6066.0  0.97697  
6070.299999999999  0.97703  
6074.6  0.97731  
6078.9  0.97779  
6083.099999999999  0.97865  
6087.4  0.97913  
6091.7  0.97942  
6096.0  0.97982  
6100.299999999999  0.97982  
6104.6  0.98008  
6108.9  0.98089  
6113.099999999999  0.98134  
6117.4  0.98099  
6121.7  0.98046  
6126.0  0.9802  
6130.299999999999  0.97999  
6134.6  0.97956  
6138.9  0.97908  
6143.200000000001  0.97885  
6147.5  0.97861  
6151.799999999999  0.97805  
6156.1  0.9777  
6160.299999999999  0.97801  
6164.6  0.97897  
6168.9  0.97969  
6173.200000000001  0.97989  
6177.5  0.98043  
6181.799999999999  0.98103  
6186.1  0.98127  
6190.4  0.98168  
6194.700000000001  0.98198  
6199.0  0.98177  
6203.3  0.9819  
6207.6  0.98187  
6211.900000000001  0.98103  
6216.2  0.9809  
6220.5  0.98145  
6224.8  0.98132  
6229.099999999999  0.98105  
6233.400000000001  0.98078  
6237.7  0.98029  
6242.0  0.98028  
6246.3  0.98074  
6250.599999999999  0.98118  
6254.9  0.98113  
6259.2  0.98061  
6263.5  0.98003  
6267.799999999999  0.9794  
6272.1  0.97928  
6276.4  0.97982  
6280.700000000001  0.9798  
6285.0  0.97923  
6289.299999999999  0.97867  
6293.6  0.9783  
6297.9  0.97838  
6302.200000000001  0.97821  
6306.5  0.97817  
6310.8  0.97899  
6315.1  0.97986  
6319.400000000001  0.97992  
6323.8  0.9798  
6328.099999999999  0.98038  
6332.4  0.98107  
6336.7  0.98089  
6341.0  0.98025  
6345.299999999999  0.98008  
6349.6  0.98016  
6353.9  0.97968  
6358.200000000001  0.97889  
6362.5  0.97845  
6366.900000000001  0.97824  
6371.2  0.9778  
6375.5  0.97741  
6379.8  0.97751  
6384.099999999999  0.97751  
6388.400000000001  0.97725  
6392.7  0.97748  
6397.0  0.97811  
6401.4  0.9787  
6405.700000000001  0.9791  
6410.0  0.97969  
6414.299999999999  0.98008  
6418.6  0.97994  
6422.9  0.9803  
6427.3  0.98097  
6431.599999999999  0.98096  
6435.900000000001  0.98035  
6440.2  0.97982  
6444.5  0.97981  
6448.8  0.98012  
6453.200000000001  0.98012  
6457.5  0.97969  
6461.799999999999  0.97941  
6466.1  0.97975  
6470.4  0.97983  
6474.8  0.97943  
6479.099999999999  0.97975  
6483.400000000001  0.98041  
6487.7  0.98047  
6492.1  0.98045  
6496.4  0.98102  
6500.700000000001  0.98178  
6505.0  0.98199  
6509.299999999999  0.9818  
6513.7  0.98212  
6518.0  0.98276  
6522.3  0.98278  
6526.599999999999  0.98244  
6531.0  0.98282  
6535.299999999999  0.98309  
6539.6  0.98291  
6544.0  0.98307  
6548.3  0.98334  
6552.6  0.98317  
6556.900000000001  0.98297  
6561.3  0.98297  
6565.599999999999  0.98282  
6569.9  0.98275  
6574.299999999999  0.98302  
6578.6  0.98328  
6582.9  0.98262  
6587.200000000001  0.98174  
6591.599999999999  0.98171  
6595.900000000001  0.98173  
6600.2  0.98184  
6604.6  0.98241  
6608.9  0.98247  
6613.200000000001  0.98191  
6617.6  0.98192  
6621.900000000001  0.98249  
6626.2  0.98275  
6630.599999999999  0.98279  
6634.9  0.98293  
6639.2  0.98298  
6643.6  0.98281  
6647.9  0.98264  
6652.3  0.98268  
6656.599999999999  0.98253  
6660.900000000001  0.98201  
6665.299999999999  0.98127  
6669.6  0.9809  
6673.9  0.98088  
6678.3  0.98043  
6682.6  0.97984  
6687.0  0.97969  
6691.3  0.97997  
6695.599999999999  0.98027  
6700.0  0.98033  
6704.299999999999  0.98055  
6708.7  0.98086  
6713.0  0.98096  
6717.3  0.98137  
6721.7  0.98185  
6726.0  0.98167  
6730.4  0.98151  
6734.700000000001  0.98166  
6739.099999999999  0.98172  
6743.400000000001  0.9816  
6747.7  0.9813  
6752.1  0.9813  
6756.4  0.98175  
6760.8  0.98162  
6765.1  0.9809  
6769.5  0.98121  
6773.8  0.98197  
6778.200000000001  0.98188  
6782.5  0.98151  
6786.900000000001  0.98169  
6791.2  0.98248  
6795.599999999999  0.98276  
6799.9  0.98226  
6804.299999999999  0.98214  
6808.6  0.98226  
6813.0  0.98177  
6817.3  0.98159  
6821.7  0.98235  
6826.0  0.98283  
6830.4  0.98215  
6834.700000000001  0.98146  
6839.099999999999  0.98155  
6843.400000000001  0.982  
6847.799999999999  0.98265  
6852.1  0.98283  
6856.5  0.98215  
6860.8  0.98167  
6865.2  0.98163  
6869.5  0.98178  
6873.9  0.98218  
6878.3  0.98216  
6882.6  0.98127  
6887.0  0.98003  
6891.3  0.97863  
6895.700000000001  0.97617  
6900.0  0.97242  
6904.400000000001  0.96758  
6908.8  0.96082  
6913.099999999999  0.9518  
6917.5  0.94085  
6921.799999999999  0.92711  
6926.2  0.90988  
6930.599999999999  0.88986  
6934.9  0.86749  
6939.299999999999  0.84239  
6943.6  0.81398  
6948.0  0.78226  
6952.4  0.74837  
6956.7  0.7134  
6961.1  0.67731  
6965.4  0.63957  
6969.8  0.60025  
6974.2  0.56079  
6978.5  0.52239  
6982.9  0.48457  
6987.3  0.4466  
6991.599999999999  0.40922  
6996.0  0.37271  
7000.4  0.33671  
7004.700000000001  0.30187  
7009.099999999999  0.26862  
7013.5  0.23657  
7017.799999999999  0.20568  
7022.200000000001  0.17685  
7026.599999999999  0.15116  
7030.900000000001  0.12872  
7035.299999999999  0.10907  
7039.700000000001  0.09209  
7044.0  0.07789  
7048.400000000001  0.0662  
7052.799999999999  0.05648  
7057.1  0.04846  
7061.5  0.04208  
7065.900000000001  0.03702  
7070.299999999999  0.03276  
7074.6  0.02923  
7079.0  0.02632  
7083.400000000001  0.0238  
7087.7  0.02171  
7092.1  0.01998  
7096.5  0.01846  
7100.900000000001  0.01717  
7105.2  0.01608  
7109.6  0.01495  
7114.0  0.01384  
7118.400000000001  0.01287  
7122.7  0.01206  
7127.1  0.0113  
7131.5  0.01045  
7135.900000000001  0.00967  
7140.2  0.00901  
7144.6  0.00827  
7149.0  0.00756  
7153.400000000001  0.00694  
7157.799999999999  0.00651  
7162.1  0.00607  
7166.5  0.00549  
7170.900000000001  0.00513  
7175.299999999999  0.00499  
7179.700000000001  0.0047  
7184.0  0.0044  
7188.400000000001  0.00422  
7192.799999999999  0.00407  
7197.200000000001  0.00398  
7201.599999999999  0.00373  
7205.900000000001  0.0034  
7210.299999999999  0.00336  
7214.700000000001  0.00347  
7219.099999999999  0.00347  
7223.5  0.00338  
7227.9  0.00328  
7232.200000000001  0.00316  
7236.599999999999  0.00311  
7241.0  0.00314  
7245.4  0.00314  
7249.8  0.003  
7254.2  0.00293  
7258.5  0.003  
7262.9  0.003  
7267.3  0.00306  
7271.7  0.00315  
7276.1  0.00291  
7280.5  0.0027  
7284.9  0.00288  
7289.299999999999  0.00301  
7293.7  0.00282  
7298.0  0.00263  
7302.4  0.00274  
7306.799999999999  0.00287  
7311.2  0.00279  
7315.599999999999  0.00267  
7320.0  0.00266  
7324.400000000001  0.00272  
7328.8  0.00272  
7333.200000000001  0.00267  
7337.6  0.00271  
7341.900000000001  0.00273  
7346.3  0.00263  
7350.700000000001  0.00259  
7355.1  0.00263  
7359.5  0.00253  
7363.9  0.00237  
7368.3  0.00244  
7372.7  0.00272  
7377.1  0.00282  
7381.5  0.00266  
7385.900000000001  0.00245  
7390.299999999999  0.00237  
7394.700000000001  0.0024  
7399.099999999999  0.00244  

