@MEASUREMENT_RADIUS 9.0 cm
#lambda:
#tr:
#end
5003.8  0.00395  
5008.0  0.00404  
5012.099999999999  0.0042  
5016.3  0.00406  
5020.5  0.00383  
5024.700000000001  0.0038  
5028.8  0.00411  
5033.0  0.00447  
5037.200000000001  0.00449  
5041.4  0.00415  
5045.6  0.00375  
5049.8  0.00372  
5053.9  0.00404  
5058.1  0.00426  
5062.3  0.00443  
5066.5  0.00467  
5070.7  0.00451  
5074.9  0.00411  
5079.1  0.00419  
5083.2  0.0046  
5087.4  0.00462  
5091.6  0.00424  
5095.8  0.0042  
5100.0  0.00468  
5104.2  0.00488  
5108.4  0.00468  
5112.6  0.00448  
5116.7  0.00446  
5120.900000000001  0.00466  
5125.1  0.00482  
5129.299999999999  0.0048  
5133.5  0.00461  
5137.7  0.00447  
5141.900000000001  0.00454  
5146.1  0.00474  
5150.299999999999  0.00484  
5154.5  0.00485  
5158.7  0.00484  
5162.9  0.00481  
5167.1  0.00483  
5171.3  0.005  
5175.4  0.00507  
5179.6  0.00491  
5183.8  0.00501  
5188.0  0.00507  
5192.200000000001  0.00494  
5196.4  0.00512  
5200.599999999999  0.00529  
5204.8  0.00526  
5209.0  0.00532  
5213.200000000001  0.00545  
5217.4  0.00542  
5221.599999999999  0.00522  
5225.8  0.0052  
5230.0  0.00559  
5234.2  0.00585  
5238.400000000001  0.00585  
5242.6  0.00606  
5246.799999999999  0.00638  
5251.0  0.00635  
5255.299999999999  0.00624  
5259.5  0.00628  
5263.7  0.00639  
5267.9  0.00649  
5272.1  0.00649  
5276.3  0.00677  
5280.5  0.0072  
5284.700000000001  0.00721  
5288.9  0.00711  
5293.099999999999  0.00739  
5297.3  0.00758  
5301.5  0.00772  
5305.700000000001  0.00808  
5309.9  0.00856  
5314.2  0.00917  
5318.400000000001  0.00971  
5322.6  0.0102  
5326.799999999999  0.01088  
5331.0  0.01151  
5335.2  0.01205  
5339.400000000001  0.01276  
5343.6  0.01362  
5347.9  0.01481  
5352.1  0.01617  
5356.3  0.01717  
5360.5  0.01818  
5364.700000000001  0.01961  
5368.9  0.02109  
5373.099999999999  0.02276  
5377.4  0.02499  
5381.599999999999  0.0278  
5385.8  0.03102  
5390.0  0.0347  
5394.2  0.03925  
5398.5  0.04475  
5402.7  0.05145  
5406.900000000001  0.05988  
5411.1  0.07013  
5415.299999999999  0.08183  
5419.6  0.09497  
5423.8  0.11015  
5428.0  0.12756  
5432.200000000001  0.14691  
5436.4  0.16805  
5440.700000000001  0.19092  
5444.9  0.21602  
5449.099999999999  0.24417  
5453.3  0.27532  
5457.6  0.30938  
5461.799999999999  0.34658  
5466.0  0.38704  
5470.2  0.43132  
5474.5  0.47941  
5478.7  0.53009  
5482.9  0.58261  
5487.1  0.63602  
5491.4  0.68912  
5495.599999999999  0.7409  
5499.8  0.78916  
5504.099999999999  0.83193  
5508.3  0.86891  
5512.5  0.89993  
5516.799999999999  0.92434  
5521.0  0.94226  
5525.2  0.95524  
5529.400000000001  0.96418  
5533.7  0.96989  
5537.9  0.97375  
5542.1  0.97644  
5546.4  0.97824  
5550.599999999999  0.97949  
5554.8  0.98024  
5559.099999999999  0.98076  
5563.3  0.98128  
5567.6  0.98171  
5571.799999999999  0.98162  
5576.0  0.98061  
5580.299999999999  0.98015  
5584.5  0.98037  
5588.7  0.97985  
5593.0  0.9796  
5597.200000000001  0.97987  
5601.5  0.97973  
5605.700000000001  0.97972  
5609.9  0.98042  
5614.2  0.98063  
5618.400000000001  0.98014  
5622.7  0.98032  
5626.900000000001  0.98068  
5631.1  0.98068  
5635.4  0.98062  
5639.6  0.98054  
5643.9  0.98053  
5648.099999999999  0.97993  
5652.4  0.97906  
5656.599999999999  0.97875  
5660.8  0.97836  
5665.1  0.97769  
5669.299999999999  0.9772  
5673.6  0.97717  
5677.799999999999  0.97726  
5682.1  0.97668  
5686.3  0.97613  
5690.599999999999  0.97592  
5694.8  0.97555  
5699.099999999999  0.97519  
5703.3  0.97523  
5707.6  0.97586  
5711.799999999999  0.97644  
5716.1  0.97649  
5720.299999999999  0.97662  
5724.6  0.977  
5728.8  0.97757  
5733.099999999999  0.97799  
5737.3  0.97835  
5741.599999999999  0.97913  
5745.8  0.97984  
5750.1  0.98004  
5754.299999999999  0.98016  
5758.6  0.98053  
5762.9  0.98095  
5767.1  0.98087  
5771.4  0.98048  
5775.599999999999  0.98066  
5779.9  0.98099  
5784.099999999999  0.98087  
5788.400000000001  0.98063  
5792.6  0.98013  
5796.900000000001  0.97955  
5801.2  0.97954  
5805.4  0.9801  
5809.700000000001  0.98002  
5813.9  0.97922  
5818.200000000001  0.97925  
5822.5  0.97991  
5826.7  0.9803  
5831.0  0.98061  
5835.2  0.98109  
5839.5  0.98142  
5843.8  0.98154  
5848.0  0.9814  
5852.3  0.98121  
5856.599999999999  0.98107  
5860.8  0.98103  
5865.1  0.98096  
5869.400000000001  0.98016  
5873.6  0.9791  
5877.9  0.97906  
5882.200000000001  0.97938  
5886.4  0.9791  
5890.700000000001  0.97862  
5895.0  0.978  
5899.2  0.97758  
5903.5  0.97819  
5907.799999999999  0.97917  
5912.0  0.97946  
5916.3  0.97899  
5920.599999999999  0.97906  
5924.8  0.97999  
5929.099999999999  0.98025  
5933.400000000001  0.97998  
5937.7  0.98017  
5941.900000000001  0.98028  
5946.2  0.97987  
5950.5  0.97973  
5954.700000000001  0.98001  
5959.0  0.97973  
5963.3  0.9791  
5967.6  0.97897  
5971.799999999999  0.97881  
5976.1  0.97862  
5980.4  0.97855  
5984.700000000001  0.97836  
5989.0  0.97886  
5993.200000000001  0.97936  
5997.5  0.97909  
6001.799999999999  0.97903  
6006.1  0.97933  
6010.299999999999  0.97956  
6014.6  0.98041  
6018.9  0.98119  
6023.200000000001  0.98068  
6027.5  0.98029  
6031.7  0.9809  
6036.0  0.98126  
6040.299999999999  0.98091  
6044.6  0.97995  
6048.9  0.97889  
6053.099999999999  0.97831  
6057.4  0.97829  
6061.7  0.97835  
6066.0  0.978  
6070.299999999999  0.97735  
6074.6  0.97704  
6078.9  0.97772  
6083.099999999999  0.97932  
6087.4  0.97998  
6091.7  0.97944  
6096.0  0.97934  
6100.299999999999  0.9799  
6104.6  0.98057  
6108.9  0.98115  
6113.099999999999  0.98144  
6117.4  0.98115  
6121.7  0.98041  
6126.0  0.98006  
6130.299999999999  0.98017  
6134.6  0.97985  
6138.9  0.97915  
6143.200000000001  0.97915  
6147.5  0.97947  
6151.799999999999  0.97902  
6156.1  0.9783  
6160.299999999999  0.97853  
6164.6  0.97952  
6168.9  0.98  
6173.200000000001  0.98019  
6177.5  0.98069  
6181.799999999999  0.98084  
6186.1  0.9809  
6190.4  0.9816  
6194.700000000001  0.98225  
6199.0  0.98202  
6203.3  0.98177  
6207.6  0.98211  
6211.900000000001  0.982  
6216.2  0.9815  
6220.5  0.98126  
6224.8  0.98094  
6229.099999999999  0.98073  
6233.400000000001  0.98093  
6237.7  0.98106  
6242.0  0.98112  
6246.3  0.98104  
6250.599999999999  0.98045  
6254.9  0.97999  
6259.2  0.98037  
6263.5  0.9805  
6267.799999999999  0.97995  
6272.1  0.98002  
6276.4  0.98019  
6280.700000000001  0.9795  
6285.0  0.97907  
6289.299999999999  0.97937  
6293.6  0.97936  
6297.9  0.9789  
6302.200000000001  0.97855  
6306.5  0.97861  
6310.8  0.97945  
6315.1  0.98043  
6319.400000000001  0.98047  
6323.8  0.98008  
6328.099999999999  0.98049  
6332.4  0.98161  
6336.7  0.98194  
6341.0  0.98105  
6345.299999999999  0.9801  
6349.6  0.97989  
6353.9  0.98004  
6358.200000000001  0.97981  
6362.5  0.97922  
6366.900000000001  0.97864  
6371.2  0.97824  
6375.5  0.97787  
6379.8  0.97767  
6384.099999999999  0.97752  
6388.400000000001  0.97745  
6392.7  0.97783  
6397.0  0.97842  
6401.4  0.97905  
6405.700000000001  0.97949  
6410.0  0.97974  
6414.299999999999  0.97974  
6418.6  0.97996  
6422.9  0.98099  
6427.3  0.98137  
6431.599999999999  0.98096  
6435.900000000001  0.98093  
6440.2  0.98112  
6444.5  0.98092  
6448.8  0.98043  
6453.200000000001  0.98015  
6457.5  0.98018  
6461.799999999999  0.98  
6466.1  0.97979  
6470.4  0.97991  
6474.8  0.98025  
6479.099999999999  0.98063  
6483.400000000001  0.98075  
6487.7  0.98051  
6492.1  0.98085  
6496.4  0.98186  
6500.700000000001  0.98233  
6505.0  0.98224  
6509.299999999999  0.98222  
6513.7  0.98244  
6518.0  0.98276  
6522.3  0.98321  
6526.599999999999  0.9834  
6531.0  0.9833  
6535.299999999999  0.98321  
6539.6  0.98315  
6544.0  0.98346  
6548.3  0.98379  
6552.6  0.9832  
6556.900000000001  0.98244  
6561.3  0.98285  
6565.599999999999  0.98362  
6569.9  0.98352  
6574.299999999999  0.98302  
6578.6  0.98266  
6582.9  0.98228  
6587.200000000001  0.98193  
6591.599999999999  0.98227  
6595.900000000001  0.98272  
6600.2  0.98232  
6604.6  0.98201  
6608.9  0.98221  
6613.200000000001  0.98235  
6617.6  0.98224  
6621.900000000001  0.98254  
6626.2  0.98319  
6630.599999999999  0.98337  
6634.9  0.98309  
6639.2  0.98319  
6643.6  0.9834  
6647.9  0.98314  
6652.3  0.98304  
6656.599999999999  0.9829  
6660.900000000001  0.98219  
6665.299999999999  0.98143  
6669.6  0.98123  
6673.9  0.9813  
6678.3  0.98133  
6682.6  0.98135  
6687.0  0.98094  
6691.3  0.98057  
6695.599999999999  0.98073  
6700.0  0.98101  
6704.299999999999  0.9812  
6708.7  0.98129  
6713.0  0.98135  
6717.3  0.98162  
6721.7  0.98208  
6726.0  0.98259  
6730.4  0.98263  
6734.700000000001  0.98225  
6739.099999999999  0.98199  
6743.400000000001  0.98205  
6747.7  0.98202  
6752.1  0.98163  
6756.4  0.98155  
6760.8  0.98171  
6765.1  0.98175  
6769.5  0.98185  
6773.8  0.9819  
6778.200000000001  0.98169  
6782.5  0.9815  
6786.900000000001  0.98196  
6791.2  0.98288  
6795.599999999999  0.98302  
6799.9  0.98239  
6804.299999999999  0.98233  
6808.6  0.98277  
6813.0  0.98258  
6817.3  0.98195  
6821.7  0.98201  
6826.0  0.98259  
6830.4  0.98252  
6834.700000000001  0.98216  
6839.099999999999  0.98199  
6843.400000000001  0.98198  
6847.799999999999  0.98254  
6852.1  0.98291  
6856.5  0.98212  
6860.8  0.98116  
6865.2  0.98128  
6869.5  0.98206  
6873.9  0.98228  
6878.3  0.98181  
6882.6  0.98151  
6887.0  0.98087  
6891.3  0.97899  
6895.700000000001  0.97632  
6900.0  0.97284  
6904.400000000001  0.96798  
6908.8  0.96145  
6913.099999999999  0.95262  
6917.5  0.94172  
6921.799999999999  0.929  
6926.2  0.9135  
6930.599999999999  0.89429  
6934.9  0.87163  
6939.299999999999  0.84629  
6943.6  0.81893  
6948.0  0.78912  
6952.4  0.756  
6956.7  0.72082  
6961.1  0.68484  
6965.4  0.64752  
6969.8  0.60909  
6974.2  0.57056  
6978.5  0.53216  
6982.9  0.49382  
6987.3  0.45589  
6991.599999999999  0.41864  
6996.0  0.38188  
7000.4  0.3457  
7004.700000000001  0.31044  
7009.099999999999  0.27631  
7013.5  0.24368  
7017.799999999999  0.213  
7022.200000000001  0.18419  
7026.599999999999  0.15754  
7030.900000000001  0.134  
7035.299999999999  0.11368  
7039.700000000001  0.09607  
7044.0  0.08118  
7048.400000000001  0.06895  
7052.799999999999  0.05876  
7057.1  0.0505  
7061.5  0.04395  
7065.900000000001  0.03846  
7070.299999999999  0.03379  
7074.6  0.03012  
7079.0  0.02723  
7083.400000000001  0.02469  
7087.7  0.02247  
7092.1  0.02057  
7096.5  0.019  
7100.900000000001  0.01764  
7105.2  0.01633  
7109.6  0.01524  
7114.0  0.01421  
7118.400000000001  0.01311  
7122.7  0.01219  
7127.1  0.01147  
7131.5  0.01068  
7135.900000000001  0.0098  
7140.2  0.00908  
7144.6  0.00847  
7149.0  0.00782  
7153.400000000001  0.00725  
7157.799999999999  0.00676  
7162.1  0.00624  
7166.5  0.00581  
7170.900000000001  0.00547  
7175.299999999999  0.00503  
7179.700000000001  0.00458  
7184.0  0.00435  
7188.400000000001  0.00432  
7192.799999999999  0.00426  
7197.200000000001  0.00398  
7201.599999999999  0.00359  
7205.900000000001  0.00345  
7210.299999999999  0.00356  
7214.700000000001  0.00352  
7219.099999999999  0.00337  
7223.5  0.00341  
7227.9  0.00351  
7232.200000000001  0.0033  
7236.599999999999  0.00302  
7241.0  0.00308  
7245.4  0.00323  
7249.8  0.00313  
7254.2  0.00301  
7258.5  0.00312  
7262.9  0.00322  
7267.3  0.00302  
7271.7  0.00278  
7276.1  0.00285  
7280.5  0.00291  
7284.9  0.00282  
7289.299999999999  0.00281  
7293.7  0.00283  
7298.0  0.00276  
7302.4  0.00276  
7306.799999999999  0.00284  
7311.2  0.00285  
7315.599999999999  0.00285  
7320.0  0.00287  
7324.400000000001  0.0028  
7328.8  0.00265  
7333.200000000001  0.0026  
7337.6  0.00269  
7341.900000000001  0.00273  
7346.3  0.00266  
7350.700000000001  0.00265  
7355.1  0.0027  
7359.5  0.00259  
7363.9  0.00241  
7368.3  0.00248  
7372.7  0.00261  
7377.1  0.00256  
7381.5  0.00245  
7385.900000000001  0.00247  
7390.299999999999  0.00255  
7394.700000000001  0.00259  
7399.099999999999  0.00255  

