@MEASUREMENT_RADIUS 6.0 cm
#lambda:
#tr:
#end
5003.8  0.00364  
5008.0  0.00403  
5012.099999999999  0.00416  
5016.3  0.00381  
5020.5  0.00378  
5024.700000000001  0.00427  
5028.8  0.00444  
5033.0  0.00428  
5037.200000000001  0.00436  
5041.4  0.00448  
5045.6  0.00422  
5049.8  0.00403  
5053.9  0.00417  
5058.1  0.00422  
5062.3  0.0044  
5066.5  0.00457  
5070.7  0.00453  
5074.9  0.00442  
5079.1  0.00436  
5083.2  0.00444  
5087.4  0.00446  
5091.6  0.00415  
5095.8  0.00395  
5100.0  0.00444  
5104.2  0.0048  
5108.4  0.00446  
5112.6  0.00415  
5116.7  0.00437  
5120.900000000001  0.00473  
5125.1  0.00464  
5129.299999999999  0.00443  
5133.5  0.00458  
5137.7  0.0048  
5141.900000000001  0.00464  
5146.1  0.00451  
5150.299999999999  0.00459  
5154.5  0.00466  
5158.7  0.00476  
5162.9  0.00482  
5167.1  0.00475  
5171.3  0.00483  
5175.4  0.00492  
5179.6  0.00482  
5183.8  0.00478  
5188.0  0.00482  
5192.200000000001  0.00494  
5196.4  0.00517  
5200.599999999999  0.00523  
5204.8  0.00501  
5209.0  0.00508  
5213.200000000001  0.00547  
5217.4  0.00547  
5221.599999999999  0.00546  
5225.8  0.0056  
5230.0  0.00561  
5234.2  0.0057  
5238.400000000001  0.00598  
5242.6  0.00615  
5246.799999999999  0.00602  
5251.0  0.00582  
5255.299999999999  0.00589  
5259.5  0.00622  
5263.7  0.0065  
5267.9  0.0065  
5272.1  0.00643  
5276.3  0.00665  
5280.5  0.00696  
5284.700000000001  0.00701  
5288.9  0.00695  
5293.099999999999  0.0071  
5297.3  0.00752  
5301.5  0.00795  
5305.700000000001  0.00812  
5309.9  0.00828  
5314.2  0.00881  
5318.400000000001  0.0096  
5322.6  0.01023  
5326.799999999999  0.01068  
5331.0  0.01138  
5335.2  0.01226  
5339.400000000001  0.01299  
5343.6  0.01372  
5347.9  0.01475  
5352.1  0.01593  
5356.3  0.01722  
5360.5  0.01836  
5364.700000000001  0.01952  
5368.9  0.02115  
5373.099999999999  0.02315  
5377.4  0.02539  
5381.599999999999  0.02781  
5385.8  0.03071  
5390.0  0.03465  
5394.2  0.03954  
5398.5  0.04528  
5402.7  0.05223  
5406.900000000001  0.06058  
5411.1  0.07047  
5415.299999999999  0.0821  
5419.6  0.09557  
5423.8  0.11098  
5428.0  0.12823  
5432.200000000001  0.14719  
5436.4  0.16826  
5440.700000000001  0.19164  
5444.9  0.2173  
5449.099999999999  0.24548  
5453.3  0.27624  
5457.6  0.30995  
5461.799999999999  0.3475  
5466.0  0.38876  
5470.2  0.43327  
5474.5  0.48124  
5478.7  0.53244  
5482.9  0.58564  
5487.1  0.63914  
5491.4  0.69235  
5495.599999999999  0.74404  
5499.8  0.79135  
5504.099999999999  0.83411  
5508.3  0.87204  
5512.5  0.90255  
5516.799999999999  0.92528  
5521.0  0.94256  
5525.2  0.95611  
5529.400000000001  0.96525  
5533.7  0.97021  
5537.9  0.97354  
5542.1  0.97654  
5546.4  0.97863  
5550.599999999999  0.9792  
5554.8  0.97935  
5559.099999999999  0.98072  
5563.3  0.98188  
5567.6  0.98137  
5571.799999999999  0.98051  
5576.0  0.98035  
5580.299999999999  0.98043  
5584.5  0.98014  
5588.7  0.98014  
5593.0  0.98028  
5597.200000000001  0.97964  
5601.5  0.97917  
5605.700000000001  0.97959  
5609.9  0.9804  
5614.2  0.98056  
5618.400000000001  0.98016  
5622.7  0.98041  
5626.900000000001  0.98076  
5631.1  0.9806  
5635.4  0.98034  
5639.6  0.98019  
5643.9  0.9804  
5648.099999999999  0.97994  
5652.4  0.97872  
5656.599999999999  0.97811  
5660.8  0.97791  
5665.1  0.9774  
5669.299999999999  0.97691  
5673.6  0.97661  
5677.799999999999  0.97624  
5682.1  0.9756  
5686.3  0.97505  
5690.599999999999  0.9752  
5694.8  0.97539  
5699.099999999999  0.97493  
5703.3  0.97474  
5707.6  0.97534  
5711.799999999999  0.97556  
5716.1  0.97503  
5720.299999999999  0.97499  
5724.6  0.97602  
5728.8  0.97735  
5733.099999999999  0.97835  
5737.3  0.97869  
5741.599999999999  0.97869  
5745.8  0.97894  
5750.1  0.97936  
5754.299999999999  0.97991  
5758.6  0.98058  
5762.9  0.9809  
5767.1  0.98054  
5771.4  0.97994  
5775.599999999999  0.98019  
5779.9  0.98097  
5784.099999999999  0.98097  
5788.400000000001  0.98048  
5792.6  0.98002  
5796.900000000001  0.97926  
5801.2  0.97878  
5805.4  0.97926  
5809.700000000001  0.97954  
5813.9  0.97906  
5818.200000000001  0.97927  
5822.5  0.98015  
5826.7  0.98061  
5831.0  0.98049  
5835.2  0.98065  
5839.5  0.98097  
5843.8  0.98086  
5848.0  0.98088  
5852.3  0.98117  
5856.599999999999  0.98131  
5860.8  0.98068  
5865.1  0.97949  
5869.400000000001  0.9792  
5873.6  0.97965  
5877.9  0.97965  
5882.200000000001  0.97898  
5886.4  0.97811  
5890.700000000001  0.97814  
5895.0  0.97842  
5899.2  0.97791  
5903.5  0.9778  
5907.799999999999  0.97854  
5912.0  0.97906  
5916.3  0.97916  
5920.599999999999  0.97925  
5924.8  0.97943  
5929.099999999999  0.97965  
5933.400000000001  0.9799  
5937.7  0.98002  
5941.900000000001  0.97965  
5946.2  0.97913  
5950.5  0.97907  
5954.700000000001  0.97897  
5959.0  0.97821  
5963.3  0.9778  
5967.6  0.97821  
5971.799999999999  0.97821  
5976.1  0.97803  
5980.4  0.97817  
5984.700000000001  0.97815  
5989.0  0.97828  
5993.200000000001  0.97862  
5997.5  0.97881  
6001.799999999999  0.97895  
6006.1  0.97914  
6010.299999999999  0.97937  
6014.6  0.97978  
6018.9  0.97987  
6023.200000000001  0.9796  
6027.5  0.97961  
6031.7  0.97998  
6036.0  0.98033  
6040.299999999999  0.98011  
6044.6  0.97933  
6048.9  0.97885  
6053.099999999999  0.97871  
6057.4  0.97823  
6061.7  0.97749  
6066.0  0.97748  
6070.299999999999  0.9777  
6074.6  0.97746  
6078.9  0.97802  
6083.099999999999  0.97895  
6087.4  0.9789  
6091.7  0.97875  
6096.0  0.97914  
6100.299999999999  0.97978  
6104.6  0.98075  
6108.9  0.98166  
6113.099999999999  0.98161  
6117.4  0.98075  
6121.7  0.98023  
6126.0  0.9803  
6130.299999999999  0.9801  
6134.6  0.97934  
6138.9  0.97862  
6143.200000000001  0.97873  
6147.5  0.97942  
6151.799999999999  0.9792  
6156.1  0.97812  
6160.299999999999  0.97817  
6164.6  0.97932  
6168.9  0.98006  
6173.200000000001  0.98017  
6177.5  0.98044  
6181.799999999999  0.98078  
6186.1  0.98104  
6190.4  0.9818  
6194.700000000001  0.98238  
6199.0  0.98183  
6203.3  0.98135  
6207.6  0.98158  
6211.900000000001  0.9813  
6216.2  0.98094  
6220.5  0.98113  
6224.8  0.98135  
6229.099999999999  0.98148  
6233.400000000001  0.98113  
6237.7  0.98033  
6242.0  0.98031  
6246.3  0.98111  
6250.599999999999  0.98108  
6254.9  0.98042  
6259.2  0.98044  
6263.5  0.98053  
6267.799999999999  0.97987  
6272.1  0.9794  
6276.4  0.97959  
6280.700000000001  0.97947  
6285.0  0.97902  
6289.299999999999  0.97881  
6293.6  0.97876  
6297.9  0.97874  
6302.200000000001  0.97872  
6306.5  0.97881  
6310.8  0.97901  
6315.1  0.97938  
6319.400000000001  0.97968  
6323.8  0.98007  
6328.099999999999  0.98094  
6332.4  0.98144  
6336.7  0.98103  
6341.0  0.98054  
6345.299999999999  0.98002  
6349.6  0.97941  
6353.9  0.97946  
6358.200000000001  0.98006  
6362.5  0.97973  
6366.900000000001  0.97813  
6371.2  0.97713  
6375.5  0.97739  
6379.8  0.97772  
6384.099999999999  0.97744  
6388.400000000001  0.9772  
6392.7  0.97759  
6397.0  0.97844  
6401.4  0.97932  
6405.700000000001  0.97949  
6410.0  0.97928  
6414.299999999999  0.97951  
6418.6  0.98  
6422.9  0.98037  
6427.3  0.98064  
6431.599999999999  0.98074  
6435.900000000001  0.98042  
6440.2  0.98018  
6444.5  0.98043  
6448.8  0.9807  
6453.200000000001  0.9804  
6457.5  0.97982  
6461.799999999999  0.97943  
6466.1  0.97951  
6470.4  0.97993  
6474.8  0.98015  
6479.099999999999  0.98015  
6483.400000000001  0.98032  
6487.7  0.98055  
6492.1  0.98105  
6496.4  0.98175  
6500.700000000001  0.98223  
6505.0  0.98219  
6509.299999999999  0.9819  
6513.7  0.98235  
6518.0  0.98325  
6522.3  0.98317  
6526.599999999999  0.98247  
6531.0  0.98292  
6535.299999999999  0.98383  
6539.6  0.9837  
6544.0  0.98329  
6548.3  0.98317  
6552.6  0.98293  
6556.900000000001  0.9827  
6561.3  0.98286  
6565.599999999999  0.98326  
6569.9  0.98335  
6574.299999999999  0.9829  
6578.6  0.98222  
6582.9  0.9819  
6587.200000000001  0.98224  
6591.599999999999  0.98242  
6595.900000000001  0.98186  
6600.2  0.98166  
6604.6  0.98215  
6608.9  0.9823  
6613.200000000001  0.98215  
6617.6  0.98237  
6621.900000000001  0.98253  
6626.2  0.9825  
6630.599999999999  0.98276  
6634.9  0.98305  
6639.2  0.98341  
6643.6  0.98339  
6647.9  0.98264  
6652.3  0.98219  
6656.599999999999  0.98203  
6660.900000000001  0.98176  
6665.299999999999  0.98127  
6669.6  0.98083  
6673.9  0.9806  
6678.3  0.98033  
6682.6  0.98026  
6687.0  0.98035  
6691.3  0.98036  
6695.599999999999  0.98021  
6700.0  0.9804  
6704.299999999999  0.9809  
6708.7  0.98109  
6713.0  0.98131  
6717.3  0.982  
6721.7  0.98251  
6726.0  0.98208  
6730.4  0.98121  
6734.700000000001  0.98096  
6739.099999999999  0.98146  
6743.400000000001  0.98188  
6747.7  0.98155  
6752.1  0.98126  
6756.4  0.98158  
6760.8  0.98158  
6765.1  0.98109  
6769.5  0.981  
6773.8  0.9812  
6778.200000000001  0.9813  
6782.5  0.98159  
6786.900000000001  0.98197  
6791.2  0.98225  
6795.599999999999  0.98249  
6799.9  0.98247  
6804.299999999999  0.98225  
6808.6  0.98214  
6813.0  0.98204  
6817.3  0.982  
6821.7  0.98216  
6826.0  0.98265  
6830.4  0.98287  
6834.700000000001  0.98235  
6839.099999999999  0.98171  
6843.400000000001  0.98156  
6847.799999999999  0.98205  
6852.1  0.98263  
6856.5  0.98248  
6860.8  0.98195  
6865.2  0.98167  
6869.5  0.98178  
6873.9  0.98235  
6878.3  0.98248  
6882.6  0.98138  
6887.0  0.97991  
6891.3  0.97834  
6895.700000000001  0.97576  
6900.0  0.97201  
6904.400000000001  0.96735  
6908.8  0.96107  
6913.099999999999  0.95192  
6917.5  0.94011  
6921.799999999999  0.92647  
6926.2  0.9104  
6930.599999999999  0.89069  
6934.9  0.86752  
6939.299999999999  0.84167  
6943.6  0.81326  
6948.0  0.78217  
6952.4  0.74883  
6956.7  0.71394  
6961.1  0.67742  
6965.4  0.63927  
6969.8  0.60042  
6974.2  0.56166  
6978.5  0.52293  
6982.9  0.48449  
6987.3  0.44673  
6991.599999999999  0.40967  
6996.0  0.37302  
7000.4  0.33686  
7004.700000000001  0.302  
7009.099999999999  0.26868  
7013.5  0.23648  
7017.799999999999  0.20581  
7022.200000000001  0.17735  
7026.599999999999  0.15142  
7030.900000000001  0.12862  
7035.299999999999  0.10911  
7039.700000000001  0.09237  
7044.0  0.07803  
7048.400000000001  0.06614  
7052.799999999999  0.05644  
7057.1  0.04858  
7061.5  0.04226  
7065.900000000001  0.03715  
7070.299999999999  0.03293  
7074.6  0.02927  
7079.0  0.02615  
7083.400000000001  0.02376  
7087.7  0.02191  
7092.1  0.02017  
7096.5  0.01857  
7100.900000000001  0.01721  
7105.2  0.01606  
7109.6  0.01492  
7114.0  0.01371  
7118.400000000001  0.01275  
7122.7  0.012  
7127.1  0.0112  
7131.5  0.0105  
7135.900000000001  0.00984  
7140.2  0.00903  
7144.6  0.00821  
7149.0  0.00755  
7153.400000000001  0.00706  
7157.799999999999  0.00666  
7162.1  0.00619  
7166.5  0.00562  
7170.900000000001  0.00512  
7175.299999999999  0.00486  
7179.700000000001  0.00465  
7184.0  0.00437  
7188.400000000001  0.00412  
7192.799999999999  0.00392  
7197.200000000001  0.00383  
7201.599999999999  0.00372  
7205.900000000001  0.00352  
7210.299999999999  0.00345  
7214.700000000001  0.00356  
7219.099999999999  0.00353  
7223.5  0.00325  
7227.9  0.0031  
7232.200000000001  0.00306  
7236.599999999999  0.00296  
7241.0  0.00296  
7245.4  0.00301  
7249.8  0.00289  
7254.2  0.00283  
7258.5  0.00296  
7262.9  0.00303  
7267.3  0.00298  
7271.7  0.00298  
7276.1  0.00301  
7280.5  0.0029  
7284.9  0.00284  
7289.299999999999  0.0029  
7293.7  0.00291  
7298.0  0.00279  
7302.4  0.00266  
7306.799999999999  0.0027  
7311.2  0.00282  
7315.599999999999  0.00277  
7320.0  0.00259  
7324.400000000001  0.00255  
7328.8  0.00273  
7333.200000000001  0.00279  
7337.6  0.00261  
7341.900000000001  0.00251  
7346.3  0.00267  
7350.700000000001  0.00277  
7355.1  0.0026  
7359.5  0.00242  
7363.9  0.00241  
7368.3  0.00255  
7372.7  0.00265  
7377.1  0.00244  
7381.5  0.0022  
7385.900000000001  0.00236  
7390.299999999999  0.00254  
7394.700000000001  0.00248  
7399.099999999999  0.00247  

