@MEASUREMENT_RADIUS 1.0 cm
#lambda:
#tr:
#end
5003.8  0.00405  
5008.0  0.00397  
5012.099999999999  0.00398  
5016.3  0.00383  
5020.5  0.00387  
5024.700000000001  0.00401  
5028.8  0.00406  
5033.0  0.00409  
5037.200000000001  0.00412  
5041.4  0.00399  
5045.6  0.00396  
5049.8  0.00409  
5053.9  0.0042  
5058.1  0.00441  
5062.3  0.00462  
5066.5  0.00438  
5070.7  0.00391  
5074.9  0.00415  
5079.1  0.00475  
5083.2  0.0049  
5087.4  0.00472  
5091.6  0.00447  
5095.8  0.0043  
5100.0  0.00438  
5104.2  0.00446  
5108.4  0.00443  
5112.6  0.0046  
5116.7  0.00464  
5120.900000000001  0.0043  
5125.1  0.0042  
5129.299999999999  0.00444  
5133.5  0.00462  
5137.7  0.00489  
5141.900000000001  0.00494  
5146.1  0.00456  
5150.299999999999  0.0044  
5154.5  0.00469  
5158.7  0.00494  
5162.9  0.0051  
5167.1  0.00521  
5171.3  0.00508  
5175.4  0.00482  
5179.6  0.00497  
5183.8  0.0052  
5188.0  0.00501  
5192.200000000001  0.00488  
5196.4  0.00508  
5200.599999999999  0.00513  
5204.8  0.00488  
5209.0  0.00483  
5213.200000000001  0.00521  
5217.4  0.00562  
5221.599999999999  0.00566  
5225.8  0.00557  
5230.0  0.00551  
5234.2  0.00519  
5238.400000000001  0.00513  
5242.6  0.0056  
5246.799999999999  0.00606  
5251.0  0.00625  
5255.299999999999  0.00625  
5259.5  0.00616  
5263.7  0.00613  
5267.9  0.00642  
5272.1  0.00695  
5276.3  0.00712  
5280.5  0.0068  
5284.700000000001  0.00666  
5288.9  0.00694  
5293.099999999999  0.00722  
5297.3  0.00744  
5301.5  0.00786  
5305.700000000001  0.00827  
5309.9  0.00845  
5314.2  0.00872  
5318.400000000001  0.00932  
5322.6  0.01002  
5326.799999999999  0.01056  
5331.0  0.01115  
5335.2  0.0121  
5339.400000000001  0.01311  
5343.6  0.01375  
5347.9  0.01442  
5352.1  0.01548  
5356.3  0.01656  
5360.5  0.01759  
5364.700000000001  0.01907  
5368.9  0.02087  
5373.099999999999  0.0225  
5377.4  0.02426  
5381.599999999999  0.02661  
5385.8  0.02969  
5390.0  0.03349  
5394.2  0.03789  
5398.5  0.04297  
5402.7  0.04944  
5406.900000000001  0.05749  
5411.1  0.06688  
5415.299999999999  0.07757  
5419.6  0.0902  
5423.8  0.10506  
5428.0  0.12183  
5432.200000000001  0.14037  
5436.4  0.16065  
5440.700000000001  0.18301  
5444.9  0.20788  
5449.099999999999  0.23508  
5453.3  0.26446  
5457.6  0.29695  
5461.799999999999  0.33356  
5466.0  0.37403  
5470.2  0.41768  
5474.5  0.46422  
5478.7  0.51369  
5482.9  0.56616  
5487.1  0.62044  
5491.4  0.67445  
5495.599999999999  0.72662  
5499.8  0.77567  
5504.099999999999  0.82066  
5508.3  0.85995  
5512.5  0.89227  
5516.799999999999  0.91782  
5521.0  0.93709  
5525.2  0.95143  
5529.400000000001  0.96162  
5533.7  0.96776  
5537.9  0.97144  
5542.1  0.97462  
5546.4  0.97735  
5550.599999999999  0.97842  
5554.8  0.97866  
5559.099999999999  0.97999  
5563.3  0.98117  
5567.6  0.9807  
5571.799999999999  0.98037  
5576.0  0.98072  
5580.299999999999  0.98062  
5584.5  0.98017  
5588.7  0.97961  
5593.0  0.979  
5597.200000000001  0.97891  
5601.5  0.97927  
5605.700000000001  0.97939  
5609.9  0.97921  
5614.2  0.97914  
5618.400000000001  0.97967  
5622.7  0.9804  
5626.900000000001  0.98046  
5631.1  0.98002  
5635.4  0.97954  
5639.6  0.97979  
5643.9  0.98059  
5648.099999999999  0.98009  
5652.4  0.97877  
5656.599999999999  0.97822  
5660.8  0.97827  
5665.1  0.97797  
5669.299999999999  0.97726  
5673.6  0.97673  
5677.799999999999  0.97644  
5682.1  0.97631  
5686.3  0.97584  
5690.599999999999  0.97483  
5694.8  0.97413  
5699.099999999999  0.97378  
5703.3  0.97356  
5707.6  0.97398  
5711.799999999999  0.97472  
5716.1  0.97496  
5720.299999999999  0.97506  
5724.6  0.9758  
5728.8  0.97706  
5733.099999999999  0.97759  
5737.3  0.97743  
5741.599999999999  0.97799  
5745.8  0.9791  
5750.1  0.97942  
5754.299999999999  0.97953  
5758.6  0.98024  
5762.9  0.98077  
5767.1  0.98065  
5771.4  0.98022  
5775.599999999999  0.98005  
5779.9  0.98017  
5784.099999999999  0.98026  
5788.400000000001  0.98013  
5792.6  0.97947  
5796.900000000001  0.97887  
5801.2  0.97904  
5805.4  0.97929  
5809.700000000001  0.97904  
5813.9  0.97877  
5818.200000000001  0.97904  
5822.5  0.97961  
5826.7  0.97977  
5831.0  0.97975  
5835.2  0.98016  
5839.5  0.98076  
5843.8  0.98113  
5848.0  0.98086  
5852.3  0.98062  
5856.599999999999  0.98093  
5860.8  0.98086  
5865.1  0.97995  
5869.400000000001  0.97906  
5873.6  0.97889  
5877.9  0.97929  
5882.200000000001  0.97919  
5886.4  0.97846  
5890.700000000001  0.97799  
5895.0  0.97784  
5899.2  0.97788  
5903.5  0.97801  
5907.799999999999  0.97814  
5912.0  0.97847  
5916.3  0.97902  
5920.599999999999  0.97925  
5924.8  0.97935  
5929.099999999999  0.97966  
5933.400000000001  0.98018  
5937.7  0.98037  
5941.900000000001  0.97968  
5946.2  0.97891  
5950.5  0.97877  
5954.700000000001  0.97903  
5959.0  0.97885  
5963.3  0.9779  
5967.6  0.97755  
5971.799999999999  0.97796  
5976.1  0.97811  
5980.4  0.9779  
5984.700000000001  0.97802  
5989.0  0.97858  
5993.200000000001  0.9786  
5997.5  0.97804  
6001.799999999999  0.97827  
6006.1  0.97941  
6010.299999999999  0.98006  
6014.6  0.98009  
6018.9  0.97972  
6023.200000000001  0.97908  
6027.5  0.97948  
6031.7  0.98059  
6036.0  0.98078  
6040.299999999999  0.98003  
6044.6  0.979  
6048.9  0.97856  
6053.099999999999  0.9785  
6057.4  0.97771  
6061.7  0.97678  
6066.0  0.97653  
6070.299999999999  0.97671  
6074.6  0.97705  
6078.9  0.97732  
6083.099999999999  0.97764  
6087.4  0.97824  
6091.7  0.97905  
6096.0  0.97975  
6100.299999999999  0.97965  
6104.6  0.97955  
6108.9  0.98038  
6113.099999999999  0.98099  
6117.4  0.98067  
6121.7  0.98012  
6126.0  0.98008  
6130.299999999999  0.98  
6134.6  0.97925  
6138.9  0.97861  
6143.200000000001  0.97866  
6147.5  0.9788  
6151.799999999999  0.97843  
6156.1  0.978  
6160.299999999999  0.97825  
6164.6  0.97907  
6168.9  0.97958  
6173.200000000001  0.97982  
6177.5  0.98025  
6181.799999999999  0.98079  
6186.1  0.98146  
6190.4  0.98197  
6194.700000000001  0.98197  
6199.0  0.98166  
6203.3  0.98136  
6207.6  0.98125  
6211.900000000001  0.9812  
6216.2  0.98131  
6220.5  0.98129  
6224.8  0.98087  
6229.099999999999  0.98042  
6233.400000000001  0.9802  
6237.7  0.98026  
6242.0  0.9806  
6246.3  0.98089  
6250.599999999999  0.98081  
6254.9  0.98023  
6259.2  0.97997  
6263.5  0.98046  
6267.799999999999  0.9803  
6272.1  0.97917  
6276.4  0.97895  
6280.700000000001  0.97953  
6285.0  0.97961  
6289.299999999999  0.979  
6293.6  0.97826  
6297.9  0.9782  
6302.200000000001  0.97806  
6306.5  0.97769  
6310.8  0.97822  
6315.1  0.97902  
6319.400000000001  0.9791  
6323.8  0.9794  
6328.099999999999  0.98001  
6332.4  0.98016  
6336.7  0.98048  
6341.0  0.98089  
6345.299999999999  0.98038  
6349.6  0.97946  
6353.9  0.97941  
6358.200000000001  0.97972  
6362.5  0.97931  
6366.900000000001  0.9783  
6371.2  0.9774  
6375.5  0.9772  
6379.8  0.97715  
6384.099999999999  0.97661  
6388.400000000001  0.97644  
6392.7  0.97706  
6397.0  0.97783  
6401.4  0.97822  
6405.700000000001  0.97839  
6410.0  0.97867  
6414.299999999999  0.97903  
6418.6  0.97969  
6422.9  0.98024  
6427.3  0.98024  
6431.599999999999  0.98047  
6435.900000000001  0.98068  
6440.2  0.98033  
6444.5  0.97984  
6448.8  0.97961  
6453.200000000001  0.97951  
6457.5  0.97909  
6461.799999999999  0.97866  
6466.1  0.97889  
6470.4  0.97904  
6474.8  0.97898  
6479.099999999999  0.97945  
6483.400000000001  0.9801  
6487.7  0.98015  
6492.1  0.98021  
6496.4  0.98094  
6500.700000000001  0.9814  
6505.0  0.98121  
6509.299999999999  0.98133  
6513.7  0.98196  
6518.0  0.98222  
6522.3  0.98201  
6526.599999999999  0.98217  
6531.0  0.98291  
6535.299999999999  0.98291  
6539.6  0.98231  
6544.0  0.98276  
6548.3  0.98354  
6552.6  0.98332  
6556.900000000001  0.98283  
6561.3  0.98277  
6565.599999999999  0.98273  
6569.9  0.98253  
6574.299999999999  0.98237  
6578.6  0.98225  
6582.9  0.98203  
6587.200000000001  0.98208  
6591.599999999999  0.98261  
6595.900000000001  0.98252  
6600.2  0.98162  
6604.6  0.98138  
6608.9  0.98184  
6613.200000000001  0.98216  
6617.6  0.98218  
6621.900000000001  0.9822  
6626.2  0.98219  
6630.599999999999  0.9822  
6634.9  0.98274  
6639.2  0.98325  
6643.6  0.98282  
6647.9  0.9823  
6652.3  0.98244  
6656.599999999999  0.98225  
6660.900000000001  0.98152  
6665.299999999999  0.98126  
6669.6  0.98134  
6673.9  0.98087  
6678.3  0.9799  
6682.6  0.97946  
6687.0  0.97948  
6691.3  0.97945  
6695.599999999999  0.97961  
6700.0  0.9797  
6704.299999999999  0.97995  
6708.7  0.98082  
6713.0  0.98139  
6717.3  0.98132  
6721.7  0.98111  
6726.0  0.981  
6730.4  0.98142  
6734.700000000001  0.98191  
6739.099999999999  0.98159  
6743.400000000001  0.98127  
6747.7  0.98143  
6752.1  0.98143  
6756.4  0.98137  
6760.8  0.98104  
6765.1  0.9804  
6769.5  0.98072  
6773.8  0.98161  
6778.200000000001  0.98159  
6782.5  0.98118  
6786.900000000001  0.98125  
6791.2  0.98175  
6795.599999999999  0.98218  
6799.9  0.98216  
6804.299999999999  0.98216  
6808.6  0.98225  
6813.0  0.98187  
6817.3  0.98172  
6821.7  0.98222  
6826.0  0.9825  
6830.4  0.98227  
6834.700000000001  0.98222  
6839.099999999999  0.98211  
6843.400000000001  0.98178  
6847.799999999999  0.9818  
6852.1  0.98197  
6856.5  0.98166  
6860.8  0.98137  
6865.2  0.98165  
6869.5  0.98221  
6873.9  0.98209  
6878.3  0.98165  
6882.6  0.98173  
6887.0  0.98123  
6891.3  0.97937  
6895.700000000001  0.9769  
6900.0  0.97396  
6904.400000000001  0.96993  
6908.8  0.96412  
6913.099999999999  0.95603  
6917.5  0.94564  
6921.799999999999  0.93291  
6926.2  0.91793  
6930.599999999999  0.89996  
6934.9  0.87837  
6939.299999999999  0.85389  
6943.6  0.82683  
6948.0  0.79646  
6952.4  0.76339  
6956.7  0.72903  
6961.1  0.69332  
6965.4  0.65597  
6969.8  0.61737  
6974.2  0.57841  
6978.5  0.5394  
6982.9  0.50071  
6987.3  0.46287  
6991.599999999999  0.4254  
6996.0  0.38815  
7000.4  0.35198  
7004.700000000001  0.31708  
7009.099999999999  0.28308  
7013.5  0.25029  
7017.799999999999  0.21916  
7022.200000000001  0.18984  
7026.599999999999  0.16285  
7030.900000000001  0.13865  
7035.299999999999  0.11759  
7039.700000000001  0.09962  
7044.0  0.0843  
7048.400000000001  0.07112  
7052.799999999999  0.06019  
7057.1  0.05179  
7061.5  0.04504  
7065.900000000001  0.03925  
7070.299999999999  0.03452  
7074.6  0.03063  
7079.0  0.02737  
7083.400000000001  0.02472  
7087.7  0.02245  
7092.1  0.02051  
7096.5  0.01907  
7100.900000000001  0.0178  
7105.2  0.01652  
7109.6  0.01535  
7114.0  0.01428  
7118.400000000001  0.01326  
7122.7  0.0123  
7127.1  0.01144  
7131.5  0.0108  
7135.900000000001  0.01022  
7140.2  0.00951  
7144.6  0.00876  
7149.0  0.00793  
7153.400000000001  0.00723  
7157.799999999999  0.00678  
7162.1  0.00628  
7166.5  0.00583  
7170.900000000001  0.00548  
7175.299999999999  0.00501  
7179.700000000001  0.00458  
7184.0  0.00438  
7188.400000000001  0.00428  
7192.799999999999  0.00408  
7197.200000000001  0.00372  
7201.599999999999  0.00357  
7205.900000000001  0.00369  
7210.299999999999  0.0037  
7214.700000000001  0.00359  
7219.099999999999  0.00349  
7223.5  0.00331  
7227.9  0.0032  
7232.200000000001  0.00325  
7236.599999999999  0.00322  
7241.0  0.00317  
7245.4  0.00318  
7249.8  0.00309  
7254.2  0.00302  
7258.5  0.00303  
7262.9  0.00301  
7267.3  0.00298  
7271.7  0.00296  
7276.1  0.00294  
7280.5  0.00296  
7284.9  0.00299  
7289.299999999999  0.00289  
7293.7  0.00281  
7298.0  0.00287  
7302.4  0.00286  
7306.799999999999  0.00269  
7311.2  0.00263  
7315.599999999999  0.00262  
7320.0  0.00267  
7324.400000000001  0.00274  
7328.8  0.00264  
7333.200000000001  0.00264  
7337.6  0.00278  
7341.900000000001  0.00278  
7346.3  0.00266  
7350.700000000001  0.00249  
7355.1  0.00243  
7359.5  0.00246  
7363.9  0.00243  
7368.3  0.00239  
7372.7  0.00255  
7377.1  0.00269  
7381.5  0.00254  
7385.900000000001  0.00246  
7390.299999999999  0.00262  
7394.700000000001  0.00272  
7399.099999999999  0.0026  

