@MEASUREMENT_RADIUS 0.0 cm
#lambda:
#tr:
#end
5003.8  0.00376  
5008.0  0.00372  
5012.099999999999  0.0041  
5016.3  0.00432  
5020.5  0.00388  
5024.700000000001  0.00361  
5028.8  0.00388  
5033.0  0.0041  
5037.200000000001  0.00415  
5041.4  0.00415  
5045.6  0.00422  
5049.8  0.00432  
5053.9  0.00437  
5058.1  0.00429  
5062.3  0.00405  
5066.5  0.00398  
5070.7  0.00412  
5074.9  0.00411  
5079.1  0.00398  
5083.2  0.00409  
5087.4  0.00419  
5091.6  0.00402  
5095.8  0.00396  
5100.0  0.00423  
5104.2  0.0044  
5108.4  0.00434  
5112.6  0.00416  
5116.7  0.00424  
5120.900000000001  0.00448  
5125.1  0.00434  
5129.299999999999  0.00436  
5133.5  0.00446  
5137.7  0.00427  
5141.900000000001  0.00431  
5146.1  0.00449  
5150.299999999999  0.00456  
5154.5  0.00456  
5158.7  0.00456  
5162.9  0.00468  
5167.1  0.00505  
5171.3  0.00545  
5175.4  0.00533  
5179.6  0.00484  
5183.8  0.00479  
5188.0  0.00515  
5192.200000000001  0.00528  
5196.4  0.005  
5200.599999999999  0.00475  
5204.8  0.00478  
5209.0  0.00512  
5213.200000000001  0.00535  
5217.4  0.00532  
5221.599999999999  0.0054  
5225.8  0.00548  
5230.0  0.00547  
5234.2  0.0055  
5238.400000000001  0.00577  
5242.6  0.00583  
5246.799999999999  0.00568  
5251.0  0.00596  
5255.299999999999  0.0063  
5259.5  0.00619  
5263.7  0.00617  
5267.9  0.00641  
5272.1  0.00653  
5276.3  0.00652  
5280.5  0.00652  
5284.700000000001  0.0067  
5288.9  0.0069  
5293.099999999999  0.00706  
5297.3  0.00746  
5301.5  0.00789  
5305.700000000001  0.00794  
5309.9  0.00791  
5314.2  0.00831  
5318.400000000001  0.00899  
5322.6  0.00975  
5326.799999999999  0.01054  
5331.0  0.01136  
5335.2  0.01219  
5339.400000000001  0.01301  
5343.6  0.01373  
5347.9  0.01438  
5352.1  0.01526  
5356.3  0.01645  
5360.5  0.0177  
5364.700000000001  0.01913  
5368.9  0.02073  
5373.099999999999  0.0223  
5377.4  0.0241  
5381.599999999999  0.02647  
5385.8  0.02951  
5390.0  0.0331  
5394.2  0.0374  
5398.5  0.04279  
5402.7  0.04933  
5406.900000000001  0.05716  
5411.1  0.06672  
5415.299999999999  0.07779  
5419.6  0.09024  
5423.8  0.10482  
5428.0  0.12186  
5432.200000000001  0.14054  
5436.4  0.16046  
5440.700000000001  0.18242  
5444.9  0.2073  
5449.099999999999  0.23496  
5453.3  0.26463  
5457.6  0.2968  
5461.799999999999  0.33294  
5466.0  0.3733  
5470.2  0.41674  
5474.5  0.46315  
5478.7  0.51343  
5482.9  0.56654  
5487.1  0.62009  
5491.4  0.6733  
5495.599999999999  0.72585  
5499.8  0.77549  
5504.099999999999  0.82004  
5508.3  0.85896  
5512.5  0.89161  
5516.799999999999  0.91715  
5521.0  0.93612  
5525.2  0.95067  
5529.400000000001  0.96141  
5533.7  0.96768  
5537.9  0.97158  
5542.1  0.97508  
5546.4  0.97721  
5550.599999999999  0.97785  
5554.8  0.97849  
5559.099999999999  0.97975  
5563.3  0.98038  
5567.6  0.98011  
5571.799999999999  0.98024  
5576.0  0.98071  
5580.299999999999  0.98012  
5584.5  0.97934  
5588.7  0.97962  
5593.0  0.98005  
5597.200000000001  0.97959  
5601.5  0.97915  
5605.700000000001  0.97975  
5609.9  0.98023  
5614.2  0.9796  
5618.400000000001  0.97938  
5622.7  0.98017  
5626.900000000001  0.98067  
5631.1  0.98044  
5635.4  0.97989  
5639.6  0.97983  
5643.9  0.9803  
5648.099999999999  0.97996  
5652.4  0.97882  
5656.599999999999  0.97825  
5660.8  0.97808  
5665.1  0.97722  
5669.299999999999  0.97636  
5673.6  0.97642  
5677.799999999999  0.97636  
5682.1  0.97543  
5686.3  0.97444  
5690.599999999999  0.97455  
5694.8  0.97496  
5699.099999999999  0.97435  
5703.3  0.97348  
5707.6  0.97358  
5711.799999999999  0.97472  
5716.1  0.97529  
5720.299999999999  0.97483  
5724.6  0.97501  
5728.8  0.97646  
5733.099999999999  0.97734  
5737.3  0.97749  
5741.599999999999  0.97831  
5745.8  0.9791  
5750.1  0.9792  
5754.299999999999  0.97963  
5758.6  0.98019  
5762.9  0.98009  
5767.1  0.97995  
5771.4  0.98013  
5775.599999999999  0.98014  
5779.9  0.98003  
5784.099999999999  0.97955  
5788.400000000001  0.97921  
5792.6  0.9794  
5796.900000000001  0.97902  
5801.2  0.9783  
5805.4  0.97847  
5809.700000000001  0.97911  
5813.9  0.97896  
5818.200000000001  0.97855  
5822.5  0.97903  
5826.7  0.97988  
5831.0  0.98011  
5835.2  0.97991  
5839.5  0.98035  
5843.8  0.98131  
5848.0  0.9814  
5852.3  0.98091  
5856.599999999999  0.98088  
5860.8  0.98064  
5865.1  0.97983  
5869.400000000001  0.97919  
5873.6  0.97877  
5877.9  0.97885  
5882.200000000001  0.97896  
5886.4  0.9784  
5890.700000000001  0.97759  
5895.0  0.97732  
5899.2  0.97731  
5903.5  0.97771  
5907.799999999999  0.9786  
5912.0  0.979  
5916.3  0.97881  
5920.599999999999  0.97916  
5924.8  0.97969  
5929.099999999999  0.9795  
5933.400000000001  0.9798  
5937.7  0.98075  
5941.900000000001  0.98048  
5946.2  0.97919  
5950.5  0.97819  
5954.700000000001  0.97805  
5959.0  0.97839  
5963.3  0.97856  
5967.6  0.97846  
5971.799999999999  0.97808  
5976.1  0.97769  
5980.4  0.97764  
5984.700000000001  0.97769  
5989.0  0.9781  
5993.200000000001  0.9783  
5997.5  0.978  
6001.799999999999  0.97825  
6006.1  0.97892  
6010.299999999999  0.97899  
6014.6  0.97914  
6018.9  0.97974  
6023.200000000001  0.9802  
6027.5  0.98043  
6031.7  0.98042  
6036.0  0.98014  
6040.299999999999  0.97932  
6044.6  0.97846  
6048.9  0.97866  
6053.099999999999  0.97862  
6057.4  0.97748  
6061.7  0.97674  
6066.0  0.9769  
6070.299999999999  0.97703  
6074.6  0.97662  
6078.9  0.97645  
6083.099999999999  0.97729  
6087.4  0.9786  
6091.7  0.97961  
6096.0  0.97961  
6100.299999999999  0.97895  
6104.6  0.97918  
6108.9  0.98046  
6113.099999999999  0.98131  
6117.4  0.98091  
6121.7  0.98022  
6126.0  0.98026  
6130.299999999999  0.98017  
6134.6  0.97927  
6138.9  0.97868  
6143.200000000001  0.97873  
6147.5  0.97848  
6151.799999999999  0.97787  
6156.1  0.97793  
6160.299999999999  0.9788  
6164.6  0.97936  
6168.9  0.97914  
6173.200000000001  0.979  
6177.5  0.97973  
6181.799999999999  0.98054  
6186.1  0.98086  
6190.4  0.98129  
6194.700000000001  0.98178  
6199.0  0.98197  
6203.3  0.98186  
6207.6  0.9816  
6211.900000000001  0.98122  
6216.2  0.981  
6220.5  0.98099  
6224.8  0.98087  
6229.099999999999  0.9806  
6233.400000000001  0.98018  
6237.7  0.97985  
6242.0  0.98027  
6246.3  0.98131  
6250.599999999999  0.98142  
6254.9  0.98027  
6259.2  0.97974  
6263.5  0.98005  
6267.799999999999  0.97981  
6272.1  0.9795  
6276.4  0.97978  
6280.700000000001  0.97979  
6285.0  0.97918  
6289.299999999999  0.97867  
6293.6  0.97867  
6297.9  0.97861  
6302.200000000001  0.97814  
6306.5  0.97799  
6310.8  0.9787  
6315.1  0.97963  
6319.400000000001  0.97953  
6323.8  0.97911  
6328.099999999999  0.97987  
6332.4  0.98074  
6336.7  0.98047  
6341.0  0.98006  
6345.299999999999  0.9799  
6349.6  0.97975  
6353.9  0.97972  
6358.200000000001  0.97925  
6362.5  0.9784  
6366.900000000001  0.97815  
6371.2  0.97829  
6375.5  0.97775  
6379.8  0.97712  
6384.099999999999  0.9772  
6388.400000000001  0.97738  
6392.7  0.97726  
6397.0  0.97741  
6401.4  0.97826  
6405.700000000001  0.97912  
6410.0  0.97934  
6414.299999999999  0.9791  
6418.6  0.97943  
6422.9  0.9804  
6427.3  0.98064  
6431.599999999999  0.98043  
6435.900000000001  0.98005  
6440.2  0.97946  
6444.5  0.97955  
6448.8  0.98007  
6453.200000000001  0.98012  
6457.5  0.97962  
6461.799999999999  0.97891  
6466.1  0.97915  
6470.4  0.9797  
6474.8  0.9796  
6479.099999999999  0.97962  
6483.400000000001  0.97977  
6487.7  0.97985  
6492.1  0.98038  
6496.4  0.98091  
6500.700000000001  0.98088  
6505.0  0.981  
6509.299999999999  0.98162  
6513.7  0.98225  
6518.0  0.9821  
6522.3  0.98158  
6526.599999999999  0.9819  
6531.0  0.9828  
6535.299999999999  0.983  
6539.6  0.98235  
6544.0  0.98202  
6548.3  0.98252  
6552.6  0.98288  
6556.900000000001  0.98283  
6561.3  0.98278  
6565.599999999999  0.98288  
6569.9  0.98289  
6574.299999999999  0.98255  
6578.6  0.9822  
6582.9  0.98196  
6587.200000000001  0.98171  
6591.599999999999  0.98175  
6595.900000000001  0.98181  
6600.2  0.98157  
6604.6  0.98149  
6608.9  0.98175  
6613.200000000001  0.98183  
6617.6  0.982  
6621.900000000001  0.98257  
6626.2  0.98274  
6630.599999999999  0.98213  
6634.9  0.98193  
6639.2  0.98283  
6643.6  0.98312  
6647.9  0.9822  
6652.3  0.98154  
6656.599999999999  0.98181  
6660.900000000001  0.98218  
6665.299999999999  0.98156  
6669.6  0.98085  
6673.9  0.98052  
6678.3  0.97979  
6682.6  0.97941  
6687.0  0.97954  
6691.3  0.97947  
6695.599999999999  0.97951  
6700.0  0.98  
6704.299999999999  0.98066  
6708.7  0.98111  
6713.0  0.98112  
6717.3  0.98107  
6721.7  0.98137  
6726.0  0.98159  
6730.4  0.98143  
6734.700000000001  0.98144  
6739.099999999999  0.98158  
6743.400000000001  0.9813  
6747.7  0.9808  
6752.1  0.98072  
6756.4  0.98119  
6760.8  0.9813  
6765.1  0.98066  
6769.5  0.98042  
6773.8  0.98088  
6778.200000000001  0.98113  
6782.5  0.98115  
6786.900000000001  0.98146  
6791.2  0.98194  
6795.599999999999  0.98226  
6799.9  0.98223  
6804.299999999999  0.98205  
6808.6  0.98187  
6813.0  0.98161  
6817.3  0.98187  
6821.7  0.98249  
6826.0  0.98266  
6830.4  0.98235  
6834.700000000001  0.98196  
6839.099999999999  0.98163  
6843.400000000001  0.98156  
6847.799999999999  0.98199  
6852.1  0.98226  
6856.5  0.98181  
6860.8  0.98129  
6865.2  0.98142  
6869.5  0.98211  
6873.9  0.98246  
6878.3  0.98189  
6882.6  0.98071  
6887.0  0.97974  
6891.3  0.97933  
6895.700000000001  0.97799  
6900.0  0.97446  
6904.400000000001  0.96938  
6908.8  0.96339  
6913.099999999999  0.9558  
6917.5  0.94605  
6921.799999999999  0.93377  
6926.2  0.91857  
6930.599999999999  0.90021  
6934.9  0.87876  
6939.299999999999  0.85435  
6943.6  0.82753  
6948.0  0.79803  
6952.4  0.76534  
6956.7  0.73066  
6961.1  0.69463  
6965.4  0.6566  
6969.8  0.61752  
6974.2  0.57872  
6978.5  0.54002  
6982.9  0.5015  
6987.3  0.46372  
6991.599999999999  0.42635  
6996.0  0.38926  
7000.4  0.35306  
7004.700000000001  0.31802  
7009.099999999999  0.28418  
7013.5  0.25146  
7017.799999999999  0.21999  
7022.200000000001  0.19068  
7026.599999999999  0.16384  
7030.900000000001  0.13925  
7035.299999999999  0.11789  
7039.700000000001  0.10003  
7044.0  0.08466  
7048.400000000001  0.07156  
7052.799999999999  0.06076  
7057.1  0.05205  
7061.5  0.04508  
7065.900000000001  0.03934  
7070.299999999999  0.03456  
7074.6  0.03074  
7079.0  0.02756  
7083.400000000001  0.02482  
7087.7  0.02257  
7092.1  0.02067  
7096.5  0.01909  
7100.900000000001  0.01778  
7105.2  0.0165  
7109.6  0.0153  
7114.0  0.01427  
7118.400000000001  0.0133  
7122.7  0.01238  
7127.1  0.01158  
7131.5  0.01079  
7135.900000000001  0.00994  
7140.2  0.00911  
7144.6  0.00845  
7149.0  0.00793  
7153.400000000001  0.00744  
7157.799999999999  0.00691  
7162.1  0.00634  
7166.5  0.00581  
7170.900000000001  0.00532  
7175.299999999999  0.00489  
7179.700000000001  0.00461  
7184.0  0.00438  
7188.400000000001  0.00423  
7192.799999999999  0.00416  
7197.200000000001  0.00406  
7201.599999999999  0.0038  
7205.900000000001  0.0035  
7210.299999999999  0.00343  
7214.700000000001  0.00344  
7219.099999999999  0.00338  
7223.5  0.00331  
7227.9  0.00322  
7232.200000000001  0.0031  
7236.599999999999  0.00304  
7241.0  0.00305  
7245.4  0.00302  
7249.8  0.00297  
7254.2  0.00306  
7258.5  0.00307  
7262.9  0.00295  
7267.3  0.00289  
7271.7  0.00287  
7276.1  0.00284  
7280.5  0.0028  
7284.9  0.00282  
7289.299999999999  0.00291  
7293.7  0.00285  
7298.0  0.00272  
7302.4  0.0027  
7306.799999999999  0.00272  
7311.2  0.00274  
7315.599999999999  0.00269  
7320.0  0.0025  
7324.400000000001  0.00244  
7328.8  0.00261  
7333.200000000001  0.00275  
7337.6  0.00268  
7341.900000000001  0.00262  
7346.3  0.00267  
7350.700000000001  0.00267  
7355.1  0.00264  
7359.5  0.00256  
7363.9  0.0024  
7368.3  0.00238  
7372.7  0.00252  
7377.1  0.00258  
7381.5  0.00256  
7385.900000000001  0.00253  
7390.299999999999  0.0025  
7394.700000000001  0.00249  
7399.099999999999  0.00242  

