@MEASUREMENT_RADIUS 4.0 cm
#lambda:
#tr:
#end
5003.8  0.00402  
5008.0  0.00401  
5012.099999999999  0.00417  
5016.3  0.00432  
5020.5  0.00417  
5024.700000000001  0.00372  
5028.8  0.0036  
5033.0  0.00393  
5037.200000000001  0.00426  
5041.4  0.00433  
5045.6  0.00419  
5049.8  0.00424  
5053.9  0.00454  
5058.1  0.00444  
5062.3  0.00415  
5066.5  0.00416  
5070.7  0.00445  
5074.9  0.00462  
5079.1  0.00445  
5083.2  0.00427  
5087.4  0.00422  
5091.6  0.0043  
5095.8  0.00442  
5100.0  0.00456  
5104.2  0.00457  
5108.4  0.00427  
5112.6  0.00418  
5116.7  0.00441  
5120.900000000001  0.00464  
5125.1  0.00472  
5129.299999999999  0.00465  
5133.5  0.00452  
5137.7  0.00445  
5141.900000000001  0.00445  
5146.1  0.00465  
5150.299999999999  0.00502  
5154.5  0.00504  
5158.7  0.00469  
5162.9  0.00471  
5167.1  0.00497  
5171.3  0.0049  
5175.4  0.00477  
5179.6  0.0048  
5183.8  0.00491  
5188.0  0.00502  
5192.200000000001  0.00507  
5196.4  0.00513  
5200.599999999999  0.00527  
5204.8  0.00523  
5209.0  0.00504  
5213.200000000001  0.00515  
5217.4  0.00538  
5221.599999999999  0.00544  
5225.8  0.00562  
5230.0  0.00576  
5234.2  0.00567  
5238.400000000001  0.0058  
5242.6  0.00608  
5246.799999999999  0.00623  
5251.0  0.00625  
5255.299999999999  0.00612  
5259.5  0.0061  
5263.7  0.0063  
5267.9  0.0065  
5272.1  0.00669  
5276.3  0.00693  
5280.5  0.00709  
5284.700000000001  0.00706  
5288.9  0.00706  
5293.099999999999  0.00728  
5297.3  0.00733  
5301.5  0.00749  
5305.700000000001  0.00804  
5309.9  0.00864  
5314.2  0.00906  
5318.400000000001  0.00937  
5322.6  0.00987  
5326.799999999999  0.01064  
5331.0  0.01143  
5335.2  0.01212  
5339.400000000001  0.01279  
5343.6  0.0135  
5347.9  0.01476  
5352.1  0.0163  
5356.3  0.01734  
5360.5  0.0182  
5364.700000000001  0.01961  
5368.9  0.02136  
5373.099999999999  0.02308  
5377.4  0.02519  
5381.599999999999  0.02772  
5385.8  0.03064  
5390.0  0.03449  
5394.2  0.03944  
5398.5  0.0451  
5402.7  0.05174  
5406.900000000001  0.05989  
5411.1  0.07001  
5415.299999999999  0.08189  
5419.6  0.0953  
5423.8  0.11063  
5428.0  0.12774  
5432.200000000001  0.14654  
5436.4  0.16744  
5440.700000000001  0.19058  
5444.9  0.21621  
5449.099999999999  0.24451  
5453.3  0.27511  
5457.6  0.30852  
5461.799999999999  0.34597  
5466.0  0.38719  
5470.2  0.43135  
5474.5  0.47882  
5478.7  0.5299  
5482.9  0.5836  
5487.1  0.63783  
5491.4  0.69093  
5495.599999999999  0.74209  
5499.8  0.78967  
5504.099999999999  0.83257  
5508.3  0.87032  
5512.5  0.90132  
5516.799999999999  0.92453  
5521.0  0.94143  
5525.2  0.95458  
5529.400000000001  0.96421  
5533.7  0.96971  
5537.9  0.97284  
5542.1  0.97543  
5546.4  0.97751  
5550.599999999999  0.97897  
5554.8  0.9799  
5559.099999999999  0.98066  
5563.3  0.9811  
5567.6  0.98125  
5571.799999999999  0.98112  
5576.0  0.98046  
5580.299999999999  0.9803  
5584.5  0.98053  
5588.7  0.98015  
5593.0  0.9794  
5597.200000000001  0.97896  
5601.5  0.97902  
5605.700000000001  0.97956  
5609.9  0.9802  
5614.2  0.98035  
5618.400000000001  0.98012  
5622.7  0.9804  
5626.900000000001  0.98089  
5631.1  0.98091  
5635.4  0.98031  
5639.6  0.97988  
5643.9  0.98033  
5648.099999999999  0.97958  
5652.4  0.97798  
5656.599999999999  0.97801  
5660.8  0.9784  
5665.1  0.97755  
5669.299999999999  0.97651  
5673.6  0.97637  
5677.799999999999  0.97658  
5682.1  0.9763  
5686.3  0.97524  
5690.599999999999  0.97434  
5694.8  0.97434  
5699.099999999999  0.97458  
5703.3  0.9745  
5707.6  0.97449  
5711.799999999999  0.97475  
5716.1  0.97471  
5720.299999999999  0.97499  
5724.6  0.97591  
5728.8  0.97674  
5733.099999999999  0.97738  
5737.3  0.97831  
5741.599999999999  0.97911  
5745.8  0.97927  
5750.1  0.9792  
5754.299999999999  0.97978  
5758.6  0.98082  
5762.9  0.98103  
5767.1  0.98031  
5771.4  0.98015  
5775.599999999999  0.98073  
5779.9  0.98081  
5784.099999999999  0.97996  
5788.400000000001  0.97957  
5792.6  0.97997  
5796.900000000001  0.97976  
5801.2  0.97911  
5805.4  0.97935  
5809.700000000001  0.97954  
5813.9  0.97907  
5818.200000000001  0.9791  
5822.5  0.97938  
5826.7  0.97972  
5831.0  0.98034  
5835.2  0.98069  
5839.5  0.98102  
5843.8  0.98138  
5848.0  0.98111  
5852.3  0.98087  
5856.599999999999  0.9809  
5860.8  0.98068  
5865.1  0.98023  
5869.400000000001  0.97967  
5873.6  0.97917  
5877.9  0.97901  
5882.200000000001  0.97871  
5886.4  0.97827  
5890.700000000001  0.97848  
5895.0  0.97852  
5899.2  0.97781  
5903.5  0.9776  
5907.799999999999  0.97846  
5912.0  0.97886  
5916.3  0.97847  
5920.599999999999  0.97872  
5924.8  0.9796  
5929.099999999999  0.97986  
5933.400000000001  0.97988  
5937.7  0.98041  
5941.900000000001  0.98028  
5946.2  0.97923  
5950.5  0.97873  
5954.700000000001  0.97879  
5959.0  0.97822  
5963.3  0.97793  
5967.6  0.97854  
5971.799999999999  0.97819  
5976.1  0.97724  
5980.4  0.97752  
5984.700000000001  0.97879  
5989.0  0.97943  
5993.200000000001  0.97886  
5997.5  0.97851  
6001.799999999999  0.97881  
6006.1  0.97905  
6010.299999999999  0.97935  
6014.6  0.97975  
6018.9  0.97991  
6023.200000000001  0.97981  
6027.5  0.9796  
6031.7  0.97947  
6036.0  0.97963  
6040.299999999999  0.97959  
6044.6  0.97918  
6048.9  0.9788  
6053.099999999999  0.97855  
6057.4  0.97825  
6061.7  0.97775  
6066.0  0.97731  
6070.299999999999  0.97695  
6074.6  0.97662  
6078.9  0.9771  
6083.099999999999  0.97834  
6087.4  0.97877  
6091.7  0.97863  
6096.0  0.97927  
6100.299999999999  0.97984  
6104.6  0.98014  
6108.9  0.98101  
6113.099999999999  0.98146  
6117.4  0.98079  
6121.7  0.97991  
6126.0  0.97972  
6130.299999999999  0.97984  
6134.6  0.9798  
6138.9  0.97917  
6143.200000000001  0.97806  
6147.5  0.97775  
6151.799999999999  0.97851  
6156.1  0.97889  
6160.299999999999  0.97847  
6164.6  0.97864  
6168.9  0.97937  
6173.200000000001  0.97988  
6177.5  0.98046  
6181.799999999999  0.98125  
6186.1  0.98151  
6190.4  0.98121  
6194.700000000001  0.9813  
6199.0  0.98168  
6203.3  0.9816  
6207.6  0.9813  
6211.900000000001  0.98119  
6216.2  0.98125  
6220.5  0.98134  
6224.8  0.98122  
6229.099999999999  0.98077  
6233.400000000001  0.98017  
6237.7  0.98006  
6242.0  0.98051  
6246.3  0.981  
6250.599999999999  0.98086  
6254.9  0.98  
6259.2  0.97974  
6263.5  0.98023  
6267.799999999999  0.98012  
6272.1  0.97961  
6276.4  0.97945  
6280.700000000001  0.97916  
6285.0  0.97891  
6289.299999999999  0.97906  
6293.6  0.97887  
6297.9  0.97867  
6302.200000000001  0.97871  
6306.5  0.97858  
6310.8  0.97868  
6315.1  0.97915  
6319.400000000001  0.97957  
6323.8  0.9802  
6328.099999999999  0.98064  
6332.4  0.98036  
6336.7  0.97998  
6341.0  0.97998  
6345.299999999999  0.98013  
6349.6  0.98023  
6353.9  0.98007  
6358.200000000001  0.97947  
6362.5  0.97877  
6366.900000000001  0.97842  
6371.2  0.97807  
6375.5  0.97751  
6379.8  0.97715  
6384.099999999999  0.97689  
6388.400000000001  0.97669  
6392.7  0.97722  
6397.0  0.97806  
6401.4  0.97838  
6405.700000000001  0.97837  
6410.0  0.97891  
6414.299999999999  0.97992  
6418.6  0.98037  
6422.9  0.98025  
6427.3  0.98012  
6431.599999999999  0.98014  
6435.900000000001  0.98045  
6440.2  0.98079  
6444.5  0.98045  
6448.8  0.97939  
6453.200000000001  0.97896  
6457.5  0.97951  
6461.799999999999  0.97986  
6466.1  0.98009  
6470.4  0.97994  
6474.8  0.97949  
6479.099999999999  0.97974  
6483.400000000001  0.98039  
6487.7  0.9805  
6492.1  0.98043  
6496.4  0.98113  
6500.700000000001  0.98187  
6505.0  0.98192  
6509.299999999999  0.98185  
6513.7  0.98217  
6518.0  0.98225  
6522.3  0.98208  
6526.599999999999  0.98251  
6531.0  0.98321  
6535.299999999999  0.98315  
6539.6  0.98294  
6544.0  0.98318  
6548.3  0.9833  
6552.6  0.98294  
6556.900000000001  0.9829  
6561.3  0.98318  
6565.599999999999  0.98305  
6569.9  0.98245  
6574.299999999999  0.98197  
6578.6  0.98236  
6582.9  0.98281  
6587.200000000001  0.98249  
6591.599999999999  0.98228  
6595.900000000001  0.98245  
6600.2  0.98223  
6604.6  0.98183  
6608.9  0.98185  
6613.200000000001  0.98218  
6617.6  0.98246  
6621.900000000001  0.98255  
6626.2  0.98263  
6630.599999999999  0.98271  
6634.9  0.98272  
6639.2  0.98299  
6643.6  0.98309  
6647.9  0.98244  
6652.3  0.98193  
6656.599999999999  0.98196  
6660.900000000001  0.98178  
6665.299999999999  0.98135  
6669.6  0.98111  
6673.9  0.98068  
6678.3  0.97981  
6682.6  0.97948  
6687.0  0.97984  
6691.3  0.97994  
6695.599999999999  0.97986  
6700.0  0.98  
6704.299999999999  0.98024  
6708.7  0.98069  
6713.0  0.98109  
6717.3  0.98152  
6721.7  0.98181  
6726.0  0.98164  
6730.4  0.98135  
6734.700000000001  0.98139  
6739.099999999999  0.9816  
6743.400000000001  0.98154  
6747.7  0.98109  
6752.1  0.98096  
6756.4  0.98135  
6760.8  0.98155  
6765.1  0.98151  
6769.5  0.98138  
6773.8  0.98107  
6778.200000000001  0.981  
6782.5  0.98167  
6786.900000000001  0.98236  
6791.2  0.98253  
6795.599999999999  0.98222  
6799.9  0.9818  
6804.299999999999  0.98213  
6808.6  0.98241  
6813.0  0.98178  
6817.3  0.98149  
6821.7  0.98218  
6826.0  0.98278  
6830.4  0.98251  
6834.700000000001  0.98234  
6839.099999999999  0.98235  
6843.400000000001  0.98198  
6847.799999999999  0.98212  
6852.1  0.98245  
6856.5  0.98212  
6860.8  0.9818  
6865.2  0.98168  
6869.5  0.98174  
6873.9  0.98174  
6878.3  0.98145  
6882.6  0.98125  
6887.0  0.98067  
6891.3  0.9789  
6895.700000000001  0.9758  
6900.0  0.972  
6904.400000000001  0.96773  
6908.8  0.9616  
6913.099999999999  0.95258  
6917.5  0.94134  
6921.799999999999  0.9279  
6926.2  0.91165  
6930.599999999999  0.89219  
6934.9  0.86942  
6939.299999999999  0.84371  
6943.6  0.81542  
6948.0  0.78437  
6952.4  0.75114  
6956.7  0.7162  
6961.1  0.67923  
6965.4  0.64093  
6969.8  0.60215  
6974.2  0.56332  
6978.5  0.52471  
6982.9  0.48649  
6987.3  0.44867  
6991.599999999999  0.41114  
6996.0  0.37417  
7000.4  0.33821  
7004.700000000001  0.30354  
7009.099999999999  0.2702  
7013.5  0.23798  
7017.799999999999  0.20716  
7022.200000000001  0.17861  
7026.599999999999  0.15273  
7030.900000000001  0.12972  
7035.299999999999  0.10989  
7039.700000000001  0.093  
7044.0  0.07867  
7048.400000000001  0.06669  
7052.799999999999  0.05672  
7057.1  0.04876  
7061.5  0.0425  
7065.900000000001  0.03723  
7070.299999999999  0.03274  
7074.6  0.02919  
7079.0  0.02642  
7083.400000000001  0.02398  
7087.7  0.02176  
7092.1  0.01997  
7096.5  0.01854  
7100.900000000001  0.01723  
7105.2  0.016  
7109.6  0.01485  
7114.0  0.01381  
7118.400000000001  0.0128  
7122.7  0.01197  
7127.1  0.01125  
7131.5  0.01044  
7135.900000000001  0.00969  
7140.2  0.00909  
7144.6  0.00842  
7149.0  0.00771  
7153.400000000001  0.00716  
7157.799999999999  0.00666  
7162.1  0.00604  
7166.5  0.00554  
7170.900000000001  0.00527  
7175.299999999999  0.00502  
7179.700000000001  0.00469  
7184.0  0.00442  
7188.400000000001  0.00422  
7192.799999999999  0.00394  
7197.200000000001  0.0037  
7201.599999999999  0.00359  
7205.900000000001  0.00348  
7210.299999999999  0.00336  
7214.700000000001  0.00342  
7219.099999999999  0.00354  
7223.5  0.00342  
7227.9  0.00326  
7232.200000000001  0.00319  
7236.599999999999  0.00315  
7241.0  0.00319  
7245.4  0.00311  
7249.8  0.00284  
7254.2  0.00285  
7258.5  0.00319  
7262.9  0.00327  
7267.3  0.00301  
7271.7  0.00287  
7276.1  0.00287  
7280.5  0.00284  
7284.9  0.00284  
7289.299999999999  0.00283  
7293.7  0.00279  
7298.0  0.00281  
7302.4  0.00286  
7306.799999999999  0.00283  
7311.2  0.00268  
7315.599999999999  0.00253  
7320.0  0.00253  
7324.400000000001  0.00272  
7328.8  0.00284  
7333.200000000001  0.00272  
7337.6  0.00264  
7341.900000000001  0.00274  
7346.3  0.0028  
7350.700000000001  0.00272  
7355.1  0.00254  
7359.5  0.00242  
7363.9  0.00247  
7368.3  0.00258  
7372.7  0.00264  
7377.1  0.00257  
7381.5  0.00241  
7385.900000000001  0.00238  
7390.299999999999  0.00248  
7394.700000000001  0.00251  
7399.099999999999  0.00247  

