@MEASUREMENT_RADIUS 2.0 cm
#lambda:
#tr:
#end
5003.8  0.00383  
5008.0  0.00362  
5012.099999999999  0.00373  
5016.3  0.00411  
5020.5  0.00429  
5024.700000000001  0.00416  
5028.8  0.0039  
5033.0  0.00391  
5037.200000000001  0.00425  
5041.4  0.0044  
5045.6  0.0042  
5049.8  0.00413  
5053.9  0.00444  
5058.1  0.00437  
5062.3  0.00389  
5066.5  0.00386  
5070.7  0.00417  
5074.9  0.00421  
5079.1  0.00417  
5083.2  0.00439  
5087.4  0.00444  
5091.6  0.00431  
5095.8  0.00439  
5100.0  0.00446  
5104.2  0.00438  
5108.4  0.00433  
5112.6  0.00433  
5116.7  0.00433  
5120.900000000001  0.00446  
5125.1  0.00465  
5129.299999999999  0.00476  
5133.5  0.0047  
5137.7  0.00458  
5141.900000000001  0.00475  
5146.1  0.00502  
5150.299999999999  0.00499  
5154.5  0.00481  
5158.7  0.00472  
5162.9  0.0049  
5167.1  0.00507  
5171.3  0.00495  
5175.4  0.00488  
5179.6  0.00493  
5183.8  0.00511  
5188.0  0.00527  
5192.200000000001  0.00519  
5196.4  0.00522  
5200.599999999999  0.00552  
5204.8  0.00543  
5209.0  0.00513  
5213.200000000001  0.00532  
5217.4  0.00552  
5221.599999999999  0.00558  
5225.8  0.00568  
5230.0  0.00557  
5234.2  0.00545  
5238.400000000001  0.00569  
5242.6  0.00606  
5246.799999999999  0.0062  
5251.0  0.00615  
5255.299999999999  0.00624  
5259.5  0.00644  
5263.7  0.00651  
5267.9  0.00645  
5272.1  0.0064  
5276.3  0.00648  
5280.5  0.00667  
5284.700000000001  0.00678  
5288.9  0.00686  
5293.099999999999  0.00717  
5297.3  0.00753  
5301.5  0.00776  
5305.700000000001  0.00797  
5309.9  0.00827  
5314.2  0.00866  
5318.400000000001  0.00917  
5322.6  0.00986  
5326.799999999999  0.01063  
5331.0  0.01136  
5335.2  0.01189  
5339.400000000001  0.01242  
5343.6  0.01318  
5347.9  0.01426  
5352.1  0.01558  
5356.3  0.01697  
5360.5  0.01818  
5364.700000000001  0.01937  
5368.9  0.02079  
5373.099999999999  0.02247  
5377.4  0.02438  
5381.599999999999  0.02665  
5385.8  0.02972  
5390.0  0.0336  
5394.2  0.03804  
5398.5  0.04333  
5402.7  0.0502  
5406.900000000001  0.05853  
5411.1  0.06803  
5415.299999999999  0.07889  
5419.6  0.09155  
5423.8  0.10648  
5428.0  0.12353  
5432.200000000001  0.1422  
5436.4  0.16235  
5440.700000000001  0.18467  
5444.9  0.20966  
5449.099999999999  0.23708  
5453.3  0.26691  
5457.6  0.29968  
5461.799999999999  0.33623  
5466.0  0.37701  
5470.2  0.42107  
5474.5  0.46771  
5478.7  0.5175  
5482.9  0.57036  
5487.1  0.62466  
5491.4  0.67843  
5495.599999999999  0.73048  
5499.8  0.7791  
5504.099999999999  0.8229  
5508.3  0.86175  
5512.5  0.8941  
5516.799999999999  0.91907  
5521.0  0.93784  
5525.2  0.95202  
5529.400000000001  0.96196  
5533.7  0.96799  
5537.9  0.97195  
5542.1  0.975  
5546.4  0.97688  
5550.599999999999  0.97777  
5554.8  0.97904  
5559.099999999999  0.9807  
5563.3  0.98106  
5567.6  0.98033  
5571.799999999999  0.98028  
5576.0  0.98087  
5580.299999999999  0.98099  
5584.5  0.98042  
5588.7  0.9796  
5593.0  0.979  
5597.200000000001  0.97884  
5601.5  0.97895  
5605.700000000001  0.97904  
5609.9  0.97964  
5614.2  0.98025  
5618.400000000001  0.98014  
5622.7  0.98031  
5626.900000000001  0.98052  
5631.1  0.98025  
5635.4  0.98002  
5639.6  0.97997  
5643.9  0.98005  
5648.099999999999  0.97958  
5652.4  0.97882  
5656.599999999999  0.97853  
5660.8  0.978  
5665.1  0.97726  
5669.299999999999  0.97689  
5673.6  0.97669  
5677.799999999999  0.97636  
5682.1  0.97538  
5686.3  0.97442  
5690.599999999999  0.97457  
5694.8  0.97474  
5699.099999999999  0.9744  
5703.3  0.97437  
5707.6  0.97439  
5711.799999999999  0.97441  
5716.1  0.97443  
5720.299999999999  0.97465  
5724.6  0.97579  
5728.8  0.97714  
5733.099999999999  0.97759  
5737.3  0.97804  
5741.599999999999  0.97894  
5745.8  0.97911  
5750.1  0.97876  
5754.299999999999  0.97945  
5758.6  0.98018  
5762.9  0.97987  
5767.1  0.97989  
5771.4  0.98035  
5775.599999999999  0.9802  
5779.9  0.98011  
5784.099999999999  0.98045  
5788.400000000001  0.98063  
5792.6  0.98039  
5796.900000000001  0.97941  
5801.2  0.97869  
5805.4  0.97904  
5809.700000000001  0.97923  
5813.9  0.97916  
5818.200000000001  0.97952  
5822.5  0.97951  
5826.7  0.97928  
5831.0  0.98007  
5835.2  0.98112  
5839.5  0.98122  
5843.8  0.98134  
5848.0  0.98142  
5852.3  0.98043  
5856.599999999999  0.97968  
5860.8  0.98017  
5865.1  0.98037  
5869.400000000001  0.97966  
5873.6  0.979  
5877.9  0.97899  
5882.200000000001  0.97899  
5886.4  0.97837  
5890.700000000001  0.97779  
5895.0  0.97779  
5899.2  0.97808  
5903.5  0.97813  
5907.799999999999  0.97804  
5912.0  0.97831  
5916.3  0.97872  
5920.599999999999  0.97922  
5924.8  0.97978  
5929.099999999999  0.97989  
5933.400000000001  0.97991  
5937.7  0.98018  
5941.900000000001  0.97988  
5946.2  0.97917  
5950.5  0.97871  
5954.700000000001  0.9786  
5959.0  0.97833  
5963.3  0.97786  
5967.6  0.97786  
5971.799999999999  0.97782  
5976.1  0.97755  
5980.4  0.97776  
5984.700000000001  0.9784  
5989.0  0.97883  
5993.200000000001  0.97861  
5997.5  0.97809  
6001.799999999999  0.97845  
6006.1  0.97942  
6010.299999999999  0.97943  
6014.6  0.9795  
6018.9  0.98  
6023.200000000001  0.97985  
6027.5  0.97976  
6031.7  0.9802  
6036.0  0.98013  
6040.299999999999  0.97886  
6044.6  0.97784  
6048.9  0.97826  
6053.099999999999  0.97858  
6057.4  0.97768  
6061.7  0.97675  
6066.0  0.97687  
6070.299999999999  0.97715  
6074.6  0.97677  
6078.9  0.97675  
6083.099999999999  0.97768  
6087.4  0.97867  
6091.7  0.97889  
6096.0  0.97884  
6100.299999999999  0.97932  
6104.6  0.98006  
6108.9  0.98068  
6113.099999999999  0.98092  
6117.4  0.98055  
6121.7  0.9799  
6126.0  0.97969  
6130.299999999999  0.97976  
6134.6  0.9795  
6138.9  0.97895  
6143.200000000001  0.97851  
6147.5  0.97827  
6151.799999999999  0.97771  
6156.1  0.97737  
6160.299999999999  0.97823  
6164.6  0.97935  
6168.9  0.97945  
6173.200000000001  0.97946  
6177.5  0.9802  
6181.799999999999  0.98074  
6186.1  0.98091  
6190.4  0.98149  
6194.700000000001  0.98194  
6199.0  0.98166  
6203.3  0.98138  
6207.6  0.98135  
6211.900000000001  0.98097  
6216.2  0.9805  
6220.5  0.98059  
6224.8  0.98099  
6229.099999999999  0.98102  
6233.400000000001  0.98045  
6237.7  0.98016  
6242.0  0.98075  
6246.3  0.98131  
6250.599999999999  0.98104  
6254.9  0.98038  
6259.2  0.97982  
6263.5  0.97947  
6267.799999999999  0.97906  
6272.1  0.979  
6276.4  0.97965  
6280.700000000001  0.97961  
6285.0  0.97874  
6289.299999999999  0.97842  
6293.6  0.97869  
6297.9  0.97853  
6302.200000000001  0.97787  
6306.5  0.97772  
6310.8  0.97833  
6315.1  0.97892  
6319.400000000001  0.97897  
6323.8  0.97932  
6328.099999999999  0.98026  
6332.4  0.98069  
6336.7  0.98041  
6341.0  0.97993  
6345.299999999999  0.97946  
6349.6  0.97917  
6353.9  0.97893  
6358.200000000001  0.97898  
6362.5  0.97903  
6366.900000000001  0.97848  
6371.2  0.97801  
6375.5  0.97773  
6379.8  0.97701  
6384.099999999999  0.97636  
6388.400000000001  0.9764  
6392.7  0.9769  
6397.0  0.97775  
6401.4  0.9788  
6405.700000000001  0.97921  
6410.0  0.97926  
6414.299999999999  0.97954  
6418.6  0.97991  
6422.9  0.98006  
6427.3  0.98005  
6431.599999999999  0.98046  
6435.900000000001  0.98057  
6440.2  0.98003  
6444.5  0.97986  
6448.8  0.97997  
6453.200000000001  0.97977  
6457.5  0.97963  
6461.799999999999  0.97939  
6466.1  0.97925  
6470.4  0.97915  
6474.8  0.97916  
6479.099999999999  0.9795  
6483.400000000001  0.97956  
6487.7  0.97956  
6492.1  0.98029  
6496.4  0.98105  
6500.700000000001  0.98091  
6505.0  0.98093  
6509.299999999999  0.98174  
6513.7  0.98253  
6518.0  0.9824  
6522.3  0.98178  
6526.599999999999  0.98175  
6531.0  0.98243  
6535.299999999999  0.98279  
6539.6  0.9826  
6544.0  0.98271  
6548.3  0.98327  
6552.6  0.98345  
6556.900000000001  0.98298  
6561.3  0.98254  
6565.599999999999  0.98251  
6569.9  0.98261  
6574.299999999999  0.98264  
6578.6  0.98245  
6582.9  0.982  
6587.200000000001  0.98154  
6591.599999999999  0.9814  
6595.900000000001  0.98181  
6600.2  0.9823  
6604.6  0.98211  
6608.9  0.98149  
6613.200000000001  0.98123  
6617.6  0.98188  
6621.900000000001  0.9827  
6626.2  0.98259  
6630.599999999999  0.98228  
6634.9  0.9827  
6639.2  0.98329  
6643.6  0.98301  
6647.9  0.98256  
6652.3  0.98273  
6656.599999999999  0.98242  
6660.900000000001  0.98147  
6665.299999999999  0.98066  
6669.6  0.98038  
6673.9  0.98051  
6678.3  0.98048  
6682.6  0.98004  
6687.0  0.97923  
6691.3  0.97906  
6695.599999999999  0.97989  
6700.0  0.98045  
6704.299999999999  0.98041  
6708.7  0.98031  
6713.0  0.98036  
6717.3  0.98105  
6721.7  0.98186  
6726.0  0.98193  
6730.4  0.98162  
6734.700000000001  0.98162  
6739.099999999999  0.98152  
6743.400000000001  0.98118  
6747.7  0.98115  
6752.1  0.98131  
6756.4  0.98121  
6760.8  0.98054  
6765.1  0.98009  
6769.5  0.98073  
6773.8  0.98138  
6778.200000000001  0.98135  
6782.5  0.98124  
6786.900000000001  0.9812  
6791.2  0.98143  
6795.599999999999  0.98218  
6799.9  0.98254  
6804.299999999999  0.98223  
6808.6  0.98202  
6813.0  0.98184  
6817.3  0.98177  
6821.7  0.98199  
6826.0  0.98229  
6830.4  0.98225  
6834.700000000001  0.98197  
6839.099999999999  0.98156  
6843.400000000001  0.98139  
6847.799999999999  0.98203  
6852.1  0.98252  
6856.5  0.98186  
6860.8  0.98105  
6865.2  0.98111  
6869.5  0.98176  
6873.9  0.98224  
6878.3  0.98193  
6882.6  0.98101  
6887.0  0.98027  
6891.3  0.97942  
6895.700000000001  0.97744  
6900.0  0.97383  
6904.400000000001  0.96909  
6908.8  0.96316  
6913.099999999999  0.95514  
6917.5  0.94483  
6921.799999999999  0.93205  
6926.2  0.9164  
6930.599999999999  0.89748  
6934.9  0.87547  
6939.299999999999  0.85091  
6943.6  0.82341  
6948.0  0.7927  
6952.4  0.75988  
6956.7  0.72541  
6961.1  0.6891  
6965.4  0.65139  
6969.8  0.6125  
6974.2  0.57346  
6978.5  0.53485  
6982.9  0.49631  
6987.3  0.45817  
6991.599999999999  0.42088  
6996.0  0.38401  
7000.4  0.34774  
7004.700000000001  0.3128  
7009.099999999999  0.27928  
7013.5  0.24689  
7017.799999999999  0.21572  
7022.200000000001  0.18648  
7026.599999999999  0.15988  
7030.900000000001  0.13613  
7035.299999999999  0.11541  
7039.700000000001  0.09776  
7044.0  0.08262  
7048.400000000001  0.06982  
7052.799999999999  0.05935  
7057.1  0.05098  
7061.5  0.04415  
7065.900000000001  0.03853  
7070.299999999999  0.034  
7074.6  0.0302  
7079.0  0.02697  
7083.400000000001  0.02449  
7087.7  0.02245  
7092.1  0.02053  
7096.5  0.01889  
7100.900000000001  0.01755  
7105.2  0.01636  
7109.6  0.01517  
7114.0  0.01397  
7118.400000000001  0.01298  
7122.7  0.01223  
7127.1  0.01157  
7131.5  0.01089  
7135.900000000001  0.01004  
7140.2  0.00915  
7144.6  0.00842  
7149.0  0.00786  
7153.400000000001  0.00731  
7157.799999999999  0.00673  
7162.1  0.00622  
7166.5  0.00575  
7170.900000000001  0.00534  
7175.299999999999  0.0051  
7179.700000000001  0.00489  
7184.0  0.00454  
7188.400000000001  0.00421  
7192.799999999999  0.00416  
7197.200000000001  0.00415  
7201.599999999999  0.00384  
7205.900000000001  0.00347  
7210.299999999999  0.0034  
7214.700000000001  0.00356  
7219.099999999999  0.0037  
7223.5  0.00356  
7227.9  0.00325  
7232.200000000001  0.00309  
7236.599999999999  0.00322  
7241.0  0.00327  
7245.4  0.00312  
7249.8  0.00312  
7254.2  0.0032  
7258.5  0.00303  
7262.9  0.00289  
7267.3  0.00301  
7271.7  0.00312  
7276.1  0.00308  
7280.5  0.00294  
7284.9  0.0028  
7289.299999999999  0.00274  
7293.7  0.00277  
7298.0  0.0028  
7302.4  0.00284  
7306.799999999999  0.00282  
7311.2  0.00272  
7315.599999999999  0.0027  
7320.0  0.00278  
7324.400000000001  0.00279  
7328.8  0.0027  
7333.200000000001  0.00266  
7337.6  0.00264  
7341.900000000001  0.00263  
7346.3  0.00266  
7350.700000000001  0.00264  
7355.1  0.00263  
7359.5  0.00263  
7363.9  0.00254  
7368.3  0.00247  
7372.7  0.00246  
7377.1  0.00243  
7381.5  0.00241  
7385.900000000001  0.00253  
7390.299999999999  0.00259  
7394.700000000001  0.00254  
7399.099999999999  0.00253  

