@MEASUREMENT_RADIUS 18.0 cm
#lambda:
#tr:
#end
5003.8  0.00402  
5008.0  0.00383  
5012.099999999999  0.00372  
5016.3  0.00397  
5020.5  0.00428  
5024.700000000001  0.00429  
5028.8  0.00426  
5033.0  0.00424  
5037.200000000001  0.00407  
5041.4  0.00399  
5045.6  0.00417  
5049.8  0.00431  
5053.9  0.00438  
5058.1  0.00456  
5062.3  0.00451  
5066.5  0.0042  
5070.7  0.00407  
5074.9  0.00426  
5079.1  0.00441  
5083.2  0.0044  
5087.4  0.00432  
5091.6  0.00435  
5095.8  0.00447  
5100.0  0.00451  
5104.2  0.00442  
5108.4  0.00438  
5112.6  0.00445  
5116.7  0.00449  
5120.900000000001  0.00461  
5125.1  0.00477  
5129.299999999999  0.00481  
5133.5  0.00475  
5137.7  0.00475  
5141.900000000001  0.00473  
5146.1  0.00469  
5150.299999999999  0.00476  
5154.5  0.00479  
5158.7  0.00475  
5162.9  0.00481  
5167.1  0.00501  
5171.3  0.0051  
5175.4  0.00505  
5179.6  0.00509  
5183.8  0.00517  
5188.0  0.00497  
5192.200000000001  0.00486  
5196.4  0.00528  
5200.599999999999  0.00564  
5204.8  0.00547  
5209.0  0.00511  
5213.200000000001  0.00525  
5217.4  0.0058  
5221.599999999999  0.00606  
5225.8  0.00597  
5230.0  0.00574  
5234.2  0.00554  
5238.400000000001  0.00568  
5242.6  0.00596  
5246.799999999999  0.00612  
5251.0  0.00615  
5255.299999999999  0.00624  
5259.5  0.00635  
5263.7  0.00643  
5267.9  0.00663  
5272.1  0.00681  
5276.3  0.00687  
5280.5  0.007  
5284.700000000001  0.00712  
5288.9  0.00736  
5293.099999999999  0.00771  
5297.3  0.00784  
5301.5  0.00799  
5305.700000000001  0.00849  
5309.9  0.00903  
5314.2  0.00951  
5318.400000000001  0.01007  
5322.6  0.01056  
5326.799999999999  0.01114  
5331.0  0.01219  
5335.2  0.01337  
5339.400000000001  0.01413  
5343.6  0.01498  
5347.9  0.0163  
5352.1  0.01736  
5356.3  0.01833  
5360.5  0.01989  
5364.700000000001  0.02187  
5368.9  0.02375  
5373.099999999999  0.02575  
5377.4  0.02831  
5381.599999999999  0.03158  
5385.8  0.0355  
5390.0  0.04023  
5394.2  0.04623  
5398.5  0.05353  
5402.7  0.06195  
5406.900000000001  0.07186  
5411.1  0.08368  
5415.299999999999  0.09772  
5419.6  0.11385  
5423.8  0.1317  
5428.0  0.15136  
5432.200000000001  0.17323  
5436.4  0.19746  
5440.700000000001  0.22371  
5444.9  0.25232  
5449.099999999999  0.28389  
5453.3  0.31825  
5457.6  0.35585  
5461.799999999999  0.39724  
5466.0  0.44182  
5470.2  0.48897  
5474.5  0.53921  
5478.7  0.592  
5482.9  0.64542  
5487.1  0.69793  
5491.4  0.74813  
5495.599999999999  0.79473  
5499.8  0.83669  
5504.099999999999  0.87356  
5508.3  0.90451  
5512.5  0.92836  
5516.799999999999  0.94521  
5521.0  0.95696  
5525.2  0.96625  
5529.400000000001  0.9729  
5533.7  0.97587  
5537.9  0.97752  
5542.1  0.97996  
5546.4  0.98196  
5550.599999999999  0.98212  
5554.8  0.98116  
5559.099999999999  0.98085  
5563.3  0.98155  
5567.6  0.98171  
5571.799999999999  0.98112  
5576.0  0.98071  
5580.299999999999  0.98025  
5584.5  0.9796  
5588.7  0.97964  
5593.0  0.98054  
5597.200000000001  0.9808  
5601.5  0.98021  
5605.700000000001  0.98012  
5609.9  0.98068  
5614.2  0.98121  
5618.400000000001  0.98147  
5622.7  0.98116  
5626.900000000001  0.98038  
5631.1  0.97988  
5635.4  0.98005  
5639.6  0.9806  
5643.9  0.98092  
5648.099999999999  0.98023  
5652.4  0.97932  
5656.599999999999  0.97929  
5660.8  0.97936  
5665.1  0.97867  
5669.299999999999  0.97799  
5673.6  0.97837  
5677.799999999999  0.97896  
5682.1  0.9784  
5686.3  0.97702  
5690.599999999999  0.97632  
5694.8  0.97662  
5699.099999999999  0.97702  
5703.3  0.97715  
5707.6  0.97681  
5711.799999999999  0.97641  
5716.1  0.9765  
5720.299999999999  0.97705  
5724.6  0.97787  
5728.8  0.97885  
5733.099999999999  0.97919  
5737.3  0.97903  
5741.599999999999  0.97949  
5745.8  0.98027  
5750.1  0.98012  
5754.299999999999  0.97998  
5758.6  0.98075  
5762.9  0.98129  
5767.1  0.98111  
5771.4  0.98088  
5775.599999999999  0.98085  
5779.9  0.9807  
5784.099999999999  0.98073  
5788.400000000001  0.98107  
5792.6  0.98079  
5796.900000000001  0.97988  
5801.2  0.97954  
5805.4  0.98014  
5809.700000000001  0.98029  
5813.9  0.97987  
5818.200000000001  0.98024  
5822.5  0.98106  
5826.7  0.98125  
5831.0  0.98109  
5835.2  0.98144  
5839.5  0.98212  
5843.8  0.98247  
5848.0  0.98217  
5852.3  0.98175  
5856.599999999999  0.98168  
5860.8  0.98153  
5865.1  0.98114  
5869.400000000001  0.98058  
5873.6  0.97972  
5877.9  0.97938  
5882.200000000001  0.97939  
5886.4  0.9789  
5890.700000000001  0.9786  
5895.0  0.97888  
5899.2  0.979  
5903.5  0.97912  
5907.799999999999  0.97943  
5912.0  0.97973  
5916.3  0.97998  
5920.599999999999  0.98018  
5924.8  0.98056  
5929.099999999999  0.98096  
5933.400000000001  0.98125  
5937.7  0.98137  
5941.900000000001  0.98085  
5946.2  0.97995  
5950.5  0.97954  
5954.700000000001  0.97978  
5959.0  0.97984  
5963.3  0.97938  
5967.6  0.97902  
5971.799999999999  0.97889  
5976.1  0.979  
5980.4  0.97934  
5984.700000000001  0.97928  
5989.0  0.97944  
5993.200000000001  0.97981  
5997.5  0.97961  
6001.799999999999  0.97968  
6006.1  0.98033  
6010.299999999999  0.98031  
6014.6  0.98044  
6018.9  0.98132  
6023.200000000001  0.98133  
6027.5  0.98071  
6031.7  0.98073  
6036.0  0.98125  
6040.299999999999  0.98129  
6044.6  0.98051  
6048.9  0.97968  
6053.099999999999  0.97924  
6057.4  0.97945  
6061.7  0.97974  
6066.0  0.97947  
6070.299999999999  0.9791  
6074.6  0.97907  
6078.9  0.97956  
6083.099999999999  0.98031  
6087.4  0.98034  
6091.7  0.98032  
6096.0  0.9809  
6100.299999999999  0.98118  
6104.6  0.98115  
6108.9  0.98189  
6113.099999999999  0.98277  
6117.4  0.98234  
6121.7  0.98098  
6126.0  0.98037  
6130.299999999999  0.9811  
6134.6  0.98166  
6138.9  0.98084  
6143.200000000001  0.97995  
6147.5  0.98009  
6151.799999999999  0.9802  
6156.1  0.97966  
6160.299999999999  0.97953  
6164.6  0.98032  
6168.9  0.98103  
6173.200000000001  0.98142  
6177.5  0.98216  
6181.799999999999  0.98244  
6186.1  0.98188  
6190.4  0.98167  
6194.700000000001  0.98193  
6199.0  0.98172  
6203.3  0.98127  
6207.6  0.98142  
6211.900000000001  0.98153  
6216.2  0.98112  
6220.5  0.981  
6224.8  0.98123  
6229.099999999999  0.98119  
6233.400000000001  0.9808  
6237.7  0.98024  
6242.0  0.98025  
6246.3  0.98072  
6250.599999999999  0.98092  
6254.9  0.98094  
6259.2  0.9808  
6263.5  0.98056  
6267.799999999999  0.98062  
6272.1  0.98097  
6276.4  0.98095  
6280.700000000001  0.98018  
6285.0  0.9797  
6289.299999999999  0.97991  
6293.6  0.97993  
6297.9  0.97977  
6302.200000000001  0.97945  
6306.5  0.97917  
6310.8  0.97997  
6315.1  0.98114  
6319.400000000001  0.9811  
6323.8  0.98081  
6328.099999999999  0.98174  
6332.4  0.98251  
6336.7  0.98201  
6341.0  0.98122  
6345.299999999999  0.98064  
6349.6  0.98046  
6353.9  0.98061  
6358.200000000001  0.98057  
6362.5  0.98021  
6366.900000000001  0.9795  
6371.2  0.97899  
6375.5  0.97904  
6379.8  0.97894  
6384.099999999999  0.97864  
6388.400000000001  0.97886  
6392.7  0.97948  
6397.0  0.97994  
6401.4  0.98045  
6405.700000000001  0.981  
6410.0  0.98112  
6414.299999999999  0.98092  
6418.6  0.981  
6422.9  0.98156  
6427.3  0.98203  
6431.599999999999  0.98184  
6435.900000000001  0.9813  
6440.2  0.98154  
6444.5  0.98207  
6448.8  0.98168  
6453.200000000001  0.98108  
6457.5  0.98072  
6461.799999999999  0.98054  
6466.1  0.98101  
6470.4  0.98131  
6474.8  0.98135  
6479.099999999999  0.9817  
6483.400000000001  0.98177  
6487.7  0.98161  
6492.1  0.98208  
6496.4  0.98273  
6500.700000000001  0.98304  
6505.0  0.98307  
6509.299999999999  0.98288  
6513.7  0.98309  
6518.0  0.98361  
6522.3  0.98374  
6526.599999999999  0.98354  
6531.0  0.98369  
6535.299999999999  0.98395  
6539.6  0.98365  
6544.0  0.9836  
6548.3  0.98406  
6552.6  0.98395  
6556.900000000001  0.98363  
6561.3  0.9837  
6565.599999999999  0.98354  
6569.9  0.98313  
6574.299999999999  0.98292  
6578.6  0.98303  
6582.9  0.98291  
6587.200000000001  0.9827  
6591.599999999999  0.98309  
6595.900000000001  0.9834  
6600.2  0.98277  
6604.6  0.98232  
6608.9  0.98247  
6613.200000000001  0.98254  
6617.6  0.98282  
6621.900000000001  0.98338  
6626.2  0.98373  
6630.599999999999  0.98398  
6634.9  0.98418  
6639.2  0.98435  
6643.6  0.98422  
6647.9  0.98376  
6652.3  0.98363  
6656.599999999999  0.98351  
6660.900000000001  0.98289  
6665.299999999999  0.98239  
6669.6  0.98234  
6673.9  0.98226  
6678.3  0.98204  
6682.6  0.98237  
6687.0  0.98237  
6691.3  0.98171  
6695.599999999999  0.98173  
6700.0  0.98224  
6704.299999999999  0.98228  
6708.7  0.98228  
6713.0  0.98253  
6717.3  0.98293  
6721.7  0.983  
6726.0  0.98273  
6730.4  0.98305  
6734.700000000001  0.98344  
6739.099999999999  0.98313  
6743.400000000001  0.9827  
6747.7  0.98215  
6752.1  0.98198  
6756.4  0.98287  
6760.8  0.98346  
6765.1  0.98293  
6769.5  0.98246  
6773.8  0.98234  
6778.200000000001  0.98224  
6782.5  0.98242  
6786.900000000001  0.98272  
6791.2  0.98295  
6795.599999999999  0.98344  
6799.9  0.9838  
6804.299999999999  0.98329  
6808.6  0.98208  
6813.0  0.98197  
6817.3  0.98331  
6821.7  0.98385  
6826.0  0.98323  
6830.4  0.98274  
6834.700000000001  0.98266  
6839.099999999999  0.98253  
6843.400000000001  0.98258  
6847.799999999999  0.98302  
6852.1  0.98321  
6856.5  0.98263  
6860.8  0.98218  
6865.2  0.98224  
6869.5  0.98249  
6873.9  0.98245  
6878.3  0.98161  
6882.6  0.98048  
6887.0  0.97897  
6891.3  0.97653  
6895.700000000001  0.97335  
6900.0  0.96865  
6904.400000000001  0.96213  
6908.8  0.95376  
6913.099999999999  0.94261  
6917.5  0.92905  
6921.799999999999  0.91315  
6926.2  0.89436  
6930.599999999999  0.87245  
6934.9  0.84744  
6939.299999999999  0.81992  
6943.6  0.79014  
6948.0  0.75745  
6952.4  0.72242  
6956.7  0.68599  
6961.1  0.64847  
6965.4  0.61028  
6969.8  0.57142  
6974.2  0.5326  
6978.5  0.49426  
6982.9  0.45623  
6987.3  0.41892  
6991.599999999999  0.38224  
6996.0  0.34612  
7000.4  0.31119  
7004.700000000001  0.27756  
7009.099999999999  0.24532  
7013.5  0.21478  
7017.799999999999  0.1862  
7022.200000000001  0.1601  
7026.599999999999  0.13683  
7030.900000000001  0.1162  
7035.299999999999  0.09841  
7039.700000000001  0.08344  
7044.0  0.07097  
7048.400000000001  0.06074  
7052.799999999999  0.05212  
7057.1  0.04497  
7061.5  0.0393  
7065.900000000001  0.03481  
7070.299999999999  0.03096  
7074.6  0.02755  
7079.0  0.0248  
7083.400000000001  0.02275  
7087.7  0.021  
7092.1  0.01926  
7096.5  0.01765  
7100.900000000001  0.01635  
7105.2  0.01529  
7109.6  0.01421  
7114.0  0.01313  
7118.400000000001  0.01223  
7122.7  0.01143  
7127.1  0.01063  
7131.5  0.0099  
7135.900000000001  0.00917  
7140.2  0.00838  
7144.6  0.00766  
7149.0  0.00707  
7153.400000000001  0.00657  
7157.799999999999  0.00611  
7162.1  0.0057  
7166.5  0.00536  
7170.900000000001  0.0051  
7175.299999999999  0.00478  
7179.700000000001  0.00443  
7184.0  0.00418  
7188.400000000001  0.00402  
7192.799999999999  0.00388  
7197.200000000001  0.00381  
7201.599999999999  0.00372  
7205.900000000001  0.00351  
7210.299999999999  0.0034  
7214.700000000001  0.00353  
7219.099999999999  0.00353  
7223.5  0.00329  
7227.9  0.00317  
7232.200000000001  0.00323  
7236.599999999999  0.00315  
7241.0  0.003  
7245.4  0.00295  
7249.8  0.00293  
7254.2  0.00298  
7258.5  0.00306  
7262.9  0.00301  
7267.3  0.00297  
7271.7  0.003  
7276.1  0.00288  
7280.5  0.00269  
7284.9  0.00277  
7289.299999999999  0.00294  
7293.7  0.00283  
7298.0  0.00268  
7302.4  0.00268  
7306.799999999999  0.00272  
7311.2  0.00277  
7315.599999999999  0.00277  
7320.0  0.00269  
7324.400000000001  0.00264  
7328.8  0.00267  
7333.200000000001  0.0027  
7337.6  0.00269  
7341.900000000001  0.00268  
7346.3  0.00262  
7350.700000000001  0.00254  
7355.1  0.00263  
7359.5  0.00275  
7363.9  0.00263  
7368.3  0.00246  
7372.7  0.00247  
7377.1  0.00259  
7381.5  0.00265  
7385.900000000001  0.00252  
7390.299999999999  0.00228  
7394.700000000001  0.00232  
7399.099999999999  0.00255  

