@MEASUREMENT_RADIUS 13.0 cm
#lambda:
#tr:
#end
5003.8  0.0037  
5008.0  0.00358  
5012.099999999999  0.00396  
5016.3  0.00414  
5020.5  0.00386  
5024.700000000001  0.00394  
5028.8  0.00426  
5033.0  0.00403  
5037.200000000001  0.00385  
5041.4  0.00414  
5045.6  0.00439  
5049.8  0.00423  
5053.9  0.00397  
5058.1  0.00392  
5062.3  0.00411  
5066.5  0.00416  
5070.7  0.00413  
5074.9  0.00428  
5079.1  0.00433  
5083.2  0.00432  
5087.4  0.0045  
5091.6  0.00468  
5095.8  0.00454  
5100.0  0.00438  
5104.2  0.00458  
5108.4  0.00473  
5112.6  0.00455  
5116.7  0.00422  
5120.900000000001  0.00407  
5125.1  0.00436  
5129.299999999999  0.00469  
5133.5  0.00476  
5137.7  0.00482  
5141.900000000001  0.00465  
5146.1  0.00432  
5150.299999999999  0.00449  
5154.5  0.00467  
5158.7  0.00462  
5162.9  0.00476  
5167.1  0.00503  
5171.3  0.00509  
5175.4  0.00494  
5179.6  0.0049  
5183.8  0.00497  
5188.0  0.00504  
5192.200000000001  0.00519  
5196.4  0.00525  
5200.599999999999  0.00514  
5204.8  0.00505  
5209.0  0.00514  
5213.200000000001  0.00532  
5217.4  0.00543  
5221.599999999999  0.00548  
5225.8  0.00552  
5230.0  0.00572  
5234.2  0.00574  
5238.400000000001  0.00565  
5242.6  0.00578  
5246.799999999999  0.00615  
5251.0  0.00638  
5255.299999999999  0.00622  
5259.5  0.00612  
5263.7  0.00629  
5267.9  0.00642  
5272.1  0.00658  
5276.3  0.00696  
5280.5  0.00715  
5284.700000000001  0.00698  
5288.9  0.00696  
5293.099999999999  0.00743  
5297.3  0.00784  
5301.5  0.00788  
5305.700000000001  0.00809  
5309.9  0.0087  
5314.2  0.00928  
5318.400000000001  0.00976  
5322.6  0.01037  
5326.799999999999  0.01094  
5331.0  0.01166  
5335.2  0.01265  
5339.400000000001  0.01373  
5343.6  0.0146  
5347.9  0.01546  
5352.1  0.0167  
5356.3  0.01786  
5360.5  0.01878  
5364.700000000001  0.02024  
5368.9  0.02214  
5373.099999999999  0.02412  
5377.4  0.02654  
5381.599999999999  0.02941  
5385.8  0.03266  
5390.0  0.03674  
5394.2  0.042  
5398.5  0.04819  
5402.7  0.05547  
5406.900000000001  0.06449  
5411.1  0.07549  
5415.299999999999  0.08822  
5419.6  0.10237  
5423.8  0.11846  
5428.0  0.13691  
5432.200000000001  0.15746  
5436.4  0.17985  
5440.700000000001  0.2042  
5444.9  0.23078  
5449.099999999999  0.26017  
5453.3  0.29256  
5457.6  0.32793  
5461.799999999999  0.36674  
5466.0  0.40918  
5470.2  0.455  
5474.5  0.50378  
5478.7  0.55499  
5482.9  0.60813  
5487.1  0.66156  
5491.4  0.71384  
5495.599999999999  0.76387  
5499.8  0.80953  
5504.099999999999  0.84983  
5508.3  0.88432  
5512.5  0.91198  
5516.799999999999  0.9333  
5521.0  0.94938  
5525.2  0.96075  
5529.400000000001  0.96805  
5533.7  0.97251  
5537.9  0.97561  
5542.1  0.97843  
5546.4  0.98041  
5550.599999999999  0.98066  
5554.8  0.98033  
5559.099999999999  0.98098  
5563.3  0.98183  
5567.6  0.98174  
5571.799999999999  0.98118  
5576.0  0.98097  
5580.299999999999  0.98069  
5584.5  0.97982  
5588.7  0.97942  
5593.0  0.97999  
5597.200000000001  0.97993  
5601.5  0.97944  
5605.700000000001  0.97995  
5609.9  0.98065  
5614.2  0.9805  
5618.400000000001  0.98044  
5622.7  0.98114  
5626.900000000001  0.98155  
5631.1  0.98136  
5635.4  0.98085  
5639.6  0.98027  
5643.9  0.98019  
5648.099999999999  0.97985  
5652.4  0.97909  
5656.599999999999  0.97882  
5660.8  0.9789  
5665.1  0.97858  
5669.299999999999  0.97825  
5673.6  0.97813  
5677.799999999999  0.97741  
5682.1  0.97654  
5686.3  0.97649  
5690.599999999999  0.97661  
5694.8  0.97609  
5699.099999999999  0.97563  
5703.3  0.97562  
5707.6  0.97559  
5711.799999999999  0.97587  
5716.1  0.97642  
5720.299999999999  0.97693  
5724.6  0.97734  
5728.8  0.97788  
5733.099999999999  0.97833  
5737.3  0.97854  
5741.599999999999  0.97948  
5745.8  0.98058  
5750.1  0.98034  
5754.299999999999  0.98026  
5758.6  0.98134  
5762.9  0.98182  
5767.1  0.98147  
5771.4  0.98088  
5775.599999999999  0.98027  
5779.9  0.98035  
5784.099999999999  0.98084  
5788.400000000001  0.98134  
5792.6  0.98117  
5796.900000000001  0.98011  
5801.2  0.97927  
5805.4  0.97941  
5809.700000000001  0.97963  
5813.9  0.97951  
5818.200000000001  0.9798  
5822.5  0.98021  
5826.7  0.98028  
5831.0  0.9803  
5835.2  0.98079  
5839.5  0.98151  
5843.8  0.9818  
5848.0  0.98129  
5852.3  0.98083  
5856.599999999999  0.98127  
5860.8  0.98152  
5865.1  0.98085  
5869.400000000001  0.98008  
5873.6  0.97954  
5877.9  0.9792  
5882.200000000001  0.97916  
5886.4  0.97884  
5890.700000000001  0.97847  
5895.0  0.97847  
5899.2  0.97864  
5903.5  0.9789  
5907.799999999999  0.97917  
5912.0  0.97926  
5916.3  0.97936  
5920.599999999999  0.97984  
5924.8  0.98029  
5929.099999999999  0.98028  
5933.400000000001  0.98041  
5937.7  0.98084  
5941.900000000001  0.98059  
5946.2  0.97963  
5950.5  0.9792  
5954.700000000001  0.97943  
5959.0  0.97941  
5963.3  0.97895  
5967.6  0.97898  
5971.799999999999  0.97932  
5976.1  0.97907  
5980.4  0.97872  
5984.700000000001  0.97861  
5989.0  0.97873  
5993.200000000001  0.97929  
5997.5  0.97987  
6001.799999999999  0.9799  
6006.1  0.97986  
6010.299999999999  0.98007  
6014.6  0.98044  
6018.9  0.98058  
6023.200000000001  0.98049  
6027.5  0.98056  
6031.7  0.98081  
6036.0  0.98113  
6040.299999999999  0.98108  
6044.6  0.98037  
6048.9  0.97958  
6053.099999999999  0.97913  
6057.4  0.97886  
6061.7  0.97855  
6066.0  0.9787  
6070.299999999999  0.97897  
6074.6  0.97875  
6078.9  0.97888  
6083.099999999999  0.97973  
6087.4  0.97995  
6091.7  0.97996  
6096.0  0.98087  
6100.299999999999  0.98128  
6104.6  0.9808  
6108.9  0.98095  
6113.099999999999  0.98149  
6117.4  0.98168  
6121.7  0.98144  
6126.0  0.98085  
6130.299999999999  0.98032  
6134.6  0.98023  
6138.9  0.98043  
6143.200000000001  0.97998  
6147.5  0.979  
6151.799999999999  0.9788  
6156.1  0.97923  
6160.299999999999  0.97951  
6164.6  0.97999  
6168.9  0.98062  
6173.200000000001  0.98097  
6177.5  0.98151  
6181.799999999999  0.98199  
6186.1  0.98185  
6190.4  0.98165  
6194.700000000001  0.98198  
6199.0  0.9823  
6203.3  0.9822  
6207.6  0.98191  
6211.900000000001  0.98159  
6216.2  0.98133  
6220.5  0.98114  
6224.8  0.98099  
6229.099999999999  0.9807  
6233.400000000001  0.9803  
6237.7  0.97994  
6242.0  0.98018  
6246.3  0.98103  
6250.599999999999  0.98137  
6254.9  0.98092  
6259.2  0.98092  
6263.5  0.98114  
6267.799999999999  0.9805  
6272.1  0.97983  
6276.4  0.97975  
6280.700000000001  0.97959  
6285.0  0.97954  
6289.299999999999  0.97982  
6293.6  0.97964  
6297.9  0.97917  
6302.200000000001  0.97923  
6306.5  0.97972  
6310.8  0.97989  
6315.1  0.97983  
6319.400000000001  0.97984  
6323.8  0.98031  
6328.099999999999  0.98132  
6332.4  0.98187  
6336.7  0.98133  
6341.0  0.98076  
6345.299999999999  0.98061  
6349.6  0.98026  
6353.9  0.97982  
6358.200000000001  0.97958  
6362.5  0.97967  
6366.900000000001  0.97957  
6371.2  0.97857  
6375.5  0.97796  
6379.8  0.97825  
6384.099999999999  0.97825  
6388.400000000001  0.97825  
6392.7  0.97874  
6397.0  0.97896  
6401.4  0.97929  
6405.700000000001  0.97993  
6410.0  0.98015  
6414.299999999999  0.98019  
6418.6  0.98094  
6422.9  0.98179  
6427.3  0.98136  
6431.599999999999  0.98067  
6435.900000000001  0.98095  
6440.2  0.98181  
6444.5  0.98197  
6448.8  0.98097  
6453.200000000001  0.98014  
6457.5  0.98022  
6461.799999999999  0.98029  
6466.1  0.98032  
6470.4  0.98059  
6474.8  0.98066  
6479.099999999999  0.98076  
6483.400000000001  0.98121  
6487.7  0.98163  
6492.1  0.98164  
6496.4  0.98152  
6500.700000000001  0.98172  
6505.0  0.9824  
6509.299999999999  0.98309  
6513.7  0.98337  
6518.0  0.98347  
6522.3  0.98334  
6526.599999999999  0.98294  
6531.0  0.98316  
6535.299999999999  0.98377  
6539.6  0.98394  
6544.0  0.98362  
6548.3  0.98347  
6552.6  0.98368  
6556.900000000001  0.98375  
6561.3  0.98364  
6565.599999999999  0.98342  
6569.9  0.98324  
6574.299999999999  0.98323  
6578.6  0.98302  
6582.9  0.98265  
6587.200000000001  0.98243  
6591.599999999999  0.98244  
6595.900000000001  0.98246  
6600.2  0.9826  
6604.6  0.98276  
6608.9  0.98224  
6613.200000000001  0.98184  
6617.6  0.98259  
6621.900000000001  0.98327  
6626.2  0.98327  
6630.599999999999  0.98346  
6634.9  0.98344  
6639.2  0.9833  
6643.6  0.98354  
6647.9  0.98383  
6652.3  0.98368  
6656.599999999999  0.98299  
6660.900000000001  0.98237  
6665.299999999999  0.98206  
6669.6  0.98198  
6673.9  0.98173  
6678.3  0.98112  
6682.6  0.98096  
6687.0  0.98123  
6691.3  0.98143  
6695.599999999999  0.98151  
6700.0  0.98141  
6704.299999999999  0.98124  
6708.7  0.98162  
6713.0  0.98242  
6717.3  0.98311  
6721.7  0.98313  
6726.0  0.98221  
6730.4  0.98173  
6734.700000000001  0.9824  
6739.099999999999  0.98295  
6743.400000000001  0.98261  
6747.7  0.98173  
6752.1  0.98149  
6756.4  0.98231  
6760.8  0.98242  
6765.1  0.98151  
6769.5  0.98146  
6773.8  0.98234  
6778.200000000001  0.98264  
6782.5  0.98236  
6786.900000000001  0.98227  
6791.2  0.98261  
6795.599999999999  0.98307  
6799.9  0.98315  
6804.299999999999  0.98297  
6808.6  0.98282  
6813.0  0.98257  
6817.3  0.98246  
6821.7  0.98259  
6826.0  0.98263  
6830.4  0.98271  
6834.700000000001  0.98281  
6839.099999999999  0.98233  
6843.400000000001  0.98186  
6847.799999999999  0.98229  
6852.1  0.98293  
6856.5  0.98281  
6860.8  0.9824  
6865.2  0.98222  
6869.5  0.98234  
6873.9  0.98269  
6878.3  0.98249  
6882.6  0.9814  
6887.0  0.97973  
6891.3  0.97781  
6895.700000000001  0.97528  
6900.0  0.97149  
6904.400000000001  0.96626  
6908.8  0.95939  
6913.099999999999  0.95035  
6917.5  0.93882  
6921.799999999999  0.92437  
6926.2  0.90691  
6930.599999999999  0.88676  
6934.9  0.86416  
6939.299999999999  0.83886  
6943.6  0.81072  
6948.0  0.77956  
6952.4  0.74576  
6956.7  0.71047  
6961.1  0.674  
6965.4  0.63599  
6969.8  0.59716  
6974.2  0.55884  
6978.5  0.52061  
6982.9  0.48239  
6987.3  0.44475  
6991.599999999999  0.40755  
6996.0  0.3708  
7000.4  0.33481  
7004.700000000001  0.29975  
7009.099999999999  0.26593  
7013.5  0.23406  
7017.799999999999  0.20429  
7022.200000000001  0.17626  
7026.599999999999  0.15048  
7030.900000000001  0.12784  
7035.299999999999  0.10856  
7039.700000000001  0.0922  
7044.0  0.07813  
7048.400000000001  0.06628  
7052.799999999999  0.05661  
7057.1  0.04877  
7061.5  0.04238  
7065.900000000001  0.03715  
7070.299999999999  0.03289  
7074.6  0.02946  
7079.0  0.02651  
7083.400000000001  0.02397  
7087.7  0.02183  
7092.1  0.02006  
7096.5  0.01859  
7100.900000000001  0.01725  
7105.2  0.016  
7109.6  0.01479  
7114.0  0.01367  
7118.400000000001  0.01284  
7122.7  0.01209  
7127.1  0.01117  
7131.5  0.01025  
7135.900000000001  0.00952  
7140.2  0.00897  
7144.6  0.00835  
7149.0  0.00766  
7153.400000000001  0.00707  
7157.799999999999  0.00651  
7162.1  0.0059  
7166.5  0.00537  
7170.900000000001  0.00516  
7175.299999999999  0.005  
7179.700000000001  0.00462  
7184.0  0.00433  
7188.400000000001  0.0042  
7192.799999999999  0.00406  
7197.200000000001  0.00392  
7201.599999999999  0.00377  
7205.900000000001  0.00365  
7210.299999999999  0.00352  
7214.700000000001  0.00335  
7219.099999999999  0.00331  
7223.5  0.00337  
7227.9  0.00334  
7232.200000000001  0.00316  
7236.599999999999  0.00305  
7241.0  0.00307  
7245.4  0.00306  
7249.8  0.00306  
7254.2  0.00311  
7258.5  0.00305  
7262.9  0.003  
7267.3  0.00303  
7271.7  0.00301  
7276.1  0.00296  
7280.5  0.0029  
7284.9  0.00283  
7289.299999999999  0.00277  
7293.7  0.00278  
7298.0  0.00284  
7302.4  0.0028  
7306.799999999999  0.0027  
7311.2  0.00274  
7315.599999999999  0.00273  
7320.0  0.00257  
7324.400000000001  0.00257  
7328.8  0.0027  
7333.200000000001  0.00269  
7337.6  0.00265  
7341.900000000001  0.00261  
7346.3  0.00255  
7350.700000000001  0.00258  
7355.1  0.00273  
7359.5  0.00278  
7363.9  0.00267  
7368.3  0.0026  
7372.7  0.00258  
7377.1  0.00251  
7381.5  0.00249  
7385.900000000001  0.00252  
7390.299999999999  0.00255  
7394.700000000001  0.00257  
7399.099999999999  0.00254  

