@MEASUREMENT_RADIUS 10.0 cm
#lambda:
#tr:
#end
5003.8  0.00406  
5008.0  0.00426  
5012.099999999999  0.00426  
5016.3  0.00417  
5020.5  0.00418  
5024.700000000001  0.00416  
5028.8  0.0041  
5033.0  0.00424  
5037.200000000001  0.00456  
5041.4  0.00451  
5045.6  0.00426  
5049.8  0.00425  
5053.9  0.00446  
5058.1  0.00456  
5062.3  0.00423  
5066.5  0.00395  
5070.7  0.00424  
5074.9  0.00455  
5079.1  0.00452  
5083.2  0.0044  
5087.4  0.00434  
5091.6  0.00427  
5095.8  0.00415  
5100.0  0.00429  
5104.2  0.00456  
5108.4  0.00456  
5112.6  0.00441  
5116.7  0.00439  
5120.900000000001  0.00452  
5125.1  0.00471  
5129.299999999999  0.00475  
5133.5  0.0046  
5137.7  0.00442  
5141.900000000001  0.00446  
5146.1  0.00469  
5150.299999999999  0.00493  
5154.5  0.0049  
5158.7  0.00472  
5162.9  0.00473  
5167.1  0.00482  
5171.3  0.00488  
5175.4  0.00487  
5179.6  0.00477  
5183.8  0.00499  
5188.0  0.00535  
5192.200000000001  0.00527  
5196.4  0.00499  
5200.599999999999  0.00502  
5204.8  0.00535  
5209.0  0.00546  
5213.200000000001  0.00516  
5217.4  0.00503  
5221.599999999999  0.00537  
5225.8  0.00558  
5230.0  0.00559  
5234.2  0.00572  
5238.400000000001  0.00573  
5242.6  0.00561  
5246.799999999999  0.00571  
5251.0  0.00601  
5255.299999999999  0.00632  
5259.5  0.00643  
5263.7  0.00641  
5267.9  0.00657  
5272.1  0.0067  
5276.3  0.00678  
5280.5  0.00692  
5284.700000000001  0.00697  
5288.9  0.00704  
5293.099999999999  0.00741  
5297.3  0.00773  
5301.5  0.0078  
5305.700000000001  0.00804  
5309.9  0.00849  
5314.2  0.00891  
5318.400000000001  0.00944  
5322.6  0.01015  
5326.799999999999  0.01079  
5331.0  0.0114  
5335.2  0.01224  
5339.400000000001  0.01326  
5343.6  0.01416  
5347.9  0.01492  
5352.1  0.01591  
5356.3  0.01723  
5360.5  0.01852  
5364.700000000001  0.0197  
5368.9  0.02115  
5373.099999999999  0.02301  
5377.4  0.02531  
5381.599999999999  0.02803  
5385.8  0.03104  
5390.0  0.03459  
5394.2  0.03928  
5398.5  0.04523  
5402.7  0.05232  
5406.900000000001  0.06047  
5411.1  0.07011  
5415.299999999999  0.08182  
5419.6  0.09557  
5423.8  0.11102  
5428.0  0.1281  
5432.200000000001  0.1472  
5436.4  0.16858  
5440.700000000001  0.19206  
5444.9  0.21777  
5449.099999999999  0.24606  
5453.3  0.27677  
5457.6  0.31054  
5461.799999999999  0.34793  
5466.0  0.38859  
5470.2  0.43297  
5474.5  0.48084  
5478.7  0.53105  
5482.9  0.58391  
5487.1  0.63806  
5491.4  0.69066  
5495.599999999999  0.74125  
5499.8  0.78923  
5504.099999999999  0.83287  
5508.3  0.87048  
5512.5  0.90083  
5516.799999999999  0.9243  
5521.0  0.94229  
5525.2  0.95609  
5529.400000000001  0.96533  
5533.7  0.97044  
5537.9  0.97402  
5542.1  0.97704  
5546.4  0.97903  
5550.599999999999  0.97978  
5554.8  0.97985  
5559.099999999999  0.98068  
5563.3  0.98177  
5567.6  0.98192  
5571.799999999999  0.98163  
5576.0  0.98157  
5580.299999999999  0.98122  
5584.5  0.98014  
5588.7  0.97959  
5593.0  0.98001  
5597.200000000001  0.98001  
5601.5  0.97969  
5605.700000000001  0.98011  
5609.9  0.9808  
5614.2  0.98092  
5618.400000000001  0.98079  
5622.7  0.98079  
5626.900000000001  0.98051  
5631.1  0.98023  
5635.4  0.98052  
5639.6  0.98083  
5643.9  0.98081  
5648.099999999999  0.9803  
5652.4  0.9798  
5656.599999999999  0.97961  
5660.8  0.97893  
5665.1  0.97817  
5669.299999999999  0.97779  
5673.6  0.97784  
5677.799999999999  0.97786  
5682.1  0.97726  
5686.3  0.97642  
5690.599999999999  0.97584  
5694.8  0.97569  
5699.099999999999  0.97579  
5703.3  0.97583  
5707.6  0.97602  
5711.799999999999  0.97638  
5716.1  0.97627  
5720.299999999999  0.97604  
5724.6  0.97676  
5728.8  0.97763  
5733.099999999999  0.97796  
5737.3  0.97876  
5741.599999999999  0.97954  
5745.8  0.97966  
5750.1  0.97978  
5754.299999999999  0.98012  
5758.6  0.98052  
5762.9  0.98084  
5767.1  0.98087  
5771.4  0.9808  
5775.599999999999  0.98076  
5779.9  0.98079  
5784.099999999999  0.98099  
5788.400000000001  0.98121  
5792.6  0.98075  
5796.900000000001  0.97949  
5801.2  0.97892  
5805.4  0.97973  
5809.700000000001  0.98015  
5813.9  0.97962  
5818.200000000001  0.97951  
5822.5  0.98008  
5826.7  0.98064  
5831.0  0.98118  
5835.2  0.98155  
5839.5  0.98151  
5843.8  0.9815  
5848.0  0.98161  
5852.3  0.98162  
5856.599999999999  0.98134  
5860.8  0.98088  
5865.1  0.98051  
5869.400000000001  0.98017  
5873.6  0.97972  
5877.9  0.97935  
5882.200000000001  0.97899  
5886.4  0.97859  
5890.700000000001  0.9786  
5895.0  0.97868  
5899.2  0.97868  
5903.5  0.97863  
5907.799999999999  0.97851  
5912.0  0.97898  
5916.3  0.97988  
5920.599999999999  0.98006  
5924.8  0.98017  
5929.099999999999  0.98064  
5933.400000000001  0.98099  
5937.7  0.98108  
5941.900000000001  0.98049  
5946.2  0.97953  
5950.5  0.97922  
5954.700000000001  0.97978  
5959.0  0.97999  
5963.3  0.97908  
5967.6  0.97854  
5971.799999999999  0.97869  
5976.1  0.9785  
5980.4  0.97852  
5984.700000000001  0.97897  
5989.0  0.97901  
5993.200000000001  0.97873  
5997.5  0.97896  
6001.799999999999  0.97967  
6006.1  0.9798  
6010.299999999999  0.97949  
6014.6  0.98009  
6018.9  0.98064  
6023.200000000001  0.98048  
6027.5  0.9806  
6031.7  0.98098  
6036.0  0.98072  
6040.299999999999  0.97996  
6044.6  0.9797  
6048.9  0.97981  
6053.099999999999  0.97928  
6057.4  0.97842  
6061.7  0.97825  
6066.0  0.97842  
6070.299999999999  0.97805  
6074.6  0.97762  
6078.9  0.97822  
6083.099999999999  0.97944  
6087.4  0.97974  
6091.7  0.97934  
6096.0  0.97982  
6100.299999999999  0.98068  
6104.6  0.98098  
6108.9  0.98134  
6113.099999999999  0.98173  
6117.4  0.98143  
6121.7  0.98068  
6126.0  0.98011  
6130.299999999999  0.98001  
6134.6  0.98003  
6138.9  0.97976  
6143.200000000001  0.97968  
6147.5  0.97947  
6151.799999999999  0.97863  
6156.1  0.97841  
6160.299999999999  0.97889  
6164.6  0.97923  
6168.9  0.97951  
6173.200000000001  0.98011  
6177.5  0.98116  
6181.799999999999  0.98172  
6186.1  0.98136  
6190.4  0.98131  
6194.700000000001  0.98207  
6199.0  0.98246  
6203.3  0.98206  
6207.6  0.98159  
6211.900000000001  0.98124  
6216.2  0.9812  
6220.5  0.98154  
6224.8  0.98168  
6229.099999999999  0.98133  
6233.400000000001  0.98091  
6237.7  0.98079  
6242.0  0.98074  
6246.3  0.98074  
6250.599999999999  0.98079  
6254.9  0.98075  
6259.2  0.98067  
6263.5  0.9807  
6267.799999999999  0.98032  
6272.1  0.97983  
6276.4  0.97995  
6280.700000000001  0.97979  
6285.0  0.97946  
6289.299999999999  0.97954  
6293.6  0.97953  
6297.9  0.97923  
6302.200000000001  0.97884  
6306.5  0.9791  
6310.8  0.97991  
6315.1  0.98041  
6319.400000000001  0.98035  
6323.8  0.98058  
6328.099999999999  0.98113  
6332.4  0.98115  
6336.7  0.98086  
6341.0  0.98068  
6345.299999999999  0.98033  
6349.6  0.97988  
6353.9  0.9799  
6358.200000000001  0.98  
6362.5  0.9795  
6366.900000000001  0.97882  
6371.2  0.97849  
6375.5  0.97815  
6379.8  0.9777  
6384.099999999999  0.97758  
6388.400000000001  0.97781  
6392.7  0.97814  
6397.0  0.97871  
6401.4  0.97961  
6405.700000000001  0.98003  
6410.0  0.98007  
6414.299999999999  0.98003  
6418.6  0.98024  
6422.9  0.98078  
6427.3  0.98104  
6431.599999999999  0.98103  
6435.900000000001  0.98087  
6440.2  0.98066  
6444.5  0.98075  
6448.8  0.98107  
6453.200000000001  0.98094  
6457.5  0.98036  
6461.799999999999  0.98004  
6466.1  0.98019  
6470.4  0.98029  
6474.8  0.98025  
6479.099999999999  0.98045  
6483.400000000001  0.98081  
6487.7  0.98104  
6492.1  0.98146  
6496.4  0.98209  
6500.700000000001  0.98222  
6505.0  0.98228  
6509.299999999999  0.98282  
6513.7  0.98324  
6518.0  0.98299  
6522.3  0.9825  
6526.599999999999  0.98249  
6531.0  0.98325  
6535.299999999999  0.98381  
6539.6  0.98352  
6544.0  0.98324  
6548.3  0.9836  
6552.6  0.9839  
6556.900000000001  0.98372  
6561.3  0.98337  
6565.599999999999  0.98315  
6569.9  0.98316  
6574.299999999999  0.98327  
6578.6  0.98324  
6582.9  0.98264  
6587.200000000001  0.98205  
6591.599999999999  0.9825  
6595.900000000001  0.98268  
6600.2  0.98211  
6604.6  0.98216  
6608.9  0.98252  
6613.200000000001  0.98248  
6617.6  0.98264  
6621.900000000001  0.98296  
6626.2  0.98296  
6630.599999999999  0.98304  
6634.9  0.98334  
6639.2  0.98359  
6643.6  0.98348  
6647.9  0.98341  
6652.3  0.98347  
6656.599999999999  0.98269  
6660.900000000001  0.98167  
6665.299999999999  0.98162  
6669.6  0.98201  
6673.9  0.98171  
6678.3  0.98117  
6682.6  0.98111  
6687.0  0.98107  
6691.3  0.98084  
6695.599999999999  0.98086  
6700.0  0.98106  
6704.299999999999  0.9812  
6708.7  0.98141  
6713.0  0.98171  
6717.3  0.98214  
6721.7  0.98252  
6726.0  0.98253  
6730.4  0.98214  
6734.700000000001  0.98189  
6739.099999999999  0.98231  
6743.400000000001  0.98266  
6747.7  0.98205  
6752.1  0.9812  
6756.4  0.98146  
6760.8  0.98211  
6765.1  0.98199  
6769.5  0.98189  
6773.8  0.98174  
6778.200000000001  0.98143  
6782.5  0.98181  
6786.900000000001  0.98254  
6791.2  0.98271  
6795.599999999999  0.98253  
6799.9  0.98279  
6804.299999999999  0.98322  
6808.6  0.98296  
6813.0  0.98209  
6817.3  0.98191  
6821.7  0.98248  
6826.0  0.9828  
6830.4  0.98278  
6834.700000000001  0.98262  
6839.099999999999  0.98214  
6843.400000000001  0.98184  
6847.799999999999  0.98239  
6852.1  0.98296  
6856.5  0.98253  
6860.8  0.98163  
6865.2  0.9814  
6869.5  0.98218  
6873.9  0.9829  
6878.3  0.98236  
6882.6  0.98115  
6887.0  0.98002  
6891.3  0.97872  
6895.700000000001  0.97648  
6900.0  0.97272  
6904.400000000001  0.96819  
6908.8  0.9626  
6913.099999999999  0.95429  
6917.5  0.94324  
6921.799999999999  0.92972  
6926.2  0.91337  
6930.599999999999  0.89436  
6934.9  0.87279  
6939.299999999999  0.84833  
6943.6  0.82087  
6948.0  0.79022  
6952.4  0.75725  
6956.7  0.723  
6961.1  0.68701  
6965.4  0.64951  
6969.8  0.61117  
6974.2  0.57246  
6978.5  0.53385  
6982.9  0.49565  
6987.3  0.45764  
6991.599999999999  0.41977  
6996.0  0.38301  
7000.4  0.34741  
7004.700000000001  0.31232  
7009.099999999999  0.2781  
7013.5  0.24523  
7017.799999999999  0.21411  
7022.200000000001  0.18514  
7026.599999999999  0.1588  
7030.900000000001  0.13533  
7035.299999999999  0.11479  
7039.700000000001  0.0972  
7044.0  0.08221  
7048.400000000001  0.0696  
7052.799999999999  0.05919  
7057.1  0.05087  
7061.5  0.04432  
7065.900000000001  0.03892  
7070.299999999999  0.03441  
7074.6  0.03061  
7079.0  0.02735  
7083.400000000001  0.02464  
7087.7  0.02247  
7092.1  0.02077  
7096.5  0.01928  
7100.900000000001  0.01768  
7105.2  0.01626  
7109.6  0.01518  
7114.0  0.01424  
7118.400000000001  0.01335  
7122.7  0.01245  
7127.1  0.01155  
7131.5  0.01066  
7135.900000000001  0.00998  
7140.2  0.00931  
7144.6  0.00836  
7149.0  0.00759  
7153.400000000001  0.00721  
7157.799999999999  0.00679  
7162.1  0.00627  
7166.5  0.00574  
7170.900000000001  0.00527  
7175.299999999999  0.00492  
7179.700000000001  0.00462  
7184.0  0.00439  
7188.400000000001  0.00421  
7192.799999999999  0.00401  
7197.200000000001  0.00381  
7201.599999999999  0.00369  
7205.900000000001  0.00361  
7210.299999999999  0.00352  
7214.700000000001  0.00347  
7219.099999999999  0.0035  
7223.5  0.00348  
7227.9  0.00338  
7232.200000000001  0.00324  
7236.599999999999  0.00312  
7241.0  0.00309  
7245.4  0.00316  
7249.8  0.00318  
7254.2  0.00309  
7258.5  0.00298  
7262.9  0.00297  
7267.3  0.00304  
7271.7  0.00301  
7276.1  0.0029  
7280.5  0.00292  
7284.9  0.00303  
7289.299999999999  0.00305  
7293.7  0.00294  
7298.0  0.00282  
7302.4  0.00279  
7306.799999999999  0.00275  
7311.2  0.0027  
7315.599999999999  0.00267  
7320.0  0.00268  
7324.400000000001  0.00271  
7328.8  0.00271  
7333.200000000001  0.00273  
7337.6  0.0027  
7341.900000000001  0.00258  
7346.3  0.00252  
7350.700000000001  0.00255  
7355.1  0.00256  
7359.5  0.00254  
7363.9  0.00248  
7368.3  0.00243  
7372.7  0.00249  
7377.1  0.00257  
7381.5  0.00258  
7385.900000000001  0.00251  
7390.299999999999  0.00246  
7394.700000000001  0.00249  
7399.099999999999  0.00246  

