@MEASUREMENT_RADIUS 16.0 cm
#lambda:
#tr:
#end
5003.8  0.00408  
5008.0  0.00401  
5012.099999999999  0.00398  
5016.3  0.00422  
5020.5  0.00427  
5024.700000000001  0.0039  
5028.8  0.00381  
5033.0  0.00417  
5037.200000000001  0.00435  
5041.4  0.00427  
5045.6  0.00411  
5049.8  0.00408  
5053.9  0.00419  
5058.1  0.00431  
5062.3  0.00435  
5066.5  0.00434  
5070.7  0.00432  
5074.9  0.00429  
5079.1  0.00416  
5083.2  0.00423  
5087.4  0.0044  
5091.6  0.00436  
5095.8  0.00426  
5100.0  0.00444  
5104.2  0.00491  
5108.4  0.00501  
5112.6  0.00433  
5116.7  0.00395  
5120.900000000001  0.00442  
5125.1  0.0049  
5129.299999999999  0.00482  
5133.5  0.00435  
5137.7  0.00422  
5141.900000000001  0.00463  
5146.1  0.00489  
5150.299999999999  0.00468  
5154.5  0.00478  
5158.7  0.00496  
5162.9  0.00471  
5167.1  0.00462  
5171.3  0.00486  
5175.4  0.00498  
5179.6  0.00504  
5183.8  0.00518  
5188.0  0.0052  
5192.200000000001  0.00516  
5196.4  0.00507  
5200.599999999999  0.00496  
5204.8  0.00511  
5209.0  0.00534  
5213.200000000001  0.00526  
5217.4  0.00516  
5221.599999999999  0.00547  
5225.8  0.00578  
5230.0  0.00568  
5234.2  0.00561  
5238.400000000001  0.00588  
5242.6  0.00597  
5246.799999999999  0.00595  
5251.0  0.00623  
5255.299999999999  0.00659  
5259.5  0.00659  
5263.7  0.00637  
5267.9  0.00653  
5272.1  0.00711  
5276.3  0.00728  
5280.5  0.00698  
5284.700000000001  0.00704  
5288.9  0.00747  
5293.099999999999  0.00789  
5297.3  0.008  
5301.5  0.00812  
5305.700000000001  0.00864  
5309.9  0.00918  
5314.2  0.00956  
5318.400000000001  0.00995  
5322.6  0.01044  
5326.799999999999  0.01117  
5331.0  0.01208  
5335.2  0.01286  
5339.400000000001  0.01378  
5343.6  0.01498  
5347.9  0.01609  
5352.1  0.01704  
5356.3  0.01835  
5360.5  0.02007  
5364.700000000001  0.02165  
5368.9  0.02306  
5373.099999999999  0.02519  
5377.4  0.02817  
5381.599999999999  0.0313  
5385.8  0.03469  
5390.0  0.03919  
5394.2  0.04503  
5398.5  0.05196  
5402.7  0.0604  
5406.900000000001  0.07054  
5411.1  0.08229  
5415.299999999999  0.09578  
5419.6  0.11125  
5423.8  0.12881  
5428.0  0.14815  
5432.200000000001  0.1696  
5436.4  0.19354  
5440.700000000001  0.21962  
5444.9  0.24779  
5449.099999999999  0.27872  
5453.3  0.31253  
5457.6  0.34945  
5461.799999999999  0.39034  
5466.0  0.43479  
5470.2  0.48208  
5474.5  0.53203  
5478.7  0.58395  
5482.9  0.63708  
5487.1  0.69002  
5491.4  0.74109  
5495.599999999999  0.78903  
5499.8  0.83205  
5504.099999999999  0.8695  
5508.3  0.90091  
5512.5  0.92542  
5516.799999999999  0.94337  
5521.0  0.95626  
5525.2  0.96585  
5529.400000000001  0.9721  
5533.7  0.97557  
5537.9  0.97811  
5542.1  0.97996  
5546.4  0.98106  
5550.599999999999  0.98116  
5554.8  0.98065  
5559.099999999999  0.98111  
5563.3  0.98169  
5567.6  0.98108  
5571.799999999999  0.98046  
5576.0  0.98065  
5580.299999999999  0.98079  
5584.5  0.98011  
5588.7  0.97963  
5593.0  0.9803  
5597.200000000001  0.98097  
5601.5  0.98087  
5605.700000000001  0.98079  
5609.9  0.98124  
5614.2  0.98139  
5618.400000000001  0.98133  
5622.7  0.98169  
5626.900000000001  0.98151  
5631.1  0.98087  
5635.4  0.98032  
5639.6  0.97996  
5643.9  0.98029  
5648.099999999999  0.98036  
5652.4  0.97975  
5656.599999999999  0.97934  
5660.8  0.97884  
5665.1  0.9782  
5669.299999999999  0.97818  
5673.6  0.97831  
5677.799999999999  0.97761  
5682.1  0.9769  
5686.3  0.97698  
5690.599999999999  0.97685  
5694.8  0.97629  
5699.099999999999  0.97602  
5703.3  0.97627  
5707.6  0.97663  
5711.799999999999  0.97642  
5716.1  0.97608  
5720.299999999999  0.97636  
5724.6  0.97737  
5728.8  0.97866  
5733.099999999999  0.97901  
5737.3  0.9789  
5741.599999999999  0.97948  
5745.8  0.97994  
5750.1  0.9799  
5754.299999999999  0.98042  
5758.6  0.98126  
5762.9  0.98137  
5767.1  0.98103  
5771.4  0.98071  
5775.599999999999  0.98051  
5779.9  0.9807  
5784.099999999999  0.98072  
5788.400000000001  0.9806  
5792.6  0.98069  
5796.900000000001  0.97986  
5801.2  0.97895  
5805.4  0.97955  
5809.700000000001  0.98015  
5813.9  0.97987  
5818.200000000001  0.97999  
5822.5  0.98023  
5826.7  0.98018  
5831.0  0.98076  
5835.2  0.98157  
5839.5  0.982  
5843.8  0.98247  
5848.0  0.98235  
5852.3  0.98153  
5856.599999999999  0.98113  
5860.8  0.98122  
5865.1  0.98062  
5869.400000000001  0.97943  
5873.6  0.97899  
5877.9  0.97956  
5882.200000000001  0.97983  
5886.4  0.97915  
5890.700000000001  0.97875  
5895.0  0.97862  
5899.2  0.97817  
5903.5  0.97824  
5907.799999999999  0.97932  
5912.0  0.98013  
5916.3  0.98  
5920.599999999999  0.97994  
5924.8  0.98002  
5929.099999999999  0.98015  
5933.400000000001  0.98094  
5937.7  0.98165  
5941.900000000001  0.98086  
5946.2  0.97932  
5950.5  0.97902  
5954.700000000001  0.97974  
5959.0  0.97953  
5963.3  0.97899  
5967.6  0.9792  
5971.799999999999  0.97905  
5976.1  0.97876  
5980.4  0.97924  
5984.700000000001  0.97955  
5989.0  0.97955  
5993.200000000001  0.97971  
5997.5  0.97971  
6001.799999999999  0.97993  
6006.1  0.98049  
6010.299999999999  0.98039  
6014.6  0.98033  
6018.9  0.98085  
6023.200000000001  0.98103  
6027.5  0.98085  
6031.7  0.98096  
6036.0  0.98105  
6040.299999999999  0.98062  
6044.6  0.97985  
6048.9  0.97966  
6053.099999999999  0.98001  
6057.4  0.97994  
6061.7  0.9793  
6066.0  0.97869  
6070.299999999999  0.97855  
6074.6  0.97869  
6078.9  0.979  
6083.099999999999  0.97943  
6087.4  0.97998  
6091.7  0.98082  
6096.0  0.9814  
6100.299999999999  0.98137  
6104.6  0.98135  
6108.9  0.98145  
6113.099999999999  0.98129  
6117.4  0.98133  
6121.7  0.98144  
6126.0  0.98123  
6130.299999999999  0.98093  
6134.6  0.98065  
6138.9  0.98014  
6143.200000000001  0.97951  
6147.5  0.97949  
6151.799999999999  0.97991  
6156.1  0.9801  
6160.299999999999  0.98015  
6164.6  0.98057  
6168.9  0.98112  
6173.200000000001  0.98149  
6177.5  0.98189  
6181.799999999999  0.98224  
6186.1  0.98215  
6190.4  0.98193  
6194.700000000001  0.98218  
6199.0  0.98239  
6203.3  0.98197  
6207.6  0.98115  
6211.900000000001  0.98085  
6216.2  0.98115  
6220.5  0.98131  
6224.8  0.98129  
6229.099999999999  0.98093  
6233.400000000001  0.98029  
6237.7  0.98038  
6242.0  0.98113  
6246.3  0.98152  
6250.599999999999  0.98118  
6254.9  0.9807  
6259.2  0.9809  
6263.5  0.98114  
6267.799999999999  0.98032  
6272.1  0.97956  
6276.4  0.98004  
6280.700000000001  0.98052  
6285.0  0.9801  
6289.299999999999  0.97945  
6293.6  0.97925  
6297.9  0.97955  
6302.200000000001  0.97972  
6306.5  0.9798  
6310.8  0.98024  
6315.1  0.98072  
6319.400000000001  0.98093  
6323.8  0.98121  
6328.099999999999  0.98149  
6332.4  0.98144  
6336.7  0.98107  
6341.0  0.98073  
6345.299999999999  0.9806  
6349.6  0.98038  
6353.9  0.98025  
6358.200000000001  0.98042  
6362.5  0.98033  
6366.900000000001  0.97964  
6371.2  0.97864  
6375.5  0.97824  
6379.8  0.97828  
6384.099999999999  0.97811  
6388.400000000001  0.9784  
6392.7  0.97922  
6397.0  0.97984  
6401.4  0.98031  
6405.700000000001  0.98073  
6410.0  0.98098  
6414.299999999999  0.98096  
6418.6  0.98103  
6422.9  0.98162  
6427.3  0.98202  
6431.599999999999  0.982  
6435.900000000001  0.98173  
6440.2  0.98132  
6444.5  0.98098  
6448.8  0.98121  
6453.200000000001  0.98138  
6457.5  0.98075  
6461.799999999999  0.98048  
6466.1  0.98108  
6470.4  0.98131  
6474.8  0.98105  
6479.099999999999  0.98101  
6483.400000000001  0.98119  
6487.7  0.98149  
6492.1  0.98203  
6496.4  0.98263  
6500.700000000001  0.9829  
6505.0  0.98304  
6509.299999999999  0.98311  
6513.7  0.98299  
6518.0  0.98331  
6522.3  0.98391  
6526.599999999999  0.98354  
6531.0  0.98307  
6535.299999999999  0.98348  
6539.6  0.98425  
6544.0  0.98452  
6548.3  0.98382  
6552.6  0.98312  
6556.900000000001  0.98338  
6561.3  0.98373  
6565.599999999999  0.9834  
6569.9  0.98314  
6574.299999999999  0.98332  
6578.6  0.98313  
6582.9  0.98255  
6587.200000000001  0.98261  
6591.599999999999  0.98305  
6595.900000000001  0.98279  
6600.2  0.98246  
6604.6  0.98271  
6608.9  0.9828  
6613.200000000001  0.98259  
6617.6  0.98268  
6621.900000000001  0.98309  
6626.2  0.98343  
6630.599999999999  0.98363  
6634.9  0.98375  
6639.2  0.98395  
6643.6  0.98365  
6647.9  0.98325  
6652.3  0.98336  
6656.599999999999  0.98303  
6660.900000000001  0.98241  
6665.299999999999  0.9823  
6669.6  0.98231  
6673.9  0.98191  
6678.3  0.9815  
6682.6  0.98141  
6687.0  0.98154  
6691.3  0.98186  
6695.599999999999  0.98189  
6700.0  0.98186  
6704.299999999999  0.98215  
6708.7  0.98237  
6713.0  0.98239  
6717.3  0.98291  
6721.7  0.98361  
6726.0  0.98346  
6730.4  0.98267  
6734.700000000001  0.98218  
6739.099999999999  0.98237  
6743.400000000001  0.98294  
6747.7  0.98259  
6752.1  0.98178  
6756.4  0.98217  
6760.8  0.9827  
6765.1  0.98239  
6769.5  0.9823  
6773.8  0.98271  
6778.200000000001  0.98286  
6782.5  0.98264  
6786.900000000001  0.98274  
6791.2  0.98341  
6795.599999999999  0.98383  
6799.9  0.98337  
6804.299999999999  0.98301  
6808.6  0.98321  
6813.0  0.983  
6817.3  0.9826  
6821.7  0.98274  
6826.0  0.98323  
6830.4  0.98309  
6834.700000000001  0.98259  
6839.099999999999  0.98237  
6843.400000000001  0.98249  
6847.799999999999  0.98294  
6852.1  0.98309  
6856.5  0.98287  
6860.8  0.98253  
6865.2  0.98194  
6869.5  0.98218  
6873.9  0.98262  
6878.3  0.98181  
6882.6  0.98066  
6887.0  0.97936  
6891.3  0.97711  
6895.700000000001  0.9736  
6900.0  0.96865  
6904.400000000001  0.96241  
6908.8  0.95465  
6913.099999999999  0.9444  
6917.5  0.93129  
6921.799999999999  0.91558  
6926.2  0.89744  
6930.599999999999  0.87593  
6934.9  0.85069  
6939.299999999999  0.82334  
6943.6  0.79414  
6948.0  0.76165  
6952.4  0.72659  
6956.7  0.6908  
6961.1  0.654  
6965.4  0.61577  
6969.8  0.57697  
6974.2  0.53819  
6978.5  0.49971  
6982.9  0.46206  
6987.3  0.42518  
6991.599999999999  0.38845  
6996.0  0.35194  
7000.4  0.3162  
7004.700000000001  0.28172  
7009.099999999999  0.24912  
7013.5  0.21857  
7017.799999999999  0.18974  
7022.200000000001  0.16296  
7026.599999999999  0.13895  
7030.900000000001  0.11813  
7035.299999999999  0.10026  
7039.700000000001  0.08494  
7044.0  0.07211  
7048.400000000001  0.06151  
7052.799999999999  0.0527  
7057.1  0.04549  
7061.5  0.03981  
7065.900000000001  0.03536  
7070.299999999999  0.0315  
7074.6  0.02798  
7079.0  0.02506  
7083.400000000001  0.02276  
7087.7  0.02095  
7092.1  0.01934  
7096.5  0.0179  
7100.900000000001  0.0167  
7105.2  0.0156  
7109.6  0.01452  
7114.0  0.01344  
7118.400000000001  0.01239  
7122.7  0.01157  
7127.1  0.01088  
7131.5  0.01008  
7135.900000000001  0.00918  
7140.2  0.00846  
7144.6  0.00801  
7149.0  0.00741  
7153.400000000001  0.00661  
7157.799999999999  0.0061  
7162.1  0.00582  
7166.5  0.00536  
7170.900000000001  0.00498  
7175.299999999999  0.0048  
7179.700000000001  0.00455  
7184.0  0.00429  
7188.400000000001  0.00413  
7192.799999999999  0.00394  
7197.200000000001  0.00374  
7201.599999999999  0.00362  
7205.900000000001  0.00355  
7210.299999999999  0.0035  
7214.700000000001  0.00348  
7219.099999999999  0.00337  
7223.5  0.00309  
7227.9  0.00298  
7232.200000000001  0.00316  
7236.599999999999  0.00322  
7241.0  0.00308  
7245.4  0.00297  
7249.8  0.00291  
7254.2  0.003  
7258.5  0.00309  
7262.9  0.00294  
7267.3  0.00283  
7271.7  0.00282  
7276.1  0.0028  
7280.5  0.00284  
7284.9  0.00286  
7289.299999999999  0.00277  
7293.7  0.00278  
7298.0  0.00291  
7302.4  0.00297  
7306.799999999999  0.00283  
7311.2  0.00265  
7315.599999999999  0.00272  
7320.0  0.00284  
7324.400000000001  0.00276  
7328.8  0.00264  
7333.200000000001  0.00263  
7337.6  0.00264  
7341.900000000001  0.00261  
7346.3  0.00258  
7350.700000000001  0.00257  
7355.1  0.00249  
7359.5  0.00245  
7363.9  0.00254  
7368.3  0.00266  
7372.7  0.00267  
7377.1  0.00253  
7381.5  0.0024  
7385.900000000001  0.00241  
7390.299999999999  0.00245  
7394.700000000001  0.00239  
7399.099999999999  0.00233  

