@MEASUREMENT_RADIUS 14.0 cm
#lambda:
#tr:
#end
5003.8  0.00409  
5008.0  0.00384  
5012.099999999999  0.00406  
5016.3  0.00407  
5020.5  0.00395  
5024.700000000001  0.00401  
5028.8  0.00415  
5033.0  0.00413  
5037.200000000001  0.00401  
5041.4  0.004  
5045.6  0.00419  
5049.8  0.00442  
5053.9  0.0044  
5058.1  0.00417  
5062.3  0.00412  
5066.5  0.00436  
5070.7  0.00458  
5074.9  0.00434  
5079.1  0.00413  
5083.2  0.00443  
5087.4  0.00464  
5091.6  0.00448  
5095.8  0.00424  
5100.0  0.00421  
5104.2  0.00446  
5108.4  0.00471  
5112.6  0.00466  
5116.7  0.0045  
5120.900000000001  0.0045  
5125.1  0.00447  
5129.299999999999  0.00453  
5133.5  0.00476  
5137.7  0.00465  
5141.900000000001  0.00437  
5146.1  0.00446  
5150.299999999999  0.00485  
5154.5  0.00504  
5158.7  0.0047  
5162.9  0.0046  
5167.1  0.00502  
5171.3  0.00507  
5175.4  0.00495  
5179.6  0.00498  
5183.8  0.00488  
5188.0  0.00492  
5192.200000000001  0.0051  
5196.4  0.00517  
5200.599999999999  0.00531  
5204.8  0.00559  
5209.0  0.00562  
5213.200000000001  0.00529  
5217.4  0.00513  
5221.599999999999  0.00549  
5225.8  0.00594  
5230.0  0.00597  
5234.2  0.00576  
5238.400000000001  0.00587  
5242.6  0.00613  
5246.799999999999  0.00616  
5251.0  0.0061  
5255.299999999999  0.00611  
5259.5  0.00625  
5263.7  0.00646  
5267.9  0.00661  
5272.1  0.00669  
5276.3  0.00671  
5280.5  0.0069  
5284.700000000001  0.00714  
5288.9  0.00719  
5293.099999999999  0.00742  
5297.3  0.00775  
5301.5  0.00799  
5305.700000000001  0.00831  
5309.9  0.00876  
5314.2  0.00939  
5318.400000000001  0.00999  
5322.6  0.01035  
5326.799999999999  0.01081  
5331.0  0.01165  
5335.2  0.01265  
5339.400000000001  0.01358  
5343.6  0.01448  
5347.9  0.01563  
5352.1  0.01694  
5356.3  0.01824  
5360.5  0.0195  
5364.700000000001  0.0209  
5368.9  0.02252  
5373.099999999999  0.02464  
5377.4  0.02719  
5381.599999999999  0.03011  
5385.8  0.03377  
5390.0  0.03813  
5394.2  0.04318  
5398.5  0.04957  
5402.7  0.05762  
5406.900000000001  0.06718  
5411.1  0.0782  
5415.299999999999  0.09071  
5419.6  0.10518  
5423.8  0.12221  
5428.0  0.14145  
5432.200000000001  0.16217  
5436.4  0.18466  
5440.700000000001  0.20958  
5444.9  0.23716  
5449.099999999999  0.26743  
5453.3  0.30025  
5457.6  0.33606  
5461.799999999999  0.37549  
5466.0  0.41847  
5470.2  0.46502  
5474.5  0.51462  
5478.7  0.56622  
5482.9  0.6193  
5487.1  0.67257  
5491.4  0.7242  
5495.599999999999  0.77313  
5499.8  0.81815  
5504.099999999999  0.85785  
5508.3  0.891  
5512.5  0.9174  
5516.799999999999  0.93756  
5521.0  0.95236  
5525.2  0.96294  
5529.400000000001  0.96958  
5533.7  0.9734  
5537.9  0.97642  
5542.1  0.97908  
5546.4  0.98066  
5550.599999999999  0.98093  
5554.8  0.98071  
5559.099999999999  0.98097  
5563.3  0.98141  
5567.6  0.98151  
5571.799999999999  0.98113  
5576.0  0.98054  
5580.299999999999  0.98004  
5584.5  0.97949  
5588.7  0.97935  
5593.0  0.97977  
5597.200000000001  0.98014  
5601.5  0.98026  
5605.700000000001  0.98047  
5609.9  0.98083  
5614.2  0.98086  
5618.400000000001  0.98086  
5622.7  0.98127  
5626.900000000001  0.98152  
5631.1  0.9811  
5635.4  0.9802  
5639.6  0.97989  
5643.9  0.98056  
5648.099999999999  0.98018  
5652.4  0.97895  
5656.599999999999  0.97862  
5660.8  0.97871  
5665.1  0.97833  
5669.299999999999  0.97757  
5673.6  0.97722  
5677.799999999999  0.9775  
5682.1  0.97761  
5686.3  0.97727  
5690.599999999999  0.97688  
5694.8  0.97654  
5699.099999999999  0.9763  
5703.3  0.97596  
5707.6  0.97574  
5711.799999999999  0.97624  
5716.1  0.97663  
5720.299999999999  0.97668  
5724.6  0.9772  
5728.8  0.97796  
5733.099999999999  0.97846  
5737.3  0.97887  
5741.599999999999  0.97952  
5745.8  0.97997  
5750.1  0.97991  
5754.299999999999  0.98019  
5758.6  0.98067  
5762.9  0.98063  
5767.1  0.98063  
5771.4  0.98099  
5775.599999999999  0.98126  
5779.9  0.98097  
5784.099999999999  0.98024  
5788.400000000001  0.9802  
5792.6  0.9805  
5796.900000000001  0.98003  
5801.2  0.9797  
5805.4  0.9801  
5809.700000000001  0.98005  
5813.9  0.9798  
5818.200000000001  0.98008  
5822.5  0.98043  
5826.7  0.98071  
5831.0  0.98094  
5835.2  0.9812  
5839.5  0.98143  
5843.8  0.98164  
5848.0  0.9817  
5852.3  0.98155  
5856.599999999999  0.98127  
5860.8  0.98095  
5865.1  0.98051  
5869.400000000001  0.97979  
5873.6  0.97911  
5877.9  0.97931  
5882.200000000001  0.9796  
5886.4  0.97907  
5890.700000000001  0.97862  
5895.0  0.97855  
5899.2  0.97837  
5903.5  0.97824  
5907.799999999999  0.97881  
5912.0  0.9794  
5916.3  0.97957  
5920.599999999999  0.98033  
5924.8  0.98088  
5929.099999999999  0.98027  
5933.400000000001  0.98001  
5937.7  0.98077  
5941.900000000001  0.98089  
5946.2  0.98022  
5950.5  0.97977  
5954.700000000001  0.97967  
5959.0  0.9796  
5963.3  0.97913  
5967.6  0.97849  
5971.799999999999  0.97847  
5976.1  0.97865  
5980.4  0.97835  
5984.700000000001  0.97861  
5989.0  0.97963  
5993.200000000001  0.97969  
5997.5  0.97928  
6001.799999999999  0.97969  
6006.1  0.98016  
6010.299999999999  0.98021  
6014.6  0.98073  
6018.9  0.98104  
6023.200000000001  0.98052  
6027.5  0.98037  
6031.7  0.98107  
6036.0  0.98154  
6040.299999999999  0.98104  
6044.6  0.9802  
6048.9  0.97969  
6053.099999999999  0.97923  
6057.4  0.97895  
6061.7  0.97913  
6066.0  0.97917  
6070.299999999999  0.97866  
6074.6  0.97827  
6078.9  0.97887  
6083.099999999999  0.97999  
6087.4  0.98016  
6091.7  0.97981  
6096.0  0.98002  
6100.299999999999  0.98087  
6104.6  0.98186  
6108.9  0.98221  
6113.099999999999  0.98172  
6117.4  0.98112  
6121.7  0.98108  
6126.0  0.98118  
6130.299999999999  0.98074  
6134.6  0.98021  
6138.9  0.98008  
6143.200000000001  0.97994  
6147.5  0.97929  
6151.799999999999  0.9787  
6156.1  0.97885  
6160.299999999999  0.97933  
6164.6  0.97999  
6168.9  0.98078  
6173.200000000001  0.98107  
6177.5  0.98121  
6181.799999999999  0.98181  
6186.1  0.98211  
6190.4  0.98168  
6194.700000000001  0.98149  
6199.0  0.98171  
6203.3  0.98175  
6207.6  0.98178  
6211.900000000001  0.98164  
6216.2  0.98127  
6220.5  0.98072  
6224.8  0.98026  
6229.099999999999  0.98043  
6233.400000000001  0.98093  
6237.7  0.98089  
6242.0  0.98045  
6246.3  0.98054  
6250.599999999999  0.98073  
6254.9  0.98052  
6259.2  0.98077  
6263.5  0.98082  
6267.799999999999  0.97999  
6272.1  0.9798  
6276.4  0.98025  
6280.700000000001  0.97997  
6285.0  0.97962  
6289.299999999999  0.97966  
6293.6  0.97971  
6297.9  0.97958  
6302.200000000001  0.97898  
6306.5  0.97881  
6310.8  0.97978  
6315.1  0.98067  
6319.400000000001  0.98044  
6323.8  0.98029  
6328.099999999999  0.98119  
6332.4  0.98166  
6336.7  0.98125  
6341.0  0.98098  
6345.299999999999  0.98055  
6349.6  0.97998  
6353.9  0.97995  
6358.200000000001  0.98011  
6362.5  0.97952  
6366.900000000001  0.97864  
6371.2  0.97846  
6375.5  0.97852  
6379.8  0.97822  
6384.099999999999  0.97772  
6388.400000000001  0.97785  
6392.7  0.97889  
6397.0  0.97943  
6401.4  0.97936  
6405.700000000001  0.98017  
6410.0  0.98149  
6414.299999999999  0.9816  
6418.6  0.98087  
6422.9  0.98068  
6427.3  0.98097  
6431.599999999999  0.98139  
6435.900000000001  0.98155  
6440.2  0.9814  
6444.5  0.98106  
6448.8  0.98076  
6453.200000000001  0.98051  
6457.5  0.98023  
6461.799999999999  0.98031  
6466.1  0.98084  
6470.4  0.9813  
6474.8  0.9812  
6479.099999999999  0.98097  
6483.400000000001  0.98106  
6487.7  0.98118  
6492.1  0.98142  
6496.4  0.98181  
6500.700000000001  0.98216  
6505.0  0.98266  
6509.299999999999  0.98295  
6513.7  0.98307  
6518.0  0.98335  
6522.3  0.9836  
6526.599999999999  0.98321  
6531.0  0.9827  
6535.299999999999  0.98319  
6539.6  0.9838  
6544.0  0.98379  
6548.3  0.98396  
6552.6  0.98395  
6556.900000000001  0.98318  
6561.3  0.98267  
6565.599999999999  0.98299  
6569.9  0.98357  
6574.299999999999  0.98364  
6578.6  0.98314  
6582.9  0.98255  
6587.200000000001  0.9823  
6591.599999999999  0.98253  
6595.900000000001  0.98253  
6600.2  0.98251  
6604.6  0.98284  
6608.9  0.9829  
6613.200000000001  0.9827  
6617.6  0.98263  
6621.900000000001  0.98268  
6626.2  0.98298  
6630.599999999999  0.98361  
6634.9  0.98397  
6639.2  0.98409  
6643.6  0.98373  
6647.9  0.9835  
6652.3  0.98388  
6656.599999999999  0.98348  
6660.900000000001  0.98243  
6665.299999999999  0.98195  
6669.6  0.98198  
6673.9  0.98188  
6678.3  0.98149  
6682.6  0.98111  
6687.0  0.98093  
6691.3  0.98118  
6695.599999999999  0.98177  
6700.0  0.98184  
6704.299999999999  0.98151  
6708.7  0.9815  
6713.0  0.98181  
6717.3  0.98257  
6721.7  0.98297  
6726.0  0.98268  
6730.4  0.98256  
6734.700000000001  0.98259  
6739.099999999999  0.98222  
6743.400000000001  0.98196  
6747.7  0.98198  
6752.1  0.982  
6756.4  0.98231  
6760.8  0.9823  
6765.1  0.98192  
6769.5  0.98205  
6773.8  0.98238  
6778.200000000001  0.98239  
6782.5  0.98224  
6786.900000000001  0.98219  
6791.2  0.98275  
6795.599999999999  0.98342  
6799.9  0.98308  
6804.299999999999  0.98253  
6808.6  0.9826  
6813.0  0.98267  
6817.3  0.98254  
6821.7  0.98241  
6826.0  0.9829  
6830.4  0.98343  
6834.700000000001  0.98303  
6839.099999999999  0.98244  
6843.400000000001  0.9822  
6847.799999999999  0.98239  
6852.1  0.98255  
6856.5  0.98219  
6860.8  0.98196  
6865.2  0.98202  
6869.5  0.98239  
6873.9  0.98267  
6878.3  0.98207  
6882.6  0.98102  
6887.0  0.97978  
6891.3  0.97797  
6895.700000000001  0.9752  
6900.0  0.97076  
6904.400000000001  0.9647  
6908.8  0.95716  
6913.099999999999  0.94775  
6917.5  0.9361  
6921.799999999999  0.92137  
6926.2  0.90366  
6930.599999999999  0.88293  
6934.9  0.85893  
6939.299999999999  0.83274  
6943.6  0.80449  
6948.0  0.77296  
6952.4  0.73859  
6956.7  0.70306  
6961.1  0.66653  
6965.4  0.62869  
6969.8  0.59027  
6974.2  0.55183  
6978.5  0.51328  
6982.9  0.475  
6987.3  0.4374  
6991.599999999999  0.40036  
6996.0  0.36367  
7000.4  0.32785  
7004.700000000001  0.29331  
7009.099999999999  0.26011  
7013.5  0.22849  
7017.799999999999  0.19872  
7022.200000000001  0.17102  
7026.599999999999  0.14605  
7030.900000000001  0.12422  
7035.299999999999  0.10535  
7039.700000000001  0.08922  
7044.0  0.07568  
7048.400000000001  0.0644  
7052.799999999999  0.05502  
7057.1  0.04744  
7061.5  0.0414  
7065.900000000001  0.03644  
7070.299999999999  0.03238  
7074.6  0.02898  
7079.0  0.02607  
7083.400000000001  0.02366  
7087.7  0.02159  
7092.1  0.01974  
7096.5  0.01833  
7100.900000000001  0.01718  
7105.2  0.01596  
7109.6  0.01484  
7114.0  0.01383  
7118.400000000001  0.01266  
7122.7  0.01156  
7127.1  0.01088  
7131.5  0.01038  
7135.900000000001  0.00974  
7140.2  0.00895  
7144.6  0.00816  
7149.0  0.00751  
7153.400000000001  0.00692  
7157.799999999999  0.00626  
7162.1  0.0057  
7166.5  0.00538  
7170.900000000001  0.00521  
7175.299999999999  0.00499  
7179.700000000001  0.00457  
7184.0  0.00418  
7188.400000000001  0.00407  
7192.799999999999  0.00408  
7197.200000000001  0.004  
7201.599999999999  0.00382  
7205.900000000001  0.00359  
7210.299999999999  0.00347  
7214.700000000001  0.00343  
7219.099999999999  0.00333  
7223.5  0.00325  
7227.9  0.00328  
7232.200000000001  0.00318  
7236.599999999999  0.00306  
7241.0  0.00309  
7245.4  0.00301  
7249.8  0.00288  
7254.2  0.00293  
7258.5  0.00301  
7262.9  0.00286  
7267.3  0.00282  
7271.7  0.00298  
7276.1  0.00301  
7280.5  0.00288  
7284.9  0.00283  
7289.299999999999  0.003  
7293.7  0.00299  
7298.0  0.00266  
7302.4  0.00256  
7306.799999999999  0.0027  
7311.2  0.00269  
7315.599999999999  0.00264  
7320.0  0.00274  
7324.400000000001  0.00281  
7328.8  0.00276  
7333.200000000001  0.00268  
7337.6  0.0027  
7341.900000000001  0.00272  
7346.3  0.00266  
7350.700000000001  0.0025  
7355.1  0.00241  
7359.5  0.00247  
7363.9  0.00251  
7368.3  0.00256  
7372.7  0.00267  
7377.1  0.0026  
7381.5  0.00251  
7385.900000000001  0.00259  
7390.299999999999  0.00255  
7394.700000000001  0.00239  
7399.099999999999  0.00243  

