@MEASUREMENT_RADIUS 11.0 cm
#lambda:
#tr:
#end
5003.8  0.00424  
5008.0  0.00401  
5012.099999999999  0.00386  
5016.3  0.00404  
5020.5  0.00409  
5024.700000000001  0.00398  
5028.8  0.00408  
5033.0  0.00445  
5037.200000000001  0.00458  
5041.4  0.00424  
5045.6  0.00398  
5049.8  0.00399  
5053.9  0.00421  
5058.1  0.00437  
5062.3  0.00417  
5066.5  0.0042  
5070.7  0.00447  
5074.9  0.00454  
5079.1  0.00449  
5083.2  0.0045  
5087.4  0.00454  
5091.6  0.00466  
5095.8  0.00446  
5100.0  0.00422  
5104.2  0.00447  
5108.4  0.00479  
5112.6  0.00462  
5116.7  0.00437  
5120.900000000001  0.00453  
5125.1  0.00485  
5129.299999999999  0.005  
5133.5  0.00483  
5137.7  0.00446  
5141.900000000001  0.00432  
5146.1  0.00445  
5150.299999999999  0.00452  
5154.5  0.00454  
5158.7  0.00463  
5162.9  0.00487  
5167.1  0.00517  
5171.3  0.00508  
5175.4  0.0048  
5179.6  0.00481  
5183.8  0.00496  
5188.0  0.00492  
5192.200000000001  0.00485  
5196.4  0.00499  
5200.599999999999  0.00531  
5204.8  0.00549  
5209.0  0.00537  
5213.200000000001  0.00532  
5217.4  0.00548  
5221.599999999999  0.00546  
5225.8  0.00544  
5230.0  0.00576  
5234.2  0.006  
5238.400000000001  0.00593  
5242.6  0.00587  
5246.799999999999  0.00613  
5251.0  0.00648  
5255.299999999999  0.00654  
5259.5  0.00633  
5263.7  0.00626  
5267.9  0.00644  
5272.1  0.00656  
5276.3  0.00656  
5280.5  0.00669  
5284.700000000001  0.00696  
5288.9  0.00705  
5293.099999999999  0.00717  
5297.3  0.00751  
5301.5  0.00792  
5305.700000000001  0.00822  
5309.9  0.00838  
5314.2  0.00864  
5318.400000000001  0.00938  
5322.6  0.0103  
5326.799999999999  0.01089  
5331.0  0.01146  
5335.2  0.01218  
5339.400000000001  0.01279  
5343.6  0.01366  
5347.9  0.01494  
5352.1  0.01611  
5356.3  0.01718  
5360.5  0.01845  
5364.700000000001  0.01984  
5368.9  0.02145  
5373.099999999999  0.02347  
5377.4  0.02576  
5381.599999999999  0.0282  
5385.8  0.03122  
5390.0  0.03526  
5394.2  0.04008  
5398.5  0.04577  
5402.7  0.0529  
5406.900000000001  0.06148  
5411.1  0.07164  
5415.299999999999  0.08359  
5419.6  0.09732  
5423.8  0.11287  
5428.0  0.13017  
5432.200000000001  0.14929  
5436.4  0.17063  
5440.700000000001  0.19448  
5444.9  0.22085  
5449.099999999999  0.24934  
5453.3  0.28005  
5457.6  0.3138  
5461.799999999999  0.35138  
5466.0  0.39323  
5470.2  0.43837  
5474.5  0.48601  
5478.7  0.53653  
5482.9  0.58953  
5487.1  0.64308  
5491.4  0.6955  
5495.599999999999  0.74646  
5499.8  0.79443  
5504.099999999999  0.83669  
5508.3  0.87287  
5512.5  0.90309  
5516.799999999999  0.92663  
5521.0  0.94415  
5525.2  0.95707  
5529.400000000001  0.96577  
5533.7  0.97094  
5537.9  0.97431  
5542.1  0.97709  
5546.4  0.97927  
5550.599999999999  0.98028  
5554.8  0.98066  
5559.099999999999  0.9813  
5563.3  0.98168  
5567.6  0.98141  
5571.799999999999  0.98115  
5576.0  0.98129  
5580.299999999999  0.98135  
5584.5  0.98089  
5588.7  0.98026  
5593.0  0.98003  
5597.200000000001  0.98008  
5601.5  0.98024  
5605.700000000001  0.98044  
5609.9  0.98085  
5614.2  0.98119  
5618.400000000001  0.98113  
5622.7  0.98106  
5626.900000000001  0.98099  
5631.1  0.98105  
5635.4  0.98112  
5639.6  0.98077  
5643.9  0.98039  
5648.099999999999  0.98019  
5652.4  0.97986  
5656.599999999999  0.97954  
5660.8  0.97879  
5665.1  0.97769  
5669.299999999999  0.97721  
5673.6  0.97759  
5677.799999999999  0.97792  
5682.1  0.97751  
5686.3  0.97657  
5690.599999999999  0.97578  
5694.8  0.97581  
5699.099999999999  0.97583  
5703.3  0.97552  
5707.6  0.97571  
5711.799999999999  0.97612  
5716.1  0.97593  
5720.299999999999  0.976  
5724.6  0.97713  
5728.8  0.97846  
5733.099999999999  0.97878  
5737.3  0.97877  
5741.599999999999  0.97926  
5745.8  0.97981  
5750.1  0.97999  
5754.299999999999  0.98003  
5758.6  0.9801  
5762.9  0.98044  
5767.1  0.98128  
5771.4  0.98162  
5775.599999999999  0.98124  
5779.9  0.98096  
5784.099999999999  0.98082  
5788.400000000001  0.98076  
5792.6  0.98067  
5796.900000000001  0.98034  
5801.2  0.9798  
5805.4  0.97982  
5809.700000000001  0.98033  
5813.9  0.98025  
5818.200000000001  0.97981  
5822.5  0.97967  
5826.7  0.98036  
5831.0  0.98144  
5835.2  0.98165  
5839.5  0.98107  
5843.8  0.98101  
5848.0  0.9814  
5852.3  0.98175  
5856.599999999999  0.98205  
5860.8  0.98165  
5865.1  0.98074  
5869.400000000001  0.98044  
5873.6  0.97995  
5877.9  0.97915  
5882.200000000001  0.97908  
5886.4  0.9791  
5890.700000000001  0.97885  
5895.0  0.97883  
5899.2  0.97869  
5903.5  0.97816  
5907.799999999999  0.97852  
5912.0  0.97991  
5916.3  0.98028  
5920.599999999999  0.97978  
5924.8  0.98032  
5929.099999999999  0.98136  
5933.400000000001  0.98128  
5937.7  0.98073  
5941.900000000001  0.9805  
5946.2  0.98004  
5950.5  0.97942  
5954.700000000001  0.97951  
5959.0  0.98001  
5963.3  0.97976  
5967.6  0.97882  
5971.799999999999  0.97847  
5976.1  0.979  
5980.4  0.979  
5984.700000000001  0.97843  
5989.0  0.97874  
5993.200000000001  0.97946  
5997.5  0.9795  
6001.799999999999  0.9795  
6006.1  0.97988  
6010.299999999999  0.98001  
6014.6  0.98043  
6018.9  0.98083  
6023.200000000001  0.98074  
6027.5  0.9809  
6031.7  0.98121  
6036.0  0.98092  
6040.299999999999  0.98028  
6044.6  0.97991  
6048.9  0.97977  
6053.099999999999  0.97955  
6057.4  0.97905  
6061.7  0.97834  
6066.0  0.978  
6070.299999999999  0.97839  
6074.6  0.97884  
6078.9  0.97902  
6083.099999999999  0.97932  
6087.4  0.97946  
6091.7  0.9797  
6096.0  0.98043  
6100.299999999999  0.98067  
6104.6  0.98051  
6108.9  0.98108  
6113.099999999999  0.98163  
6117.4  0.9815  
6121.7  0.98092  
6126.0  0.98055  
6130.299999999999  0.98074  
6134.6  0.98063  
6138.9  0.98  
6143.200000000001  0.97955  
6147.5  0.97922  
6151.799999999999  0.97878  
6156.1  0.97868  
6160.299999999999  0.97909  
6164.6  0.97987  
6168.9  0.98054  
6173.200000000001  0.98083  
6177.5  0.98098  
6181.799999999999  0.98114  
6186.1  0.98135  
6190.4  0.98192  
6194.700000000001  0.98255  
6199.0  0.98222  
6203.3  0.98138  
6207.6  0.9813  
6211.900000000001  0.98167  
6216.2  0.98174  
6220.5  0.98135  
6224.8  0.98104  
6229.099999999999  0.98111  
6233.400000000001  0.98121  
6237.7  0.98117  
6242.0  0.98091  
6246.3  0.98082  
6250.599999999999  0.98107  
6254.9  0.98089  
6259.2  0.98062  
6263.5  0.98069  
6267.799999999999  0.98037  
6272.1  0.98011  
6276.4  0.9805  
6280.700000000001  0.98048  
6285.0  0.97996  
6289.299999999999  0.97966  
6293.6  0.97915  
6297.9  0.97874  
6302.200000000001  0.97869  
6306.5  0.9789  
6310.8  0.9796  
6315.1  0.98019  
6319.400000000001  0.98016  
6323.8  0.98041  
6328.099999999999  0.98104  
6332.4  0.98122  
6336.7  0.98106  
6341.0  0.98073  
6345.299999999999  0.9803  
6349.6  0.98024  
6353.9  0.98028  
6358.200000000001  0.98019  
6362.5  0.97988  
6366.900000000001  0.97911  
6371.2  0.97844  
6375.5  0.97833  
6379.8  0.97843  
6384.099999999999  0.97814  
6388.400000000001  0.97761  
6392.7  0.97802  
6397.0  0.97887  
6401.4  0.97932  
6405.700000000001  0.97976  
6410.0  0.98027  
6414.299999999999  0.98059  
6418.6  0.98075  
6422.9  0.98099  
6427.3  0.98084  
6431.599999999999  0.98065  
6435.900000000001  0.98123  
6440.2  0.98156  
6444.5  0.9811  
6448.8  0.98089  
6453.200000000001  0.98085  
6457.5  0.98039  
6461.799999999999  0.98007  
6466.1  0.98059  
6470.4  0.98082  
6474.8  0.98065  
6479.099999999999  0.98113  
6483.400000000001  0.98136  
6487.7  0.98085  
6492.1  0.98113  
6496.4  0.98229  
6500.700000000001  0.98294  
6505.0  0.98279  
6509.299999999999  0.98238  
6513.7  0.98259  
6518.0  0.98344  
6522.3  0.98361  
6526.599999999999  0.98274  
6531.0  0.98261  
6535.299999999999  0.98346  
6539.6  0.98376  
6544.0  0.98346  
6548.3  0.98331  
6552.6  0.98317  
6556.900000000001  0.98335  
6561.3  0.98375  
6565.599999999999  0.98374  
6569.9  0.98352  
6574.299999999999  0.98328  
6578.6  0.98292  
6582.9  0.98245  
6587.200000000001  0.98234  
6591.599999999999  0.9827  
6595.900000000001  0.98292  
6600.2  0.98273  
6604.6  0.9825  
6608.9  0.98243  
6613.200000000001  0.9827  
6617.6  0.98328  
6621.900000000001  0.9835  
6626.2  0.98319  
6630.599999999999  0.98319  
6634.9  0.98334  
6639.2  0.98364  
6643.6  0.98381  
6647.9  0.98325  
6652.3  0.98297  
6656.599999999999  0.98298  
6660.900000000001  0.9825  
6665.299999999999  0.98208  
6669.6  0.98204  
6673.9  0.98155  
6678.3  0.9808  
6682.6  0.98085  
6687.0  0.9811  
6691.3  0.98116  
6695.599999999999  0.98122  
6700.0  0.98119  
6704.299999999999  0.98116  
6708.7  0.98142  
6713.0  0.98196  
6717.3  0.98252  
6721.7  0.98292  
6726.0  0.98286  
6730.4  0.98219  
6734.700000000001  0.9819  
6739.099999999999  0.98234  
6743.400000000001  0.98249  
6747.7  0.98193  
6752.1  0.98148  
6756.4  0.9818  
6760.8  0.98199  
6765.1  0.98174  
6769.5  0.98182  
6773.8  0.98196  
6778.200000000001  0.98197  
6782.5  0.98214  
6786.900000000001  0.9822  
6791.2  0.98243  
6795.599999999999  0.98289  
6799.9  0.98296  
6804.299999999999  0.98303  
6808.6  0.98292  
6813.0  0.98229  
6817.3  0.98211  
6821.7  0.98269  
6826.0  0.98327  
6830.4  0.98316  
6834.700000000001  0.98257  
6839.099999999999  0.9821  
6843.400000000001  0.98224  
6847.799999999999  0.983  
6852.1  0.98333  
6856.5  0.98267  
6860.8  0.98187  
6865.2  0.98157  
6869.5  0.98188  
6873.9  0.98227  
6878.3  0.98214  
6882.6  0.98171  
6887.0  0.98101  
6891.3  0.97963  
6895.700000000001  0.97683  
6900.0  0.97277  
6904.400000000001  0.96795  
6908.8  0.96153  
6913.099999999999  0.95274  
6917.5  0.94214  
6921.799999999999  0.9291  
6926.2  0.91269  
6930.599999999999  0.89312  
6934.9  0.87092  
6939.299999999999  0.84633  
6943.6  0.81928  
6948.0  0.78931  
6952.4  0.75629  
6956.7  0.72131  
6961.1  0.68508  
6965.4  0.64775  
6969.8  0.60979  
6974.2  0.57126  
6978.5  0.53234  
6982.9  0.49398  
6987.3  0.45649  
6991.599999999999  0.41935  
6996.0  0.38226  
7000.4  0.34572  
7004.700000000001  0.31053  
7009.099999999999  0.27677  
7013.5  0.24413  
7017.799999999999  0.21293  
7022.200000000001  0.18424  
7026.599999999999  0.15828  
7030.900000000001  0.13475  
7035.299999999999  0.1141  
7039.700000000001  0.09648  
7044.0  0.0817  
7048.400000000001  0.0695  
7052.799999999999  0.05937  
7057.1  0.05106  
7061.5  0.04424  
7065.900000000001  0.03858  
7070.299999999999  0.03396  
7074.6  0.03037  
7079.0  0.02742  
7083.400000000001  0.02475  
7087.7  0.02244  
7092.1  0.02056  
7096.5  0.01897  
7100.900000000001  0.0176  
7105.2  0.01643  
7109.6  0.01529  
7114.0  0.0142  
7118.400000000001  0.01323  
7122.7  0.01239  
7127.1  0.0115  
7131.5  0.01057  
7135.900000000001  0.00981  
7140.2  0.0092  
7144.6  0.00853  
7149.0  0.00786  
7153.400000000001  0.00731  
7157.799999999999  0.00683  
7162.1  0.00631  
7166.5  0.00569  
7170.900000000001  0.00516  
7175.299999999999  0.00484  
7179.700000000001  0.0047  
7184.0  0.00459  
7188.400000000001  0.00433  
7192.799999999999  0.00398  
7197.200000000001  0.00378  
7201.599999999999  0.00369  
7205.900000000001  0.00356  
7210.299999999999  0.00345  
7214.700000000001  0.00346  
7219.099999999999  0.0034  
7223.5  0.00318  
7227.9  0.00305  
7232.200000000001  0.00314  
7236.599999999999  0.00326  
7241.0  0.00326  
7245.4  0.00319  
7249.8  0.00306  
7254.2  0.003  
7258.5  0.00301  
7262.9  0.00303  
7267.3  0.00309  
7271.7  0.0031  
7276.1  0.00305  
7280.5  0.00298  
7284.9  0.00283  
7289.299999999999  0.00276  
7293.7  0.00297  
7298.0  0.00306  
7302.4  0.00283  
7306.799999999999  0.00265  
7311.2  0.00268  
7315.599999999999  0.00279  
7320.0  0.00288  
7324.400000000001  0.00289  
7328.8  0.00273  
7333.200000000001  0.00258  
7337.6  0.00259  
7341.900000000001  0.00263  
7346.3  0.0027  
7350.700000000001  0.00273  
7355.1  0.00258  
7359.5  0.0024  
7363.9  0.00237  
7368.3  0.00255  
7372.7  0.00264  
7377.1  0.00257  
7381.5  0.00255  
7385.900000000001  0.00259  
7390.299999999999  0.00257  
7394.700000000001  0.0024  
7399.099999999999  0.00219  

