@MEASUREMENT_RADIUS 15.0 cm
#lambda:
#tr:
#end
5003.8  0.00421  
5008.0  0.00386  
5012.099999999999  0.00389  
5016.3  0.00424  
5020.5  0.0042  
5024.700000000001  0.00405  
5028.8  0.0041  
5033.0  0.00397  
5037.200000000001  0.00398  
5041.4  0.0043  
5045.6  0.00444  
5049.8  0.00425  
5053.9  0.00412  
5058.1  0.00414  
5062.3  0.00428  
5066.5  0.00451  
5070.7  0.00456  
5074.9  0.00457  
5079.1  0.00456  
5083.2  0.00441  
5087.4  0.00438  
5091.6  0.00469  
5095.8  0.00494  
5100.0  0.00452  
5104.2  0.0039  
5108.4  0.00394  
5112.6  0.00433  
5116.7  0.00456  
5120.900000000001  0.00466  
5125.1  0.00466  
5129.299999999999  0.0044  
5133.5  0.0043  
5137.7  0.0047  
5141.900000000001  0.00496  
5146.1  0.00481  
5150.299999999999  0.00463  
5154.5  0.00466  
5158.7  0.00479  
5162.9  0.00488  
5167.1  0.00496  
5171.3  0.00506  
5175.4  0.00517  
5179.6  0.00519  
5183.8  0.00513  
5188.0  0.00522  
5192.200000000001  0.00535  
5196.4  0.00521  
5200.599999999999  0.00525  
5204.8  0.00546  
5209.0  0.00537  
5213.200000000001  0.00525  
5217.4  0.00534  
5221.599999999999  0.00561  
5225.8  0.00606  
5230.0  0.00613  
5234.2  0.00574  
5238.400000000001  0.00573  
5242.6  0.00593  
5246.799999999999  0.00603  
5251.0  0.00635  
5255.299999999999  0.00671  
5259.5  0.00678  
5263.7  0.00669  
5267.9  0.00664  
5272.1  0.00651  
5276.3  0.00662  
5280.5  0.00708  
5284.700000000001  0.00741  
5288.9  0.00739  
5293.099999999999  0.00749  
5297.3  0.00782  
5301.5  0.00804  
5305.700000000001  0.00822  
5309.9  0.00869  
5314.2  0.00936  
5318.400000000001  0.01005  
5322.6  0.01077  
5326.799999999999  0.01139  
5331.0  0.0121  
5335.2  0.01303  
5339.400000000001  0.01402  
5343.6  0.01496  
5347.9  0.01588  
5352.1  0.01691  
5356.3  0.01818  
5360.5  0.0196  
5364.700000000001  0.02124  
5368.9  0.02319  
5373.099999999999  0.02532  
5377.4  0.02774  
5381.599999999999  0.03074  
5385.8  0.03427  
5390.0  0.03868  
5394.2  0.04444  
5398.5  0.05119  
5402.7  0.05914  
5406.900000000001  0.06881  
5411.1  0.08021  
5415.299999999999  0.09338  
5419.6  0.10869  
5423.8  0.12617  
5428.0  0.14519  
5432.200000000001  0.16596  
5436.4  0.1893  
5440.700000000001  0.21508  
5444.9  0.24288  
5449.099999999999  0.27332  
5453.3  0.30675  
5457.6  0.34313  
5461.799999999999  0.38349  
5466.0  0.42776  
5470.2  0.47479  
5474.5  0.52421  
5478.7  0.57577  
5482.9  0.62923  
5487.1  0.68281  
5491.4  0.73399  
5495.599999999999  0.78208  
5499.8  0.82616  
5504.099999999999  0.86448  
5508.3  0.89622  
5512.5  0.92153  
5516.799999999999  0.94093  
5521.0  0.95505  
5525.2  0.96455  
5529.400000000001  0.97034  
5533.7  0.97403  
5537.9  0.977  
5542.1  0.97949  
5546.4  0.98086  
5550.599999999999  0.98082  
5554.8  0.98051  
5559.099999999999  0.98115  
5563.3  0.98147  
5567.6  0.98076  
5571.799999999999  0.98031  
5576.0  0.98016  
5580.299999999999  0.97988  
5584.5  0.97996  
5588.7  0.98022  
5593.0  0.97987  
5597.200000000001  0.9796  
5601.5  0.98005  
5605.700000000001  0.98063  
5609.9  0.98091  
5614.2  0.98074  
5618.400000000001  0.98068  
5622.7  0.98123  
5626.900000000001  0.98137  
5631.1  0.98091  
5635.4  0.98045  
5639.6  0.97997  
5643.9  0.97982  
5648.099999999999  0.97976  
5652.4  0.97928  
5656.599999999999  0.97886  
5660.8  0.97895  
5665.1  0.97863  
5669.299999999999  0.97757  
5673.6  0.97717  
5677.799999999999  0.97759  
5682.1  0.97762  
5686.3  0.97674  
5690.599999999999  0.97617  
5694.8  0.97663  
5699.099999999999  0.97682  
5703.3  0.9763  
5707.6  0.97593  
5711.799999999999  0.97605  
5716.1  0.97666  
5720.299999999999  0.97755  
5724.6  0.97811  
5728.8  0.9786  
5733.099999999999  0.97912  
5737.3  0.97937  
5741.599999999999  0.97972  
5745.8  0.9801  
5750.1  0.98012  
5754.299999999999  0.98006  
5758.6  0.98031  
5762.9  0.98076  
5767.1  0.981  
5771.4  0.98091  
5775.599999999999  0.98065  
5779.9  0.98074  
5784.099999999999  0.98066  
5788.400000000001  0.98032  
5792.6  0.98  
5796.900000000001  0.97967  
5801.2  0.97984  
5805.4  0.98034  
5809.700000000001  0.9802  
5813.9  0.97991  
5818.200000000001  0.98035  
5822.5  0.98076  
5826.7  0.98104  
5831.0  0.98141  
5835.2  0.98146  
5839.5  0.98138  
5843.8  0.98185  
5848.0  0.98235  
5852.3  0.98184  
5856.599999999999  0.98107  
5860.8  0.98083  
5865.1  0.98066  
5869.400000000001  0.98008  
5873.6  0.9792  
5877.9  0.97901  
5882.200000000001  0.97918  
5886.4  0.97908  
5890.700000000001  0.97899  
5895.0  0.97848  
5899.2  0.97784  
5903.5  0.9784  
5907.799999999999  0.97962  
5912.0  0.9798  
5916.3  0.97922  
5920.599999999999  0.97942  
5924.8  0.98029  
5929.099999999999  0.98053  
5933.400000000001  0.98066  
5937.7  0.98117  
5941.900000000001  0.98066  
5946.2  0.97938  
5950.5  0.97904  
5954.700000000001  0.97942  
5959.0  0.97947  
5963.3  0.97923  
5967.6  0.97912  
5971.799999999999  0.97898  
5976.1  0.97898  
5980.4  0.979  
5984.700000000001  0.97871  
5989.0  0.97876  
5993.200000000001  0.97942  
5997.5  0.97994  
6001.799999999999  0.97997  
6006.1  0.97999  
6010.299999999999  0.98001  
6014.6  0.98036  
6018.9  0.98094  
6023.200000000001  0.98107  
6027.5  0.98128  
6031.7  0.98175  
6036.0  0.98156  
6040.299999999999  0.98058  
6044.6  0.97947  
6048.9  0.97905  
6053.099999999999  0.97949  
6057.4  0.97977  
6061.7  0.9794  
6066.0  0.97924  
6070.299999999999  0.97933  
6074.6  0.9788  
6078.9  0.97858  
6083.099999999999  0.97937  
6087.4  0.97995  
6091.7  0.98028  
6096.0  0.98106  
6100.299999999999  0.98152  
6104.6  0.98105  
6108.9  0.98097  
6113.099999999999  0.98184  
6117.4  0.98199  
6121.7  0.98086  
6126.0  0.98023  
6130.299999999999  0.9805  
6134.6  0.98022  
6138.9  0.97982  
6143.200000000001  0.98002  
6147.5  0.98018  
6151.799999999999  0.9798  
6156.1  0.97928  
6160.299999999999  0.97938  
6164.6  0.98039  
6168.9  0.98105  
6173.200000000001  0.98094  
6177.5  0.98127  
6181.799999999999  0.98183  
6186.1  0.9818  
6190.4  0.9817  
6194.700000000001  0.98201  
6199.0  0.98186  
6203.3  0.98122  
6207.6  0.98109  
6211.900000000001  0.98117  
6216.2  0.98126  
6220.5  0.98144  
6224.8  0.98121  
6229.099999999999  0.98092  
6233.400000000001  0.98083  
6237.7  0.98066  
6242.0  0.98064  
6246.3  0.98093  
6250.599999999999  0.98095  
6254.9  0.98053  
6259.2  0.98058  
6263.5  0.98086  
6267.799999999999  0.98031  
6272.1  0.97964  
6276.4  0.97975  
6280.700000000001  0.97976  
6285.0  0.97964  
6289.299999999999  0.97983  
6293.6  0.97992  
6297.9  0.97958  
6302.200000000001  0.979  
6306.5  0.97892  
6310.8  0.9795  
6315.1  0.98023  
6319.400000000001  0.98036  
6323.8  0.98029  
6328.099999999999  0.98085  
6332.4  0.98162  
6336.7  0.98188  
6341.0  0.98122  
6345.299999999999  0.97998  
6349.6  0.97989  
6353.9  0.98088  
6358.200000000001  0.98096  
6362.5  0.98007  
6366.900000000001  0.97921  
6371.2  0.97842  
6375.5  0.97773  
6379.8  0.97808  
6384.099999999999  0.979  
6388.400000000001  0.97888  
6392.7  0.97828  
6397.0  0.97883  
6401.4  0.98015  
6405.700000000001  0.98082  
6410.0  0.98111  
6414.299999999999  0.98119  
6418.6  0.98091  
6422.9  0.98111  
6427.3  0.98172  
6431.599999999999  0.98182  
6435.900000000001  0.98133  
6440.2  0.9815  
6444.5  0.98207  
6448.8  0.98154  
6453.200000000001  0.98072  
6457.5  0.98073  
6461.799999999999  0.98093  
6466.1  0.98099  
6470.4  0.98077  
6474.8  0.98041  
6479.099999999999  0.98057  
6483.400000000001  0.98119  
6487.7  0.98165  
6492.1  0.98196  
6496.4  0.98232  
6500.700000000001  0.98262  
6505.0  0.98291  
6509.299999999999  0.98313  
6513.7  0.98331  
6518.0  0.98352  
6522.3  0.98345  
6526.599999999999  0.98292  
6531.0  0.9831  
6535.299999999999  0.98409  
6539.6  0.9843  
6544.0  0.98374  
6548.3  0.98361  
6552.6  0.98353  
6556.900000000001  0.9834  
6561.3  0.9837  
6565.599999999999  0.98386  
6569.9  0.98364  
6574.299999999999  0.98351  
6578.6  0.98337  
6582.9  0.98268  
6587.200000000001  0.98245  
6591.599999999999  0.98314  
6595.900000000001  0.98318  
6600.2  0.98253  
6604.6  0.98245  
6608.9  0.98263  
6613.200000000001  0.98251  
6617.6  0.98276  
6621.900000000001  0.98335  
6626.2  0.98339  
6630.599999999999  0.98327  
6634.9  0.98357  
6639.2  0.98379  
6643.6  0.98353  
6647.9  0.98324  
6652.3  0.98346  
6656.599999999999  0.98361  
6660.900000000001  0.98295  
6665.299999999999  0.98193  
6669.6  0.98167  
6673.9  0.98219  
6678.3  0.98235  
6682.6  0.98172  
6687.0  0.98099  
6691.3  0.9812  
6695.599999999999  0.98187  
6700.0  0.98179  
6704.299999999999  0.98156  
6708.7  0.98207  
6713.0  0.98245  
6717.3  0.98263  
6721.7  0.98294  
6726.0  0.98307  
6730.4  0.98308  
6734.700000000001  0.98298  
6739.099999999999  0.98256  
6743.400000000001  0.9823  
6747.7  0.98242  
6752.1  0.98253  
6756.4  0.98252  
6760.8  0.98236  
6765.1  0.98206  
6769.5  0.98186  
6773.8  0.98213  
6778.200000000001  0.9825  
6782.5  0.98242  
6786.900000000001  0.98265  
6791.2  0.98332  
6795.599999999999  0.98325  
6799.9  0.98269  
6804.299999999999  0.98277  
6808.6  0.98305  
6813.0  0.98268  
6817.3  0.9823  
6821.7  0.98263  
6826.0  0.98343  
6830.4  0.98351  
6834.700000000001  0.98291  
6839.099999999999  0.98246  
6843.400000000001  0.98237  
6847.799999999999  0.98284  
6852.1  0.98309  
6856.5  0.98247  
6860.8  0.98206  
6865.2  0.98227  
6869.5  0.98238  
6873.9  0.982  
6878.3  0.98131  
6882.6  0.98047  
6887.0  0.97924  
6891.3  0.9775  
6895.700000000001  0.97456  
6900.0  0.96962  
6904.400000000001  0.96344  
6908.8  0.95594  
6913.099999999999  0.94585  
6917.5  0.93339  
6921.799999999999  0.91843  
6926.2  0.90016  
6930.599999999999  0.8787  
6934.9  0.85439  
6939.299999999999  0.82756  
6943.6  0.7987  
6948.0  0.76696  
6952.4  0.73213  
6956.7  0.69635  
6961.1  0.66004  
6965.4  0.62198  
6969.8  0.58265  
6974.2  0.54385  
6978.5  0.5059  
6982.9  0.46794  
6987.3  0.43033  
6991.599999999999  0.39344  
6996.0  0.35679  
7000.4  0.32095  
7004.700000000001  0.28686  
7009.099999999999  0.25439  
7013.5  0.2231  
7017.799999999999  0.19338  
7022.200000000001  0.16617  
7026.599999999999  0.14181  
7030.900000000001  0.12043  
7035.299999999999  0.10234  
7039.700000000001  0.08703  
7044.0  0.07367  
7048.400000000001  0.06245  
7052.799999999999  0.05349  
7057.1  0.04629  
7061.5  0.04037  
7065.900000000001  0.03562  
7070.299999999999  0.03178  
7074.6  0.02846  
7079.0  0.02553  
7083.400000000001  0.02315  
7087.7  0.02131  
7092.1  0.01973  
7096.5  0.01827  
7100.900000000001  0.01695  
7105.2  0.01571  
7109.6  0.01446  
7114.0  0.01334  
7118.400000000001  0.01243  
7122.7  0.01164  
7127.1  0.01086  
7131.5  0.01012  
7135.900000000001  0.00939  
7140.2  0.0086  
7144.6  0.00791  
7149.0  0.00734  
7153.400000000001  0.00679  
7157.799999999999  0.00631  
7162.1  0.00589  
7166.5  0.00541  
7170.900000000001  0.00492  
7175.299999999999  0.00463  
7179.700000000001  0.00449  
7184.0  0.00431  
7188.400000000001  0.00411  
7192.799999999999  0.00393  
7197.200000000001  0.00382  
7201.599999999999  0.00369  
7205.900000000001  0.00355  
7210.299999999999  0.00348  
7214.700000000001  0.00347  
7219.099999999999  0.00344  
7223.5  0.00334  
7227.9  0.00329  
7232.200000000001  0.00328  
7236.599999999999  0.0031  
7241.0  0.00299  
7245.4  0.00317  
7249.8  0.00324  
7254.2  0.00311  
7258.5  0.00301  
7262.9  0.00298  
7267.3  0.00299  
7271.7  0.00296  
7276.1  0.00296  
7280.5  0.00296  
7284.9  0.00289  
7289.299999999999  0.00288  
7293.7  0.00294  
7298.0  0.00287  
7302.4  0.00269  
7306.799999999999  0.0026  
7311.2  0.00275  
7315.599999999999  0.00288  
7320.0  0.0027  
7324.400000000001  0.00256  
7328.8  0.00268  
7333.200000000001  0.00282  
7337.6  0.0028  
7341.900000000001  0.00263  
7346.3  0.00249  
7350.700000000001  0.00249  
7355.1  0.00257  
7359.5  0.00261  
7363.9  0.00263  
7368.3  0.00267  
7372.7  0.00262  
7377.1  0.00249  
7381.5  0.00251  
7385.900000000001  0.0026  
7390.299999999999  0.00256  
7394.700000000001  0.00246  
7399.099999999999  0.00247  

