@MEASUREMENT_RADIUS 19.0 cm
#lambda:
#tr:
#end
5003.8  0.00405  
5008.0  0.00443  
5012.099999999999  0.00436  
5016.3  0.00402  
5020.5  0.0039  
5024.700000000001  0.00386  
5028.8  0.00371  
5033.0  0.00372  
5037.200000000001  0.00409  
5041.4  0.00441  
5045.6  0.0045  
5049.8  0.0046  
5053.9  0.00451  
5058.1  0.00424  
5062.3  0.00415  
5066.5  0.00414  
5070.7  0.00431  
5074.9  0.00469  
5079.1  0.00466  
5083.2  0.00416  
5087.4  0.00399  
5091.6  0.00444  
5095.8  0.00487  
5100.0  0.00479  
5104.2  0.0045  
5108.4  0.00439  
5112.6  0.00436  
5116.7  0.00438  
5120.900000000001  0.00465  
5125.1  0.00493  
5129.299999999999  0.00481  
5133.5  0.00459  
5137.7  0.00471  
5141.900000000001  0.00496  
5146.1  0.00481  
5150.299999999999  0.00445  
5154.5  0.00454  
5158.7  0.00493  
5162.9  0.00497  
5167.1  0.00481  
5171.3  0.00485  
5175.4  0.00488  
5179.6  0.00495  
5183.8  0.00517  
5188.0  0.00524  
5192.200000000001  0.00518  
5196.4  0.00528  
5200.599999999999  0.00564  
5204.8  0.00571  
5209.0  0.00536  
5213.200000000001  0.00527  
5217.4  0.00539  
5221.599999999999  0.00537  
5225.8  0.00556  
5230.0  0.0059  
5234.2  0.00587  
5238.400000000001  0.0058  
5242.6  0.00588  
5246.799999999999  0.00608  
5251.0  0.00641  
5255.299999999999  0.00665  
5259.5  0.00646  
5263.7  0.00637  
5267.9  0.00659  
5272.1  0.00679  
5276.3  0.00704  
5280.5  0.00715  
5284.700000000001  0.00724  
5288.9  0.00759  
5293.099999999999  0.00774  
5297.3  0.00771  
5301.5  0.00802  
5305.700000000001  0.00856  
5309.9  0.00906  
5314.2  0.00948  
5318.400000000001  0.00995  
5322.6  0.0107  
5326.799999999999  0.0115  
5331.0  0.01219  
5335.2  0.01297  
5339.400000000001  0.014  
5343.6  0.01526  
5347.9  0.0167  
5352.1  0.01784  
5356.3  0.01867  
5360.5  0.02002  
5364.700000000001  0.02199  
5368.9  0.02384  
5373.099999999999  0.02575  
5377.4  0.02844  
5381.599999999999  0.03184  
5385.8  0.03565  
5390.0  0.04012  
5394.2  0.04583  
5398.5  0.05315  
5402.7  0.06194  
5406.900000000001  0.07201  
5411.1  0.08381  
5415.299999999999  0.09766  
5419.6  0.1137  
5423.8  0.13193  
5428.0  0.15206  
5432.200000000001  0.17416  
5436.4  0.19824  
5440.700000000001  0.22425  
5444.9  0.25277  
5449.099999999999  0.28427  
5453.3  0.31851  
5457.6  0.35597  
5461.799999999999  0.39736  
5466.0  0.44221  
5470.2  0.48972  
5474.5  0.53964  
5478.7  0.59162  
5482.9  0.64448  
5487.1  0.69662  
5491.4  0.74709  
5495.599999999999  0.79472  
5499.8  0.83721  
5504.099999999999  0.87349  
5508.3  0.90344  
5512.5  0.92689  
5516.799999999999  0.94497  
5521.0  0.95834  
5525.2  0.9676  
5529.400000000001  0.97326  
5533.7  0.97594  
5537.9  0.97786  
5542.1  0.98035  
5546.4  0.98184  
5550.599999999999  0.98144  
5554.8  0.98099  
5559.099999999999  0.98149  
5563.3  0.98197  
5567.6  0.98171  
5571.799999999999  0.98101  
5576.0  0.98057  
5580.299999999999  0.98033  
5584.5  0.98  
5588.7  0.98011  
5593.0  0.9805  
5597.200000000001  0.98031  
5601.5  0.98005  
5605.700000000001  0.98049  
5609.9  0.98138  
5614.2  0.98169  
5618.400000000001  0.98142  
5622.7  0.98145  
5626.900000000001  0.98134  
5631.1  0.98073  
5635.4  0.98035  
5639.6  0.98038  
5643.9  0.98071  
5648.099999999999  0.98057  
5652.4  0.97953  
5656.599999999999  0.97889  
5660.8  0.97896  
5665.1  0.97878  
5669.299999999999  0.97837  
5673.6  0.97829  
5677.799999999999  0.97816  
5682.1  0.97754  
5686.3  0.97716  
5690.599999999999  0.9772  
5694.8  0.9769  
5699.099999999999  0.97625  
5703.3  0.97618  
5707.6  0.9769  
5711.799999999999  0.97772  
5716.1  0.97744  
5720.299999999999  0.97654  
5724.6  0.97713  
5728.8  0.97866  
5733.099999999999  0.97921  
5737.3  0.9793  
5741.599999999999  0.98002  
5745.8  0.98067  
5750.1  0.98088  
5754.299999999999  0.98107  
5758.6  0.98109  
5762.9  0.98099  
5767.1  0.98126  
5771.4  0.98158  
5775.599999999999  0.98151  
5779.9  0.98105  
5784.099999999999  0.98046  
5788.400000000001  0.98056  
5792.6  0.98106  
5796.900000000001  0.98085  
5801.2  0.97986  
5805.4  0.97938  
5809.700000000001  0.97992  
5813.9  0.98065  
5818.200000000001  0.98102  
5822.5  0.98077  
5826.7  0.98044  
5831.0  0.98078  
5835.2  0.9817  
5839.5  0.98236  
5843.8  0.98236  
5848.0  0.98224  
5852.3  0.98217  
5856.599999999999  0.98179  
5860.8  0.98144  
5865.1  0.98104  
5869.400000000001  0.98049  
5873.6  0.98004  
5877.9  0.97999  
5882.200000000001  0.97998  
5886.4  0.97924  
5890.700000000001  0.97863  
5895.0  0.97862  
5899.2  0.97849  
5903.5  0.97837  
5907.799999999999  0.97904  
5912.0  0.98024  
5916.3  0.98062  
5920.599999999999  0.98052  
5924.8  0.98075  
5929.099999999999  0.98077  
5933.400000000001  0.9808  
5937.7  0.98128  
5941.900000000001  0.98113  
5946.2  0.98029  
5950.5  0.97986  
5954.700000000001  0.97993  
5959.0  0.97975  
5963.3  0.97929  
5967.6  0.97915  
5971.799999999999  0.9791  
5976.1  0.97916  
5980.4  0.97938  
5984.700000000001  0.97937  
5989.0  0.97952  
5993.200000000001  0.9798  
5997.5  0.97995  
6001.799999999999  0.98014  
6006.1  0.98063  
6010.299999999999  0.98074  
6014.6  0.98066  
6018.9  0.98111  
6023.200000000001  0.9817  
6027.5  0.98192  
6031.7  0.98185  
6036.0  0.98158  
6040.299999999999  0.98095  
6044.6  0.98011  
6048.9  0.97959  
6053.099999999999  0.97943  
6057.4  0.97973  
6061.7  0.98021  
6066.0  0.97986  
6070.299999999999  0.97896  
6074.6  0.97863  
6078.9  0.97922  
6083.099999999999  0.98034  
6087.4  0.98076  
6091.7  0.98064  
6096.0  0.98083  
6100.299999999999  0.98125  
6104.6  0.98173  
6108.9  0.98216  
6113.099999999999  0.98228  
6117.4  0.98205  
6121.7  0.98166  
6126.0  0.98112  
6130.299999999999  0.98058  
6134.6  0.98039  
6138.9  0.98044  
6143.200000000001  0.98052  
6147.5  0.98055  
6151.799999999999  0.98025  
6156.1  0.97986  
6160.299999999999  0.98002  
6164.6  0.98081  
6168.9  0.98136  
6173.200000000001  0.98137  
6177.5  0.98178  
6181.799999999999  0.9821  
6186.1  0.98151  
6190.4  0.98157  
6194.700000000001  0.98237  
6199.0  0.98253  
6203.3  0.98229  
6207.6  0.98204  
6211.900000000001  0.98122  
6216.2  0.9807  
6220.5  0.98104  
6224.8  0.98102  
6229.099999999999  0.98071  
6233.400000000001  0.98079  
6237.7  0.98085  
6242.0  0.9809  
6246.3  0.98107  
6250.599999999999  0.98136  
6254.9  0.98133  
6259.2  0.98079  
6263.5  0.98026  
6267.799999999999  0.98015  
6272.1  0.98063  
6276.4  0.98104  
6280.700000000001  0.98043  
6285.0  0.97992  
6289.299999999999  0.98012  
6293.6  0.98007  
6297.9  0.97994  
6302.200000000001  0.97963  
6306.5  0.97953  
6310.8  0.98028  
6315.1  0.98099  
6319.400000000001  0.98102  
6323.8  0.98119  
6328.099999999999  0.98186  
6332.4  0.98213  
6336.7  0.98175  
6341.0  0.98135  
6345.299999999999  0.98103  
6349.6  0.98071  
6353.9  0.98049  
6358.200000000001  0.98032  
6362.5  0.97998  
6366.900000000001  0.97971  
6371.2  0.97957  
6375.5  0.97919  
6379.8  0.97893  
6384.099999999999  0.97881  
6388.400000000001  0.97856  
6392.7  0.97911  
6397.0  0.98026  
6401.4  0.98098  
6405.700000000001  0.98112  
6410.0  0.98126  
6414.299999999999  0.98139  
6418.6  0.98154  
6422.9  0.98205  
6427.3  0.98216  
6431.599999999999  0.98187  
6435.900000000001  0.98196  
6440.2  0.98188  
6444.5  0.9814  
6448.8  0.9812  
6453.200000000001  0.98117  
6457.5  0.98099  
6461.799999999999  0.98083  
6466.1  0.981  
6470.4  0.98103  
6474.8  0.98091  
6479.099999999999  0.98126  
6483.400000000001  0.98186  
6487.7  0.98213  
6492.1  0.98212  
6496.4  0.98212  
6500.700000000001  0.98242  
6505.0  0.98332  
6509.299999999999  0.98403  
6513.7  0.98381  
6518.0  0.98336  
6522.3  0.9834  
6526.599999999999  0.98358  
6531.0  0.98348  
6535.299999999999  0.98351  
6539.6  0.98368  
6544.0  0.98402  
6548.3  0.98457  
6552.6  0.98414  
6556.900000000001  0.98341  
6561.3  0.98358  
6565.599999999999  0.98368  
6569.9  0.98314  
6574.299999999999  0.98271  
6578.6  0.98294  
6582.9  0.98321  
6587.200000000001  0.9829  
6591.599999999999  0.98234  
6595.900000000001  0.98224  
6600.2  0.9828  
6604.6  0.98321  
6608.9  0.98261  
6613.200000000001  0.98227  
6617.6  0.98319  
6621.900000000001  0.98376  
6626.2  0.98344  
6630.599999999999  0.98369  
6634.9  0.98445  
6639.2  0.98481  
6643.6  0.98427  
6647.9  0.98337  
6652.3  0.98311  
6656.599999999999  0.98341  
6660.900000000001  0.98359  
6665.299999999999  0.98326  
6669.6  0.98269  
6673.9  0.98207  
6678.3  0.9816  
6682.6  0.98171  
6687.0  0.98196  
6691.3  0.98213  
6695.599999999999  0.98225  
6700.0  0.98215  
6704.299999999999  0.98199  
6708.7  0.98239  
6713.0  0.98323  
6717.3  0.9838  
6721.7  0.98381  
6726.0  0.98344  
6730.4  0.98309  
6734.700000000001  0.98281  
6739.099999999999  0.98245  
6743.400000000001  0.98236  
6747.7  0.98268  
6752.1  0.98288  
6756.4  0.98271  
6760.8  0.98239  
6765.1  0.98234  
6769.5  0.98253  
6773.8  0.98252  
6778.200000000001  0.9824  
6782.5  0.98278  
6786.900000000001  0.98331  
6791.2  0.98345  
6795.599999999999  0.98352  
6799.9  0.98331  
6804.299999999999  0.98296  
6808.6  0.98298  
6813.0  0.98299  
6817.3  0.98312  
6821.7  0.98337  
6826.0  0.98313  
6830.4  0.98269  
6834.700000000001  0.98284  
6839.099999999999  0.98284  
6843.400000000001  0.98258  
6847.799999999999  0.98267  
6852.1  0.98281  
6856.5  0.98276  
6860.8  0.98267  
6865.2  0.9826  
6869.5  0.98242  
6873.9  0.98224  
6878.3  0.98185  
6882.6  0.98092  
6887.0  0.97945  
6891.3  0.97705  
6895.700000000001  0.97317  
6900.0  0.96799  
6904.400000000001  0.96187  
6908.8  0.95421  
6913.099999999999  0.9436  
6917.5  0.9298  
6921.799999999999  0.91344  
6926.2  0.89472  
6930.599999999999  0.87287  
6934.9  0.84771  
6939.299999999999  0.82021  
6943.6  0.79039  
6948.0  0.75738  
6952.4  0.7221  
6956.7  0.686  
6961.1  0.64911  
6965.4  0.61089  
6969.8  0.5715  
6974.2  0.53226  
6978.5  0.49384  
6982.9  0.45601  
6987.3  0.41888  
6991.599999999999  0.38242  
6996.0  0.34638  
7000.4  0.31121  
7004.700000000001  0.27748  
7009.099999999999  0.24554  
7013.5  0.21529  
7017.799999999999  0.1868  
7022.200000000001  0.16059  
7026.599999999999  0.13711  
7030.900000000001  0.11645  
7035.299999999999  0.09882  
7039.700000000001  0.08404  
7044.0  0.0716  
7048.400000000001  0.06103  
7052.799999999999  0.05213  
7057.1  0.04505  
7061.5  0.03953  
7065.900000000001  0.035  
7070.299999999999  0.03114  
7074.6  0.02786  
7079.0  0.0251  
7083.400000000001  0.02279  
7087.7  0.02091  
7092.1  0.01936  
7096.5  0.01792  
7100.900000000001  0.01649  
7105.2  0.01526  
7109.6  0.01427  
7114.0  0.01328  
7118.400000000001  0.0122  
7122.7  0.01133  
7127.1  0.01072  
7131.5  0.01007  
7135.900000000001  0.00931  
7140.2  0.00856  
7144.6  0.00785  
7149.0  0.00711  
7153.400000000001  0.00651  
7157.799999999999  0.00618  
7162.1  0.00581  
7166.5  0.00535  
7170.900000000001  0.00494  
7175.299999999999  0.00476  
7179.700000000001  0.00464  
7184.0  0.0043  
7188.400000000001  0.00397  
7192.799999999999  0.00379  
7197.200000000001  0.00364  
7201.599999999999  0.00354  
7205.900000000001  0.00355  
7210.299999999999  0.0035  
7214.700000000001  0.00339  
7219.099999999999  0.00338  
7223.5  0.00333  
7227.9  0.0032  
7232.200000000001  0.00319  
7236.599999999999  0.00321  
7241.0  0.0031  
7245.4  0.00305  
7249.8  0.00311  
7254.2  0.00318  
7258.5  0.00322  
7262.9  0.00311  
7267.3  0.0029  
7271.7  0.00284  
7276.1  0.00289  
7280.5  0.00287  
7284.9  0.00276  
7289.299999999999  0.00276  
7293.7  0.00286  
7298.0  0.00271  
7302.4  0.00253  
7306.799999999999  0.00265  
7311.2  0.0028  
7315.599999999999  0.00278  
7320.0  0.00273  
7324.400000000001  0.00267  
7328.8  0.00254  
7333.200000000001  0.00251  
7337.6  0.00261  
7341.900000000001  0.00262  
7346.3  0.0025  
7350.700000000001  0.00245  
7355.1  0.00254  
7359.5  0.00255  
7363.9  0.00248  
7368.3  0.00257  
7372.7  0.00275  
7377.1  0.00277  
7381.5  0.00265  
7385.900000000001  0.00249  
7390.299999999999  0.00241  
7394.700000000001  0.0025  
7399.099999999999  0.00254  

