@MEASUREMENT_RADIUS 17.0 cm
#lambda:
#tr:
#end
5003.8  0.00389  
5008.0  0.00409  
5012.099999999999  0.00424  
5016.3  0.00428  
5020.5  0.0041  
5024.700000000001  0.00409  
5028.8  0.00438  
5033.0  0.00435  
5037.200000000001  0.00406  
5041.4  0.00395  
5045.6  0.00417  
5049.8  0.00433  
5053.9  0.00408  
5058.1  0.00392  
5062.3  0.00402  
5066.5  0.00413  
5070.7  0.00427  
5074.9  0.00443  
5079.1  0.00429  
5083.2  0.0041  
5087.4  0.00419  
5091.6  0.00439  
5095.8  0.00427  
5100.0  0.004  
5104.2  0.00422  
5108.4  0.00465  
5112.6  0.00449  
5116.7  0.00412  
5120.900000000001  0.00433  
5125.1  0.00466  
5129.299999999999  0.00469  
5133.5  0.00471  
5137.7  0.00485  
5141.900000000001  0.00476  
5146.1  0.00451  
5150.299999999999  0.00466  
5154.5  0.00471  
5158.7  0.0044  
5162.9  0.00454  
5167.1  0.00506  
5171.3  0.00531  
5175.4  0.00522  
5179.6  0.00502  
5183.8  0.00498  
5188.0  0.00502  
5192.200000000001  0.00515  
5196.4  0.00554  
5200.599999999999  0.00574  
5204.8  0.00551  
5209.0  0.00546  
5213.200000000001  0.00555  
5217.4  0.0054  
5221.599999999999  0.00528  
5225.8  0.00545  
5230.0  0.00567  
5234.2  0.00569  
5238.400000000001  0.00578  
5242.6  0.00592  
5246.799999999999  0.00606  
5251.0  0.00626  
5255.299999999999  0.0064  
5259.5  0.00638  
5263.7  0.00639  
5267.9  0.00648  
5272.1  0.00672  
5276.3  0.00699  
5280.5  0.00702  
5284.700000000001  0.00713  
5288.9  0.00751  
5293.099999999999  0.00779  
5297.3  0.00781  
5301.5  0.00811  
5305.700000000001  0.00866  
5309.9  0.00904  
5314.2  0.0093  
5318.400000000001  0.00978  
5322.6  0.01059  
5326.799999999999  0.01155  
5331.0  0.01235  
5335.2  0.01296  
5339.400000000001  0.01383  
5343.6  0.01502  
5347.9  0.01631  
5352.1  0.01747  
5356.3  0.01863  
5360.5  0.02009  
5364.700000000001  0.02176  
5368.9  0.02347  
5373.099999999999  0.02566  
5377.4  0.0285  
5381.599999999999  0.03173  
5385.8  0.03553  
5390.0  0.04021  
5394.2  0.04597  
5398.5  0.05271  
5402.7  0.06089  
5406.900000000001  0.0712  
5411.1  0.08334  
5415.299999999999  0.09701  
5419.6  0.11277  
5423.8  0.13073  
5428.0  0.15058  
5432.200000000001  0.17228  
5436.4  0.19597  
5440.700000000001  0.22203  
5444.9  0.25092  
5449.099999999999  0.28255  
5453.3  0.31631  
5457.6  0.3531  
5461.799999999999  0.39447  
5466.0  0.43963  
5470.2  0.4873  
5474.5  0.53723  
5478.7  0.58944  
5482.9  0.64299  
5487.1  0.69538  
5491.4  0.74531  
5495.599999999999  0.79256  
5499.8  0.83553  
5504.099999999999  0.87264  
5508.3  0.90297  
5512.5  0.92658  
5516.799999999999  0.94437  
5521.0  0.9573  
5525.2  0.96666  
5529.400000000001  0.97269  
5533.7  0.97594  
5537.9  0.97829  
5542.1  0.98034  
5546.4  0.98124  
5550.599999999999  0.98089  
5554.8  0.98043  
5559.099999999999  0.98104  
5563.3  0.9817  
5567.6  0.98105  
5571.799999999999  0.9801  
5576.0  0.98026  
5580.299999999999  0.98045  
5584.5  0.97999  
5588.7  0.97993  
5593.0  0.98054  
5597.200000000001  0.98073  
5601.5  0.98016  
5605.700000000001  0.98005  
5609.9  0.98109  
5614.2  0.98185  
5618.400000000001  0.98144  
5622.7  0.98084  
5626.900000000001  0.98047  
5631.1  0.98008  
5635.4  0.9799  
5639.6  0.98017  
5643.9  0.98066  
5648.099999999999  0.9801  
5652.4  0.97894  
5656.599999999999  0.97871  
5660.8  0.97918  
5665.1  0.97882  
5669.299999999999  0.97777  
5673.6  0.97766  
5677.799999999999  0.97828  
5682.1  0.97803  
5686.3  0.97729  
5690.599999999999  0.97696  
5694.8  0.97652  
5699.099999999999  0.97609  
5703.3  0.97581  
5707.6  0.97602  
5711.799999999999  0.97688  
5716.1  0.97697  
5720.299999999999  0.97678  
5724.6  0.97772  
5728.8  0.97925  
5733.099999999999  0.97967  
5737.3  0.97898  
5741.599999999999  0.97923  
5745.8  0.9804  
5750.1  0.98064  
5754.299999999999  0.9807  
5758.6  0.98138  
5762.9  0.98157  
5767.1  0.98109  
5771.4  0.9806  
5775.599999999999  0.98045  
5779.9  0.98071  
5784.099999999999  0.98064  
5788.400000000001  0.98042  
5792.6  0.98036  
5796.900000000001  0.97986  
5801.2  0.97953  
5805.4  0.97976  
5809.700000000001  0.97963  
5813.9  0.97947  
5818.200000000001  0.97992  
5822.5  0.98038  
5826.7  0.98024  
5831.0  0.98029  
5835.2  0.98095  
5839.5  0.98172  
5843.8  0.98239  
5848.0  0.98226  
5852.3  0.98153  
5856.599999999999  0.98131  
5860.8  0.98135  
5865.1  0.98107  
5869.400000000001  0.98052  
5873.6  0.97968  
5877.9  0.97945  
5882.200000000001  0.97961  
5886.4  0.97874  
5890.700000000001  0.9779  
5895.0  0.97817  
5899.2  0.97865  
5903.5  0.97861  
5907.799999999999  0.97898  
5912.0  0.98017  
5916.3  0.98043  
5920.599999999999  0.97969  
5924.8  0.97987  
5929.099999999999  0.98069  
5933.400000000001  0.98127  
5937.7  0.98179  
5941.900000000001  0.98106  
5946.2  0.97978  
5950.5  0.97976  
5954.700000000001  0.98004  
5959.0  0.97949  
5963.3  0.97866  
5967.6  0.97855  
5971.799999999999  0.97892  
5976.1  0.9791  
5980.4  0.97895  
5984.700000000001  0.97872  
5989.0  0.97905  
5993.200000000001  0.97965  
5997.5  0.98002  
6001.799999999999  0.98028  
6006.1  0.98015  
6010.299999999999  0.97987  
6014.6  0.98054  
6018.9  0.98122  
6023.200000000001  0.98079  
6027.5  0.9806  
6031.7  0.98137  
6036.0  0.98158  
6040.299999999999  0.98059  
6044.6  0.97995  
6048.9  0.98  
6053.099999999999  0.97957  
6057.4  0.97873  
6061.7  0.97893  
6066.0  0.97995  
6070.299999999999  0.97965  
6074.6  0.9785  
6078.9  0.97875  
6083.099999999999  0.97988  
6087.4  0.98049  
6091.7  0.98086  
6096.0  0.98107  
6100.299999999999  0.98108  
6104.6  0.9813  
6108.9  0.98177  
6113.099999999999  0.98228  
6117.4  0.9823  
6121.7  0.98152  
6126.0  0.98063  
6130.299999999999  0.98024  
6134.6  0.98033  
6138.9  0.98044  
6143.200000000001  0.98035  
6147.5  0.98012  
6151.799999999999  0.97994  
6156.1  0.97968  
6160.299999999999  0.97943  
6164.6  0.97999  
6168.9  0.98108  
6173.200000000001  0.98177  
6177.5  0.98223  
6181.799999999999  0.98235  
6186.1  0.98163  
6190.4  0.98138  
6194.700000000001  0.98232  
6199.0  0.98279  
6203.3  0.98227  
6207.6  0.98176  
6211.900000000001  0.98123  
6216.2  0.98066  
6220.5  0.98066  
6224.8  0.98111  
6229.099999999999  0.98108  
6233.400000000001  0.98043  
6237.7  0.98041  
6242.0  0.98141  
6246.3  0.98185  
6250.599999999999  0.9811  
6254.9  0.98061  
6259.2  0.98065  
6263.5  0.98048  
6267.799999999999  0.97993  
6272.1  0.97973  
6276.4  0.98044  
6280.700000000001  0.98081  
6285.0  0.98014  
6289.299999999999  0.97938  
6293.6  0.9793  
6297.9  0.97954  
6302.200000000001  0.97958  
6306.5  0.97981  
6310.8  0.98033  
6315.1  0.98059  
6319.400000000001  0.98046  
6323.8  0.98073  
6328.099999999999  0.98141  
6332.4  0.98178  
6336.7  0.98161  
6341.0  0.98097  
6345.299999999999  0.98037  
6349.6  0.98064  
6353.9  0.98099  
6358.200000000001  0.98021  
6362.5  0.97946  
6366.900000000001  0.97942  
6371.2  0.97916  
6375.5  0.97879  
6379.8  0.97866  
6384.099999999999  0.97847  
6388.400000000001  0.97834  
6392.7  0.97883  
6397.0  0.9798  
6401.4  0.98062  
6405.700000000001  0.98106  
6410.0  0.98117  
6414.299999999999  0.9812  
6418.6  0.98139  
6422.9  0.98174  
6427.3  0.98179  
6431.599999999999  0.9818  
6435.900000000001  0.98188  
6440.2  0.9817  
6444.5  0.98157  
6448.8  0.9814  
6453.200000000001  0.98078  
6457.5  0.98041  
6461.799999999999  0.98061  
6466.1  0.98103  
6470.4  0.98124  
6474.8  0.98119  
6479.099999999999  0.98127  
6483.400000000001  0.98155  
6487.7  0.98151  
6492.1  0.98147  
6496.4  0.98204  
6500.700000000001  0.98261  
6505.0  0.98282  
6509.299999999999  0.9828  
6513.7  0.9827  
6518.0  0.98328  
6522.3  0.98393  
6526.599999999999  0.98355  
6531.0  0.98356  
6535.299999999999  0.98389  
6539.6  0.98361  
6544.0  0.98367  
6548.3  0.98427  
6552.6  0.98403  
6556.900000000001  0.98332  
6561.3  0.9835  
6565.599999999999  0.98386  
6569.9  0.98375  
6574.299999999999  0.98339  
6578.6  0.98267  
6582.9  0.98191  
6587.200000000001  0.98224  
6591.599999999999  0.98314  
6595.900000000001  0.98307  
6600.2  0.98263  
6604.6  0.98247  
6608.9  0.9825  
6613.200000000001  0.98285  
6617.6  0.98307  
6621.900000000001  0.98319  
6626.2  0.98365  
6630.599999999999  0.98364  
6634.9  0.98322  
6639.2  0.9836  
6643.6  0.98405  
6647.9  0.98373  
6652.3  0.98323  
6656.599999999999  0.98285  
6660.900000000001  0.98283  
6665.299999999999  0.98286  
6669.6  0.98247  
6673.9  0.98191  
6678.3  0.98162  
6682.6  0.98181  
6687.0  0.98188  
6691.3  0.98171  
6695.599999999999  0.98182  
6700.0  0.98192  
6704.299999999999  0.98201  
6708.7  0.98237  
6713.0  0.98266  
6717.3  0.98294  
6721.7  0.98317  
6726.0  0.98281  
6730.4  0.98256  
6734.700000000001  0.98287  
6739.099999999999  0.98292  
6743.400000000001  0.98249  
6747.7  0.98196  
6752.1  0.98226  
6756.4  0.98327  
6760.8  0.98316  
6765.1  0.9822  
6769.5  0.98223  
6773.8  0.98307  
6778.200000000001  0.98343  
6782.5  0.98308  
6786.900000000001  0.98264  
6791.2  0.98287  
6795.599999999999  0.98345  
6799.9  0.98343  
6804.299999999999  0.98299  
6808.6  0.98294  
6813.0  0.98292  
6817.3  0.98257  
6821.7  0.98257  
6826.0  0.98295  
6830.4  0.98294  
6834.700000000001  0.98276  
6839.099999999999  0.98257  
6843.400000000001  0.98244  
6847.799999999999  0.98282  
6852.1  0.983  
6856.5  0.98246  
6860.8  0.9823  
6865.2  0.98244  
6869.5  0.9822  
6873.9  0.98205  
6878.3  0.98197  
6882.6  0.98123  
6887.0  0.97944  
6891.3  0.97676  
6895.700000000001  0.97323  
6900.0  0.96825  
6904.400000000001  0.96187  
6908.8  0.95404  
6913.099999999999  0.94357  
6917.5  0.92998  
6921.799999999999  0.91368  
6926.2  0.89507  
6930.599999999999  0.87366  
6934.9  0.84888  
6939.299999999999  0.82107  
6943.6  0.79102  
6948.0  0.75887  
6952.4  0.72421  
6956.7  0.68742  
6961.1  0.64951  
6965.4  0.6115  
6969.8  0.57328  
6974.2  0.53458  
6978.5  0.49621  
6982.9  0.45816  
6987.3  0.42055  
6991.599999999999  0.38409  
6996.0  0.34826  
7000.4  0.31287  
7004.700000000001  0.27851  
7009.099999999999  0.24587  
7013.5  0.21548  
7017.799999999999  0.18709  
7022.200000000001  0.16083  
7026.599999999999  0.13721  
7030.900000000001  0.1164  
7035.299999999999  0.09872  
7039.700000000001  0.08389  
7044.0  0.07134  
7048.400000000001  0.06088  
7052.799999999999  0.05214  
7057.1  0.04495  
7061.5  0.0393  
7065.900000000001  0.0348  
7070.299999999999  0.0311  
7074.6  0.02801  
7079.0  0.02517  
7083.400000000001  0.02267  
7087.7  0.02073  
7092.1  0.01923  
7096.5  0.01798  
7100.900000000001  0.01676  
7105.2  0.01541  
7109.6  0.01412  
7114.0  0.01313  
7118.400000000001  0.01236  
7122.7  0.01158  
7127.1  0.01068  
7131.5  0.00975  
7135.900000000001  0.00893  
7140.2  0.00832  
7144.6  0.00791  
7149.0  0.0073  
7153.400000000001  0.0065  
7157.799999999999  0.00603  
7162.1  0.0058  
7166.5  0.00537  
7170.900000000001  0.00492  
7175.299999999999  0.0047  
7179.700000000001  0.00438  
7184.0  0.00395  
7188.400000000001  0.00379  
7192.799999999999  0.00382  
7197.200000000001  0.00379  
7201.599999999999  0.00369  
7205.900000000001  0.00359  
7210.299999999999  0.00345  
7214.700000000001  0.00332  
7219.099999999999  0.0033  
7223.5  0.0033  
7227.9  0.00323  
7232.200000000001  0.00312  
7236.599999999999  0.0031  
7241.0  0.00309  
7245.4  0.00303  
7249.8  0.00298  
7254.2  0.00305  
7258.5  0.00307  
7262.9  0.00288  
7267.3  0.00278  
7271.7  0.00288  
7276.1  0.00296  
7280.5  0.00297  
7284.9  0.00289  
7289.299999999999  0.00278  
7293.7  0.00275  
7298.0  0.00276  
7302.4  0.00281  
7306.799999999999  0.00279  
7311.2  0.00266  
7315.599999999999  0.00255  
7320.0  0.00259  
7324.400000000001  0.00273  
7328.8  0.00282  
7333.200000000001  0.00269  
7337.6  0.0025  
7341.900000000001  0.00254  
7346.3  0.00263  
7350.700000000001  0.00259  
7355.1  0.00247  
7359.5  0.00246  
7363.9  0.00262  
7368.3  0.0026  
7372.7  0.0024  
7377.1  0.00243  
7381.5  0.00259  
7385.900000000001  0.00257  
7390.299999999999  0.00249  
7394.700000000001  0.0025  
7399.099999999999  0.00248  

