@MEASUREMENT_RADIUS 12.0 cm
#lambda:
#tr:
#end
5003.8  0.00426  
5008.0  0.00448  
5012.099999999999  0.0044  
5016.3  0.00418  
5020.5  0.00409  
5024.700000000001  0.00425  
5028.8  0.00425  
5033.0  0.00402  
5037.200000000001  0.00402  
5041.4  0.00415  
5045.6  0.00421  
5049.8  0.00423  
5053.9  0.00428  
5058.1  0.00438  
5062.3  0.00445  
5066.5  0.00435  
5070.7  0.00422  
5074.9  0.0042  
5079.1  0.00433  
5083.2  0.00462  
5087.4  0.00471  
5091.6  0.00446  
5095.8  0.00423  
5100.0  0.00435  
5104.2  0.00455  
5108.4  0.00455  
5112.6  0.00446  
5116.7  0.00445  
5120.900000000001  0.00452  
5125.1  0.00449  
5129.299999999999  0.00448  
5133.5  0.00441  
5137.7  0.00432  
5141.900000000001  0.00446  
5146.1  0.00464  
5150.299999999999  0.00466  
5154.5  0.00455  
5158.7  0.00457  
5162.9  0.00481  
5167.1  0.00511  
5171.3  0.00513  
5175.4  0.00507  
5179.6  0.0053  
5183.8  0.00531  
5188.0  0.00497  
5192.200000000001  0.00477  
5196.4  0.00504  
5200.599999999999  0.0054  
5204.8  0.00543  
5209.0  0.00542  
5213.200000000001  0.00538  
5217.4  0.00541  
5221.599999999999  0.0056  
5225.8  0.00564  
5230.0  0.00556  
5234.2  0.00558  
5238.400000000001  0.00578  
5242.6  0.00606  
5246.799999999999  0.00629  
5251.0  0.00619  
5255.299999999999  0.00611  
5259.5  0.00641  
5263.7  0.00658  
5267.9  0.00654  
5272.1  0.00655  
5276.3  0.0066  
5280.5  0.00675  
5284.700000000001  0.00711  
5288.9  0.0076  
5293.099999999999  0.008  
5297.3  0.00794  
5301.5  0.00768  
5305.700000000001  0.00788  
5309.9  0.00855  
5314.2  0.00923  
5318.400000000001  0.00982  
5322.6  0.01027  
5326.799999999999  0.01072  
5331.0  0.01149  
5335.2  0.01235  
5339.400000000001  0.01325  
5343.6  0.01421  
5347.9  0.01536  
5352.1  0.01651  
5356.3  0.01743  
5360.5  0.01841  
5364.700000000001  0.01988  
5368.9  0.02192  
5373.099999999999  0.02396  
5377.4  0.02583  
5381.599999999999  0.02823  
5385.8  0.03158  
5390.0  0.03579  
5394.2  0.04095  
5398.5  0.04696  
5402.7  0.05406  
5406.900000000001  0.06284  
5411.1  0.07336  
5415.299999999999  0.08546  
5419.6  0.09935  
5423.8  0.11523  
5428.0  0.1331  
5432.200000000001  0.15291  
5436.4  0.17473  
5440.700000000001  0.1986  
5444.9  0.22485  
5449.099999999999  0.254  
5453.3  0.28579  
5457.6  0.32024  
5461.799999999999  0.35843  
5466.0  0.40034  
5470.2  0.44534  
5474.5  0.49376  
5478.7  0.54497  
5482.9  0.59791  
5487.1  0.6515  
5491.4  0.7042  
5495.599999999999  0.75459  
5499.8  0.8008  
5504.099999999999  0.84223  
5508.3  0.87822  
5512.5  0.90714  
5516.799999999999  0.92943  
5521.0  0.94646  
5525.2  0.95889  
5529.400000000001  0.96709  
5533.7  0.97194  
5537.9  0.97523  
5542.1  0.97798  
5546.4  0.97981  
5550.599999999999  0.98044  
5554.8  0.98058  
5559.099999999999  0.98134  
5563.3  0.9821  
5567.6  0.98172  
5571.799999999999  0.98087  
5576.0  0.98092  
5580.299999999999  0.9812  
5584.5  0.98062  
5588.7  0.98009  
5593.0  0.9801  
5597.200000000001  0.98002  
5601.5  0.97979  
5605.700000000001  0.97985  
5609.9  0.98058  
5614.2  0.98115  
5618.400000000001  0.98104  
5622.7  0.98104  
5626.900000000001  0.98115  
5631.1  0.98139  
5635.4  0.9813  
5639.6  0.98077  
5643.9  0.98092  
5648.099999999999  0.98094  
5652.4  0.98001  
5656.599999999999  0.97952  
5660.8  0.97915  
5665.1  0.97801  
5669.299999999999  0.97754  
5673.6  0.9779  
5677.799999999999  0.97785  
5682.1  0.97745  
5686.3  0.97682  
5690.599999999999  0.97589  
5694.8  0.97541  
5699.099999999999  0.97595  
5703.3  0.97667  
5707.6  0.97642  
5711.799999999999  0.97566  
5716.1  0.97539  
5720.299999999999  0.97595  
5724.6  0.97729  
5728.8  0.97876  
5733.099999999999  0.97898  
5737.3  0.97868  
5741.599999999999  0.97925  
5745.8  0.9799  
5750.1  0.98015  
5754.299999999999  0.98083  
5758.6  0.98145  
5762.9  0.98099  
5767.1  0.98069  
5771.4  0.98117  
5775.599999999999  0.98118  
5779.9  0.98069  
5784.099999999999  0.98068  
5788.400000000001  0.98101  
5792.6  0.98062  
5796.900000000001  0.97954  
5801.2  0.97905  
5805.4  0.97977  
5809.700000000001  0.98037  
5813.9  0.97991  
5818.200000000001  0.97956  
5822.5  0.98004  
5826.7  0.98107  
5831.0  0.98164  
5835.2  0.98126  
5839.5  0.98107  
5843.8  0.98167  
5848.0  0.98206  
5852.3  0.98189  
5856.599999999999  0.98135  
5860.8  0.98086  
5865.1  0.98063  
5869.400000000001  0.98045  
5873.6  0.97993  
5877.9  0.97956  
5882.200000000001  0.97938  
5886.4  0.97866  
5890.700000000001  0.97832  
5895.0  0.97868  
5899.2  0.97879  
5903.5  0.97862  
5907.799999999999  0.97903  
5912.0  0.97969  
5916.3  0.97941  
5920.599999999999  0.9794  
5924.8  0.98055  
5929.099999999999  0.98097  
5933.400000000001  0.98068  
5937.7  0.98097  
5941.900000000001  0.98086  
5946.2  0.97996  
5950.5  0.97932  
5954.700000000001  0.97937  
5959.0  0.97945  
5963.3  0.97883  
5967.6  0.97861  
5971.799999999999  0.97891  
5976.1  0.97894  
5980.4  0.97896  
5984.700000000001  0.97888  
5989.0  0.97886  
5993.200000000001  0.97901  
5997.5  0.97925  
6001.799999999999  0.97976  
6006.1  0.98016  
6010.299999999999  0.97985  
6014.6  0.97998  
6018.9  0.98066  
6023.200000000001  0.98064  
6027.5  0.98076  
6031.7  0.98164  
6036.0  0.98165  
6040.299999999999  0.98047  
6044.6  0.97956  
6048.9  0.97961  
6053.099999999999  0.9798  
6057.4  0.97935  
6061.7  0.9788  
6066.0  0.97877  
6070.299999999999  0.97885  
6074.6  0.97835  
6078.9  0.97808  
6083.099999999999  0.97914  
6087.4  0.9803  
6091.7  0.98049  
6096.0  0.98007  
6100.299999999999  0.98003  
6104.6  0.98119  
6108.9  0.98244  
6113.099999999999  0.98224  
6117.4  0.98122  
6121.7  0.98075  
6126.0  0.98091  
6130.299999999999  0.98073  
6134.6  0.98014  
6138.9  0.97957  
6143.200000000001  0.97892  
6147.5  0.97862  
6151.799999999999  0.97875  
6156.1  0.97893  
6160.299999999999  0.97948  
6164.6  0.98036  
6168.9  0.98062  
6173.200000000001  0.98058  
6177.5  0.98117  
6181.799999999999  0.98168  
6186.1  0.98141  
6190.4  0.9813  
6194.700000000001  0.98175  
6199.0  0.98196  
6203.3  0.9819  
6207.6  0.98196  
6211.900000000001  0.98172  
6216.2  0.98162  
6220.5  0.98191  
6224.8  0.98174  
6229.099999999999  0.98121  
6233.400000000001  0.98063  
6237.7  0.98029  
6242.0  0.9809  
6246.3  0.98171  
6250.599999999999  0.98124  
6254.9  0.98033  
6259.2  0.98041  
6263.5  0.98079  
6267.799999999999  0.98033  
6272.1  0.97998  
6276.4  0.98059  
6280.700000000001  0.9807  
6285.0  0.97995  
6289.299999999999  0.97943  
6293.6  0.97923  
6297.9  0.97909  
6302.200000000001  0.97908  
6306.5  0.97916  
6310.8  0.97952  
6315.1  0.97983  
6319.400000000001  0.98018  
6323.8  0.98083  
6328.099999999999  0.98131  
6332.4  0.98132  
6336.7  0.98095  
6341.0  0.98061  
6345.299999999999  0.98055  
6349.6  0.98034  
6353.9  0.98005  
6358.200000000001  0.97987  
6362.5  0.97933  
6366.900000000001  0.97878  
6371.2  0.97863  
6375.5  0.97823  
6379.8  0.97774  
6384.099999999999  0.97785  
6388.400000000001  0.97811  
6392.7  0.97847  
6397.0  0.97925  
6401.4  0.97974  
6405.700000000001  0.97953  
6410.0  0.97983  
6414.299999999999  0.98084  
6418.6  0.98126  
6422.9  0.98094  
6427.3  0.98054  
6431.599999999999  0.98083  
6435.900000000001  0.98137  
6440.2  0.98155  
6444.5  0.9813  
6448.8  0.98097  
6453.200000000001  0.98076  
6457.5  0.98019  
6461.799999999999  0.97979  
6466.1  0.98036  
6470.4  0.98094  
6474.8  0.98082  
6479.099999999999  0.98052  
6483.400000000001  0.98078  
6487.7  0.98142  
6492.1  0.9819  
6496.4  0.98232  
6500.700000000001  0.98239  
6505.0  0.98212  
6509.299999999999  0.98243  
6513.7  0.9835  
6518.0  0.98374  
6522.3  0.98302  
6526.599999999999  0.98272  
6531.0  0.98357  
6535.299999999999  0.98426  
6539.6  0.98382  
6544.0  0.98341  
6548.3  0.98358  
6552.6  0.98347  
6556.900000000001  0.98325  
6561.3  0.98343  
6565.599999999999  0.98347  
6569.9  0.98351  
6574.299999999999  0.98342  
6578.6  0.98281  
6582.9  0.98241  
6587.200000000001  0.98241  
6591.599999999999  0.98234  
6595.900000000001  0.98222  
6600.2  0.98212  
6604.6  0.98214  
6608.9  0.98234  
6613.200000000001  0.98266  
6617.6  0.98319  
6621.900000000001  0.98357  
6626.2  0.98336  
6630.599999999999  0.98286  
6634.9  0.98272  
6639.2  0.98364  
6643.6  0.98426  
6647.9  0.98344  
6652.3  0.98295  
6656.599999999999  0.98273  
6660.900000000001  0.98192  
6665.299999999999  0.9817  
6669.6  0.98199  
6673.9  0.98205  
6678.3  0.98183  
6682.6  0.98163  
6687.0  0.98136  
6691.3  0.98097  
6695.599999999999  0.98094  
6700.0  0.98136  
6704.299999999999  0.98191  
6708.7  0.98215  
6713.0  0.98205  
6717.3  0.98214  
6721.7  0.98255  
6726.0  0.98282  
6730.4  0.98266  
6734.700000000001  0.98221  
6739.099999999999  0.98169  
6743.400000000001  0.98187  
6747.7  0.98234  
6752.1  0.98227  
6756.4  0.98209  
6760.8  0.98202  
6765.1  0.98178  
6769.5  0.98174  
6773.8  0.98211  
6778.200000000001  0.98219  
6782.5  0.98206  
6786.900000000001  0.98206  
6791.2  0.98227  
6795.599999999999  0.98285  
6799.9  0.98304  
6804.299999999999  0.98271  
6808.6  0.98251  
6813.0  0.98234  
6817.3  0.98222  
6821.7  0.98232  
6826.0  0.98262  
6830.4  0.98275  
6834.700000000001  0.98286  
6839.099999999999  0.98289  
6843.400000000001  0.98283  
6847.799999999999  0.98285  
6852.1  0.98236  
6856.5  0.98168  
6860.8  0.98174  
6865.2  0.98197  
6869.5  0.98247  
6873.9  0.9831  
6878.3  0.9826  
6882.6  0.98136  
6887.0  0.98024  
6891.3  0.97885  
6895.700000000001  0.97635  
6900.0  0.97235  
6904.400000000001  0.96722  
6908.8  0.96067  
6913.099999999999  0.95167  
6917.5  0.9403  
6921.799999999999  0.92701  
6926.2  0.91107  
6930.599999999999  0.89141  
6934.9  0.86849  
6939.299999999999  0.843  
6943.6  0.81509  
6948.0  0.78463  
6952.4  0.7517  
6956.7  0.71696  
6961.1  0.68076  
6965.4  0.64347  
6969.8  0.60518  
6974.2  0.56629  
6978.5  0.52755  
6982.9  0.48922  
6987.3  0.45143  
6991.599999999999  0.41408  
6996.0  0.37712  
7000.4  0.34107  
7004.700000000001  0.30623  
7009.099999999999  0.27251  
7013.5  0.24011  
7017.799999999999  0.20947  
7022.200000000001  0.18088  
7026.599999999999  0.15475  
7030.900000000001  0.13169  
7035.299999999999  0.1118  
7039.700000000001  0.09465  
7044.0  0.08012  
7048.400000000001  0.06826  
7052.799999999999  0.05837  
7057.1  0.05007  
7061.5  0.0435  
7065.900000000001  0.03833  
7070.299999999999  0.03395  
7074.6  0.03017  
7079.0  0.0269  
7083.400000000001  0.02431  
7087.7  0.02234  
7092.1  0.02052  
7096.5  0.0188  
7100.900000000001  0.01739  
7105.2  0.01629  
7109.6  0.01525  
7114.0  0.01413  
7118.400000000001  0.01302  
7122.7  0.0121  
7127.1  0.01141  
7131.5  0.01068  
7135.900000000001  0.00978  
7140.2  0.00899  
7144.6  0.00839  
7149.0  0.00774  
7153.400000000001  0.00713  
7157.799999999999  0.00667  
7162.1  0.0062  
7166.5  0.00571  
7170.900000000001  0.00521  
7175.299999999999  0.00479  
7179.700000000001  0.0046  
7184.0  0.00445  
7188.400000000001  0.00425  
7192.799999999999  0.00401  
7197.200000000001  0.0038  
7201.599999999999  0.00367  
7205.900000000001  0.0036  
7210.299999999999  0.00351  
7214.700000000001  0.00346  
7219.099999999999  0.00351  
7223.5  0.00348  
7227.9  0.0033  
7232.200000000001  0.00316  
7236.599999999999  0.00317  
7241.0  0.00309  
7245.4  0.0029  
7249.8  0.00293  
7254.2  0.00304  
7258.5  0.0029  
7262.9  0.00285  
7267.3  0.00304  
7271.7  0.00313  
7276.1  0.00306  
7280.5  0.00303  
7284.9  0.00295  
7289.299999999999  0.00285  
7293.7  0.00282  
7298.0  0.00281  
7302.4  0.00286  
7306.799999999999  0.00288  
7311.2  0.00278  
7315.599999999999  0.00267  
7320.0  0.00261  
7324.400000000001  0.00256  
7328.8  0.00254  
7333.200000000001  0.00269  
7337.6  0.00272  
7341.900000000001  0.00252  
7346.3  0.00249  
7350.700000000001  0.00265  
7355.1  0.00275  
7359.5  0.00266  
7363.9  0.00254  
7368.3  0.00261  
7372.7  0.00274  
7377.1  0.00273  
7381.5  0.00253  
7385.900000000001  0.00251  
7390.299999999999  0.00269  
7394.700000000001  0.00265  
7399.099999999999  0.00242  

