@MEASUREMENT_RADIUS 26.0 cm
#lambda:
#tr:
#end
5003.8  0.00431  
5008.0  0.00405  
5012.099999999999  0.00362  
5016.3  0.0035  
5020.5  0.00397  
5024.700000000001  0.00438  
5028.8  0.00423  
5033.0  0.00407  
5037.200000000001  0.00414  
5041.4  0.00408  
5045.6  0.00408  
5049.8  0.00434  
5053.9  0.00457  
5058.1  0.00442  
5062.3  0.00413  
5066.5  0.00423  
5070.7  0.00463  
5074.9  0.00467  
5079.1  0.00438  
5083.2  0.00437  
5087.4  0.0046  
5091.6  0.00458  
5095.8  0.00442  
5100.0  0.00439  
5104.2  0.00442  
5108.4  0.00451  
5112.6  0.00457  
5116.7  0.00445  
5120.900000000001  0.00434  
5125.1  0.00447  
5129.299999999999  0.00474  
5133.5  0.00482  
5137.7  0.00465  
5141.900000000001  0.00471  
5146.1  0.00493  
5150.299999999999  0.00479  
5154.5  0.00461  
5158.7  0.00479  
5162.9  0.00497  
5167.1  0.00507  
5171.3  0.00521  
5175.4  0.00526  
5179.6  0.00526  
5183.8  0.00546  
5188.0  0.00548  
5192.200000000001  0.00532  
5196.4  0.00528  
5200.599999999999  0.00518  
5204.8  0.00507  
5209.0  0.00526  
5213.200000000001  0.00558  
5217.4  0.00562  
5221.599999999999  0.00542  
5225.8  0.00558  
5230.0  0.00611  
5234.2  0.00617  
5238.400000000001  0.00599  
5242.6  0.00599  
5246.799999999999  0.00597  
5251.0  0.00606  
5255.299999999999  0.00631  
5259.5  0.00644  
5263.7  0.0065  
5267.9  0.00673  
5272.1  0.00702  
5276.3  0.0071  
5280.5  0.00716  
5284.700000000001  0.00723  
5288.9  0.00714  
5293.099999999999  0.00722  
5297.3  0.00773  
5301.5  0.00836  
5305.700000000001  0.00882  
5309.9  0.00917  
5314.2  0.00953  
5318.400000000001  0.00994  
5322.6  0.01066  
5326.799999999999  0.01155  
5331.0  0.01235  
5335.2  0.01331  
5339.400000000001  0.01441  
5343.6  0.01541  
5347.9  0.01653  
5352.1  0.01779  
5356.3  0.01905  
5360.5  0.02056  
5364.700000000001  0.02245  
5368.9  0.02441  
5373.099999999999  0.02636  
5377.4  0.02885  
5381.599999999999  0.03218  
5385.8  0.03622  
5390.0  0.04098  
5394.2  0.04657  
5398.5  0.05328  
5402.7  0.06161  
5406.900000000001  0.07194  
5411.1  0.08424  
5415.299999999999  0.09851  
5419.6  0.1148  
5423.8  0.13306  
5428.0  0.15341  
5432.200000000001  0.17595  
5436.4  0.2007  
5440.700000000001  0.22765  
5444.9  0.25691  
5449.099999999999  0.2888  
5453.3  0.32326  
5457.6  0.36029  
5461.799999999999  0.4004  
5466.0  0.44385  
5470.2  0.49039  
5474.5  0.5392  
5478.7  0.58966  
5482.9  0.6416  
5487.1  0.69304  
5491.4  0.7421  
5495.599999999999  0.78872  
5499.8  0.83135  
5504.099999999999  0.86818  
5508.3  0.89927  
5512.5  0.92447  
5516.799999999999  0.94316  
5521.0  0.9562  
5525.2  0.96587  
5529.400000000001  0.97254  
5533.7  0.97604  
5537.9  0.97815  
5542.1  0.98032  
5546.4  0.9819  
5550.599999999999  0.9821  
5554.8  0.98152  
5559.099999999999  0.98139  
5563.3  0.9815  
5567.6  0.98098  
5571.799999999999  0.98051  
5576.0  0.9804  
5580.299999999999  0.9802  
5584.5  0.98029  
5588.7  0.98037  
5593.0  0.97994  
5597.200000000001  0.97985  
5601.5  0.98056  
5605.700000000001  0.98095  
5609.9  0.98069  
5614.2  0.98048  
5618.400000000001  0.98061  
5622.7  0.98132  
5626.900000000001  0.98153  
5631.1  0.98081  
5635.4  0.9802  
5639.6  0.98049  
5643.9  0.98122  
5648.099999999999  0.98062  
5652.4  0.97918  
5656.599999999999  0.97897  
5660.8  0.97952  
5665.1  0.97944  
5669.299999999999  0.97889  
5673.6  0.97848  
5677.799999999999  0.97818  
5682.1  0.97796  
5686.3  0.97799  
5690.599999999999  0.97797  
5694.8  0.97769  
5699.099999999999  0.97729  
5703.3  0.97693  
5707.6  0.97696  
5711.799999999999  0.97733  
5716.1  0.97722  
5720.299999999999  0.97717  
5724.6  0.97818  
5728.8  0.97923  
5733.099999999999  0.97914  
5737.3  0.97879  
5741.599999999999  0.97948  
5745.8  0.98067  
5750.1  0.98096  
5754.299999999999  0.98066  
5758.6  0.98087  
5762.9  0.98129  
5767.1  0.98144  
5771.4  0.98145  
5775.599999999999  0.98177  
5779.9  0.98213  
5784.099999999999  0.98167  
5788.400000000001  0.98087  
5792.6  0.98041  
5796.900000000001  0.98021  
5801.2  0.98015  
5805.4  0.98052  
5809.700000000001  0.98053  
5813.9  0.97981  
5818.200000000001  0.98005  
5822.5  0.98083  
5826.7  0.98091  
5831.0  0.98112  
5835.2  0.98185  
5839.5  0.98232  
5843.8  0.98238  
5848.0  0.98209  
5852.3  0.98183  
5856.599999999999  0.98181  
5860.8  0.98161  
5865.1  0.98129  
5869.400000000001  0.98125  
5873.6  0.98086  
5877.9  0.97998  
5882.200000000001  0.97916  
5886.4  0.97897  
5890.700000000001  0.97961  
5895.0  0.97993  
5899.2  0.97912  
5903.5  0.97859  
5907.799999999999  0.97938  
5912.0  0.98044  
5916.3  0.98073  
5920.599999999999  0.98071  
5924.8  0.98106  
5929.099999999999  0.98141  
5933.400000000001  0.9813  
5937.7  0.98081  
5941.900000000001  0.98072  
5946.2  0.9811  
5950.5  0.98112  
5954.700000000001  0.98081  
5959.0  0.98021  
5963.3  0.97988  
5967.6  0.98034  
5971.799999999999  0.98039  
5976.1  0.97983  
5980.4  0.97949  
5984.700000000001  0.97952  
5989.0  0.98002  
5993.200000000001  0.98025  
5997.5  0.9802  
6001.799999999999  0.9805  
6006.1  0.98072  
6010.299999999999  0.98085  
6014.6  0.98147  
6018.9  0.98153  
6023.200000000001  0.981  
6027.5  0.98121  
6031.7  0.98206  
6036.0  0.9822  
6040.299999999999  0.98135  
6044.6  0.98078  
6048.9  0.9808  
6053.099999999999  0.98071  
6057.4  0.98045  
6061.7  0.98028  
6066.0  0.98037  
6070.299999999999  0.98034  
6074.6  0.98005  
6078.9  0.98029  
6083.099999999999  0.98092  
6087.4  0.98111  
6091.7  0.98133  
6096.0  0.98164  
6100.299999999999  0.98146  
6104.6  0.9812  
6108.9  0.98177  
6113.099999999999  0.98267  
6117.4  0.9825  
6121.7  0.98135  
6126.0  0.98084  
6130.299999999999  0.98111  
6134.6  0.98109  
6138.9  0.98087  
6143.200000000001  0.98096  
6147.5  0.98098  
6151.799999999999  0.98041  
6156.1  0.97981  
6160.299999999999  0.97998  
6164.6  0.98083  
6168.9  0.98141  
6173.200000000001  0.98161  
6177.5  0.98193  
6181.799999999999  0.98203  
6186.1  0.98178  
6190.4  0.98185  
6194.700000000001  0.98233  
6199.0  0.98244  
6203.3  0.98192  
6207.6  0.98152  
6211.900000000001  0.98165  
6216.2  0.98162  
6220.5  0.98112  
6224.8  0.98071  
6229.099999999999  0.98049  
6233.400000000001  0.98035  
6237.7  0.98023  
6242.0  0.98038  
6246.3  0.98063  
6250.599999999999  0.98087  
6254.9  0.98098  
6259.2  0.98063  
6263.5  0.98033  
6267.799999999999  0.9806  
6272.1  0.98121  
6276.4  0.98136  
6280.700000000001  0.98071  
6285.0  0.98035  
6289.299999999999  0.9804  
6293.6  0.98023  
6297.9  0.98009  
6302.200000000001  0.97991  
6306.5  0.97978  
6310.8  0.98027  
6315.1  0.98124  
6319.400000000001  0.98159  
6323.8  0.9815  
6328.099999999999  0.98189  
6332.4  0.98207  
6336.7  0.98147  
6341.0  0.98112  
6345.299999999999  0.98125  
6349.6  0.98112  
6353.9  0.98089  
6358.200000000001  0.98098  
6362.5  0.98084  
6366.900000000001  0.98022  
6371.2  0.97981  
6375.5  0.97984  
6379.8  0.97987  
6384.099999999999  0.97949  
6388.400000000001  0.97901  
6392.7  0.97931  
6397.0  0.98048  
6401.4  0.98158  
6405.700000000001  0.98181  
6410.0  0.98135  
6414.299999999999  0.98106  
6418.6  0.98157  
6422.9  0.9821  
6427.3  0.98191  
6431.599999999999  0.98194  
6435.900000000001  0.98203  
6440.2  0.98176  
6444.5  0.98166  
6448.8  0.98184  
6453.200000000001  0.98187  
6457.5  0.98162  
6461.799999999999  0.981  
6466.1  0.9809  
6470.4  0.98162  
6474.8  0.98194  
6479.099999999999  0.98179  
6483.400000000001  0.98175  
6487.7  0.98183  
6492.1  0.98234  
6496.4  0.98273  
6500.700000000001  0.98255  
6505.0  0.98258  
6509.299999999999  0.98286  
6513.7  0.98327  
6518.0  0.98366  
6522.3  0.98364  
6526.599999999999  0.98336  
6531.0  0.98368  
6535.299999999999  0.98419  
6539.6  0.98429  
6544.0  0.98464  
6548.3  0.98474  
6552.6  0.98383  
6556.900000000001  0.9836  
6561.3  0.98456  
6565.599999999999  0.98476  
6569.9  0.98379  
6574.299999999999  0.98308  
6578.6  0.98316  
6582.9  0.98314  
6587.200000000001  0.98284  
6591.599999999999  0.98298  
6595.900000000001  0.98339  
6600.2  0.98346  
6604.6  0.98329  
6608.9  0.98313  
6613.200000000001  0.98303  
6617.6  0.98324  
6621.900000000001  0.98349  
6626.2  0.98333  
6630.599999999999  0.9834  
6634.9  0.98387  
6639.2  0.98432  
6643.6  0.98415  
6647.9  0.98372  
6652.3  0.98391  
6656.599999999999  0.9839  
6660.900000000001  0.98345  
6665.299999999999  0.98319  
6669.6  0.98287  
6673.9  0.98246  
6678.3  0.98246  
6682.6  0.98279  
6687.0  0.98259  
6691.3  0.98248  
6695.599999999999  0.98269  
6700.0  0.98262  
6704.299999999999  0.98276  
6708.7  0.98307  
6713.0  0.98303  
6717.3  0.98326  
6721.7  0.9837  
6726.0  0.98344  
6730.4  0.98283  
6734.700000000001  0.98254  
6739.099999999999  0.98253  
6743.400000000001  0.98285  
6747.7  0.98302  
6752.1  0.98274  
6756.4  0.98268  
6760.8  0.98294  
6765.1  0.983  
6769.5  0.98292  
6773.8  0.98306  
6778.200000000001  0.98321  
6782.5  0.98317  
6786.900000000001  0.98293  
6791.2  0.98282  
6795.599999999999  0.98316  
6799.9  0.98356  
6804.299999999999  0.98347  
6808.6  0.98264  
6813.0  0.9815  
6817.3  0.98124  
6821.7  0.98222  
6826.0  0.98311  
6830.4  0.98283  
6834.700000000001  0.98238  
6839.099999999999  0.98224  
6843.400000000001  0.98208  
6847.799999999999  0.98228  
6852.1  0.98271  
6856.5  0.98257  
6860.8  0.98186  
6865.2  0.9815  
6869.5  0.98198  
6873.9  0.98226  
6878.3  0.98137  
6882.6  0.97992  
6887.0  0.97822  
6891.3  0.976  
6895.700000000001  0.97268  
6900.0  0.96739  
6904.400000000001  0.96023  
6908.8  0.95155  
6913.099999999999  0.9404  
6917.5  0.92627  
6921.799999999999  0.90946  
6926.2  0.88996  
6930.599999999999  0.86707  
6934.9  0.84037  
6939.299999999999  0.8108  
6943.6  0.77922  
6948.0  0.74516  
6952.4  0.70852  
6956.7  0.67045  
6961.1  0.63157  
6965.4  0.59189  
6969.8  0.55198  
6974.2  0.51251  
6978.5  0.47387  
6982.9  0.43622  
6987.3  0.39975  
6991.599999999999  0.36436  
6996.0  0.32981  
7000.4  0.29647  
7004.700000000001  0.26482  
7009.099999999999  0.23474  
7013.5  0.20634  
7017.799999999999  0.17993  
7022.200000000001  0.15552  
7026.599999999999  0.13331  
7030.900000000001  0.11376  
7035.299999999999  0.097  
7039.700000000001  0.08257  
7044.0  0.07017  
7048.400000000001  0.05979  
7052.799999999999  0.05117  
7057.1  0.04404  
7061.5  0.03841  
7065.900000000001  0.03396  
7070.299999999999  0.03014  
7074.6  0.02685  
7079.0  0.02413  
7083.400000000001  0.02191  
7087.7  0.02014  
7092.1  0.01852  
7096.5  0.01702  
7100.900000000001  0.01578  
7105.2  0.01477  
7109.6  0.01375  
7114.0  0.01267  
7118.400000000001  0.01167  
7122.7  0.01099  
7127.1  0.01038  
7131.5  0.00956  
7135.900000000001  0.00886  
7140.2  0.00839  
7144.6  0.00781  
7149.0  0.00714  
7153.400000000001  0.00663  
7157.799999999999  0.00618  
7162.1  0.0056  
7166.5  0.00515  
7170.900000000001  0.00491  
7175.299999999999  0.00464  
7179.700000000001  0.00437  
7184.0  0.00426  
7188.400000000001  0.0041  
7192.799999999999  0.00386  
7197.200000000001  0.00368  
7201.599999999999  0.00352  
7205.900000000001  0.0034  
7210.299999999999  0.00344  
7214.700000000001  0.00353  
7219.099999999999  0.0035  
7223.5  0.00338  
7227.9  0.00332  
7232.200000000001  0.00323  
7236.599999999999  0.00312  
7241.0  0.00306  
7245.4  0.00304  
7249.8  0.00298  
7254.2  0.00301  
7258.5  0.00314  
7262.9  0.003  
7267.3  0.0028  
7271.7  0.00293  
7276.1  0.00304  
7280.5  0.00284  
7284.9  0.00266  
7289.299999999999  0.00282  
7293.7  0.00303  
7298.0  0.0029  
7302.4  0.00262  
7306.799999999999  0.00264  
7311.2  0.00284  
7315.599999999999  0.00286  
7320.0  0.00273  
7324.400000000001  0.00267  
7328.8  0.00266  
7333.200000000001  0.00256  
7337.6  0.00249  
7341.900000000001  0.00259  
7346.3  0.00265  
7350.700000000001  0.00258  
7355.1  0.00254  
7359.5  0.0025  
7363.9  0.00252  
7368.3  0.00249  
7372.7  0.00242  
7377.1  0.00247  
7381.5  0.00259  
7385.900000000001  0.00258  
7390.299999999999  0.00251  
7394.700000000001  0.00247  
7399.099999999999  0.00248  

