@MEASUREMENT_RADIUS 23.0 cm
#lambda:
#tr:
#end
5003.8  0.00416  
5008.0  0.00398  
5012.099999999999  0.00361  
5016.3  0.00363  
5020.5  0.00413  
5024.700000000001  0.00425  
5028.8  0.00393  
5033.0  0.00386  
5037.200000000001  0.0041  
5041.4  0.00419  
5045.6  0.00407  
5049.8  0.00409  
5053.9  0.00426  
5058.1  0.00426  
5062.3  0.00437  
5066.5  0.00437  
5070.7  0.00402  
5074.9  0.00418  
5079.1  0.00477  
5083.2  0.00476  
5087.4  0.00425  
5091.6  0.00419  
5095.8  0.00444  
5100.0  0.00446  
5104.2  0.00447  
5108.4  0.00463  
5112.6  0.00468  
5116.7  0.00461  
5120.900000000001  0.00451  
5125.1  0.00457  
5129.299999999999  0.00488  
5133.5  0.00497  
5137.7  0.00482  
5141.900000000001  0.00475  
5146.1  0.00474  
5150.299999999999  0.00472  
5154.5  0.0047  
5158.7  0.00468  
5162.9  0.00476  
5167.1  0.00494  
5171.3  0.00503  
5175.4  0.00495  
5179.6  0.00488  
5183.8  0.00506  
5188.0  0.00529  
5192.200000000001  0.00526  
5196.4  0.00532  
5200.599999999999  0.00562  
5204.8  0.00573  
5209.0  0.0055  
5213.200000000001  0.00519  
5217.4  0.00518  
5221.599999999999  0.0055  
5225.8  0.00584  
5230.0  0.00602  
5234.2  0.00591  
5238.400000000001  0.00583  
5242.6  0.00593  
5246.799999999999  0.00615  
5251.0  0.00636  
5255.299999999999  0.00643  
5259.5  0.00633  
5263.7  0.00624  
5267.9  0.00635  
5272.1  0.00652  
5276.3  0.00685  
5280.5  0.00726  
5284.700000000001  0.0075  
5288.9  0.0075  
5293.099999999999  0.00762  
5297.3  0.00796  
5301.5  0.00831  
5305.700000000001  0.00851  
5309.9  0.00902  
5314.2  0.00973  
5318.400000000001  0.01017  
5322.6  0.01064  
5326.799999999999  0.01128  
5331.0  0.0119  
5335.2  0.01283  
5339.400000000001  0.01412  
5343.6  0.01533  
5347.9  0.01647  
5352.1  0.01772  
5356.3  0.01922  
5360.5  0.02076  
5364.700000000001  0.02214  
5368.9  0.02377  
5373.099999999999  0.02603  
5377.4  0.02878  
5381.599999999999  0.03189  
5385.8  0.03555  
5390.0  0.04024  
5394.2  0.04621  
5398.5  0.0531  
5402.7  0.06127  
5406.900000000001  0.07138  
5411.1  0.08345  
5415.299999999999  0.09736  
5419.6  0.11344  
5423.8  0.13162  
5428.0  0.1514  
5432.200000000001  0.17336  
5436.4  0.19811  
5440.700000000001  0.22499  
5444.9  0.25364  
5449.099999999999  0.28486  
5453.3  0.31911  
5457.6  0.35607  
5461.799999999999  0.39624  
5466.0  0.44007  
5470.2  0.48676  
5474.5  0.53593  
5478.7  0.5874  
5482.9  0.64  
5487.1  0.69191  
5491.4  0.74175  
5495.599999999999  0.78865  
5499.8  0.83111  
5504.099999999999  0.86834  
5508.3  0.89987  
5512.5  0.92478  
5516.799999999999  0.94323  
5521.0  0.95635  
5525.2  0.96601  
5529.400000000001  0.97281  
5533.7  0.97636  
5537.9  0.97828  
5542.1  0.98059  
5546.4  0.9821  
5550.599999999999  0.98157  
5554.8  0.98076  
5559.099999999999  0.98082  
5563.3  0.98149  
5567.6  0.98198  
5571.799999999999  0.98171  
5576.0  0.98098  
5580.299999999999  0.98048  
5584.5  0.9804  
5588.7  0.98028  
5593.0  0.98009  
5597.200000000001  0.98015  
5601.5  0.98029  
5605.700000000001  0.98048  
5609.9  0.98125  
5614.2  0.98158  
5618.400000000001  0.98121  
5622.7  0.98162  
5626.900000000001  0.98211  
5631.1  0.98176  
5635.4  0.98094  
5639.6  0.98045  
5643.9  0.98074  
5648.099999999999  0.98066  
5652.4  0.97987  
5656.599999999999  0.97978  
5660.8  0.98007  
5665.1  0.97944  
5669.299999999999  0.97866  
5673.6  0.97864  
5677.799999999999  0.97872  
5682.1  0.97849  
5686.3  0.97807  
5690.599999999999  0.97764  
5694.8  0.97715  
5699.099999999999  0.97654  
5703.3  0.97676  
5707.6  0.97768  
5711.799999999999  0.97776  
5716.1  0.97699  
5720.299999999999  0.97699  
5724.6  0.97818  
5728.8  0.97941  
5733.099999999999  0.97965  
5737.3  0.97947  
5741.599999999999  0.97991  
5745.8  0.9807  
5750.1  0.98091  
5754.299999999999  0.98095  
5758.6  0.98139  
5762.9  0.98156  
5767.1  0.98148  
5771.4  0.98164  
5775.599999999999  0.98179  
5779.9  0.98163  
5784.099999999999  0.98129  
5788.400000000001  0.98145  
5792.6  0.98137  
5796.900000000001  0.98054  
5801.2  0.98013  
5805.4  0.98046  
5809.700000000001  0.98053  
5813.9  0.98006  
5818.200000000001  0.97999  
5822.5  0.9807  
5826.7  0.98191  
5831.0  0.98255  
5835.2  0.98187  
5839.5  0.98102  
5843.8  0.98152  
5848.0  0.98225  
5852.3  0.98199  
5856.599999999999  0.98169  
5860.8  0.98183  
5865.1  0.98164  
5869.400000000001  0.98086  
5873.6  0.98023  
5877.9  0.98024  
5882.200000000001  0.98007  
5886.4  0.97949  
5890.700000000001  0.97911  
5895.0  0.9789  
5899.2  0.97934  
5903.5  0.97995  
5907.799999999999  0.97956  
5912.0  0.97937  
5916.3  0.98025  
5920.599999999999  0.9811  
5924.8  0.98138  
5929.099999999999  0.98119  
5933.400000000001  0.98142  
5937.7  0.98198  
5941.900000000001  0.98125  
5946.2  0.98006  
5950.5  0.98005  
5954.700000000001  0.98052  
5959.0  0.98036  
5963.3  0.97967  
5967.6  0.97953  
5971.799999999999  0.97963  
5976.1  0.97962  
5980.4  0.97995  
5984.700000000001  0.98012  
5989.0  0.98021  
5993.200000000001  0.98039  
5997.5  0.98044  
6001.799999999999  0.98062  
6006.1  0.98058  
6010.299999999999  0.97993  
6014.6  0.97995  
6018.9  0.98115  
6023.200000000001  0.98215  
6027.5  0.98205  
6031.7  0.98151  
6036.0  0.98143  
6040.299999999999  0.98141  
6044.6  0.98086  
6048.9  0.98078  
6053.099999999999  0.98123  
6057.4  0.9808  
6061.7  0.97994  
6066.0  0.98002  
6070.299999999999  0.98028  
6074.6  0.98003  
6078.9  0.98028  
6083.099999999999  0.98092  
6087.4  0.98111  
6091.7  0.98102  
6096.0  0.98088  
6100.299999999999  0.98086  
6104.6  0.98148  
6108.9  0.98237  
6113.099999999999  0.98258  
6117.4  0.98215  
6121.7  0.98176  
6126.0  0.9815  
6130.299999999999  0.98119  
6134.6  0.98111  
6138.9  0.98088  
6143.200000000001  0.98039  
6147.5  0.9803  
6151.799999999999  0.98017  
6156.1  0.9799  
6160.299999999999  0.9803  
6164.6  0.98149  
6168.9  0.98203  
6173.200000000001  0.98152  
6177.5  0.98135  
6181.799999999999  0.98194  
6186.1  0.98226  
6190.4  0.98188  
6194.700000000001  0.98162  
6199.0  0.98195  
6203.3  0.98207  
6207.6  0.98172  
6211.900000000001  0.98151  
6216.2  0.98147  
6220.5  0.9812  
6224.8  0.98119  
6229.099999999999  0.98133  
6233.400000000001  0.98068  
6237.7  0.97986  
6242.0  0.98035  
6246.3  0.98138  
6250.599999999999  0.98126  
6254.9  0.98049  
6259.2  0.98059  
6263.5  0.98111  
6267.799999999999  0.98106  
6272.1  0.98085  
6276.4  0.98075  
6280.700000000001  0.98022  
6285.0  0.97983  
6289.299999999999  0.98037  
6293.6  0.98061  
6297.9  0.98004  
6302.200000000001  0.97989  
6306.5  0.98035  
6310.8  0.98059  
6315.1  0.98079  
6319.400000000001  0.98103  
6323.8  0.98128  
6328.099999999999  0.9817  
6332.4  0.98214  
6336.7  0.98217  
6341.0  0.9816  
6345.299999999999  0.98107  
6349.6  0.98098  
6353.9  0.98096  
6358.200000000001  0.98053  
6362.5  0.98006  
6366.900000000001  0.98019  
6371.2  0.98048  
6375.5  0.98005  
6379.8  0.97925  
6384.099999999999  0.97903  
6388.400000000001  0.97946  
6392.7  0.98002  
6397.0  0.98045  
6401.4  0.98094  
6405.700000000001  0.98131  
6410.0  0.9816  
6414.299999999999  0.98188  
6418.6  0.98199  
6422.9  0.98233  
6427.3  0.98256  
6431.599999999999  0.98232  
6435.900000000001  0.98183  
6440.2  0.98173  
6444.5  0.98197  
6448.8  0.98177  
6453.200000000001  0.98135  
6457.5  0.98099  
6461.799999999999  0.98113  
6466.1  0.98182  
6470.4  0.98184  
6474.8  0.98129  
6479.099999999999  0.9813  
6483.400000000001  0.98168  
6487.7  0.98185  
6492.1  0.98237  
6496.4  0.98311  
6500.700000000001  0.98311  
6505.0  0.9829  
6509.299999999999  0.98301  
6513.7  0.98332  
6518.0  0.98371  
6522.3  0.98388  
6526.599999999999  0.98365  
6531.0  0.9837  
6535.299999999999  0.98407  
6539.6  0.98414  
6544.0  0.98403  
6548.3  0.98418  
6552.6  0.98431  
6556.900000000001  0.98416  
6561.3  0.98403  
6565.599999999999  0.98396  
6569.9  0.98358  
6574.299999999999  0.98339  
6578.6  0.98384  
6582.9  0.98369  
6587.200000000001  0.98279  
6591.599999999999  0.98229  
6595.900000000001  0.98228  
6600.2  0.98271  
6604.6  0.98304  
6608.9  0.98294  
6613.200000000001  0.98331  
6617.6  0.98378  
6621.900000000001  0.9836  
6626.2  0.98356  
6630.599999999999  0.98402  
6634.9  0.9843  
6639.2  0.98435  
6643.6  0.98396  
6647.9  0.9836  
6652.3  0.9842  
6656.599999999999  0.98432  
6660.900000000001  0.98331  
6665.299999999999  0.98281  
6669.6  0.98299  
6673.9  0.98294  
6678.3  0.98291  
6682.6  0.98286  
6687.0  0.98225  
6691.3  0.9817  
6695.599999999999  0.98196  
6700.0  0.98241  
6704.299999999999  0.98237  
6708.7  0.98247  
6713.0  0.98285  
6717.3  0.9832  
6721.7  0.98345  
6726.0  0.98347  
6730.4  0.98332  
6734.700000000001  0.98291  
6739.099999999999  0.98271  
6743.400000000001  0.98276  
6747.7  0.98246  
6752.1  0.98241  
6756.4  0.98286  
6760.8  0.98298  
6765.1  0.98277  
6769.5  0.98273  
6773.8  0.98286  
6778.200000000001  0.98296  
6782.5  0.98282  
6786.900000000001  0.98282  
6791.2  0.98343  
6795.599999999999  0.98366  
6799.9  0.98287  
6804.299999999999  0.98269  
6808.6  0.9832  
6813.0  0.983  
6817.3  0.98257  
6821.7  0.98268  
6826.0  0.98317  
6830.4  0.9832  
6834.700000000001  0.98268  
6839.099999999999  0.98223  
6843.400000000001  0.98228  
6847.799999999999  0.9828  
6852.1  0.98312  
6856.5  0.98278  
6860.8  0.98234  
6865.2  0.98205  
6869.5  0.98201  
6873.9  0.98218  
6878.3  0.98185  
6882.6  0.98055  
6887.0  0.97876  
6891.3  0.97669  
6895.700000000001  0.97348  
6900.0  0.96851  
6904.400000000001  0.96233  
6908.8  0.95451  
6913.099999999999  0.94396  
6917.5  0.93082  
6921.799999999999  0.91516  
6926.2  0.89677  
6930.599999999999  0.87488  
6934.9  0.84956  
6939.299999999999  0.82181  
6943.6  0.7917  
6948.0  0.75882  
6952.4  0.72334  
6956.7  0.68643  
6961.1  0.64867  
6965.4  0.60965  
6969.8  0.57009  
6974.2  0.53129  
6978.5  0.49281  
6982.9  0.4544  
6987.3  0.41718  
6991.599999999999  0.3811  
6996.0  0.34553  
7000.4  0.31117  
7004.700000000001  0.27843  
7009.099999999999  0.24691  
7013.5  0.21691  
7017.799999999999  0.18889  
7022.200000000001  0.16301  
7026.599999999999  0.13978  
7030.900000000001  0.11935  
7035.299999999999  0.10145  
7039.700000000001  0.08611  
7044.0  0.07332  
7048.400000000001  0.06252  
7052.799999999999  0.05331  
7057.1  0.04595  
7061.5  0.0402  
7065.900000000001  0.03547  
7070.299999999999  0.03147  
7074.6  0.02801  
7079.0  0.02504  
7083.400000000001  0.02277  
7087.7  0.02099  
7092.1  0.01936  
7096.5  0.01783  
7100.900000000001  0.01643  
7105.2  0.01517  
7109.6  0.01412  
7114.0  0.0133  
7118.400000000001  0.01237  
7122.7  0.01136  
7127.1  0.01051  
7131.5  0.0099  
7135.900000000001  0.00934  
7140.2  0.00859  
7144.6  0.00789  
7149.0  0.00732  
7153.400000000001  0.00676  
7157.799999999999  0.0062  
7162.1  0.00568  
7166.5  0.00531  
7170.900000000001  0.00507  
7175.299999999999  0.00483  
7179.700000000001  0.0046  
7184.0  0.00431  
7188.400000000001  0.00398  
7192.799999999999  0.00378  
7197.200000000001  0.0038  
7201.599999999999  0.0038  
7205.900000000001  0.00363  
7210.299999999999  0.00341  
7214.700000000001  0.00334  
7219.099999999999  0.00335  
7223.5  0.00322  
7227.9  0.00321  
7232.200000000001  0.00337  
7236.599999999999  0.00331  
7241.0  0.00304  
7245.4  0.0029  
7249.8  0.00297  
7254.2  0.00303  
7258.5  0.003  
7262.9  0.00295  
7267.3  0.00288  
7271.7  0.00286  
7276.1  0.00291  
7280.5  0.00294  
7284.9  0.00289  
7289.299999999999  0.00281  
7293.7  0.00286  
7298.0  0.00291  
7302.4  0.00277  
7306.799999999999  0.00267  
7311.2  0.00272  
7315.599999999999  0.0027  
7320.0  0.00265  
7324.400000000001  0.00274  
7328.8  0.00275  
7333.200000000001  0.00259  
7337.6  0.00251  
7341.900000000001  0.00257  
7346.3  0.00255  
7350.700000000001  0.00249  
7355.1  0.0026  
7359.5  0.00268  
7363.9  0.00254  
7368.3  0.00252  
7372.7  0.00264  
7377.1  0.00261  
7381.5  0.00246  
7385.900000000001  0.00245  
7390.299999999999  0.00254  
7394.700000000001  0.0025  
7399.099999999999  0.00239  

