@MEASUREMENT_RADIUS 27.0 cm
#lambda:
#tr:
#end
5003.8  0.00387  
5008.0  0.00408  
5012.099999999999  0.00405  
5016.3  0.00393  
5020.5  0.00407  
5024.700000000001  0.00439  
5028.8  0.00455  
5033.0  0.0044  
5037.200000000001  0.0043  
5041.4  0.00426  
5045.6  0.00412  
5049.8  0.00407  
5053.9  0.00425  
5058.1  0.0045  
5062.3  0.00454  
5066.5  0.0044  
5070.7  0.00435  
5074.9  0.00423  
5079.1  0.0041  
5083.2  0.00431  
5087.4  0.00468  
5091.6  0.00464  
5095.8  0.0043  
5100.0  0.0044  
5104.2  0.00478  
5108.4  0.0048  
5112.6  0.00447  
5116.7  0.00434  
5120.900000000001  0.00446  
5125.1  0.00454  
5129.299999999999  0.00466  
5133.5  0.00476  
5137.7  0.0046  
5141.900000000001  0.00456  
5146.1  0.00497  
5150.299999999999  0.00518  
5154.5  0.00481  
5158.7  0.00443  
5162.9  0.00475  
5167.1  0.00539  
5171.3  0.00535  
5175.4  0.00497  
5179.6  0.00495  
5183.8  0.00512  
5188.0  0.00532  
5192.200000000001  0.00551  
5196.4  0.00549  
5200.599999999999  0.00543  
5204.8  0.00552  
5209.0  0.0054  
5213.200000000001  0.00529  
5217.4  0.00551  
5221.599999999999  0.00581  
5225.8  0.00577  
5230.0  0.00563  
5234.2  0.00579  
5238.400000000001  0.00627  
5242.6  0.00643  
5246.799999999999  0.00631  
5251.0  0.00626  
5255.299999999999  0.00635  
5259.5  0.00657  
5263.7  0.00669  
5267.9  0.00678  
5272.1  0.00687  
5276.3  0.00687  
5280.5  0.00688  
5284.700000000001  0.00703  
5288.9  0.00721  
5293.099999999999  0.00751  
5297.3  0.00788  
5301.5  0.00811  
5305.700000000001  0.00847  
5309.9  0.00915  
5314.2  0.00962  
5318.400000000001  0.01  
5322.6  0.01076  
5326.799999999999  0.01153  
5331.0  0.01232  
5335.2  0.01342  
5339.400000000001  0.01446  
5343.6  0.01522  
5347.9  0.01632  
5352.1  0.01791  
5356.3  0.01942  
5360.5  0.02093  
5364.700000000001  0.02274  
5368.9  0.02467  
5373.099999999999  0.02671  
5377.4  0.02916  
5381.599999999999  0.03233  
5385.8  0.03644  
5390.0  0.04151  
5394.2  0.04737  
5398.5  0.05427  
5402.7  0.06286  
5406.900000000001  0.07326  
5411.1  0.08536  
5415.299999999999  0.09964  
5419.6  0.11632  
5423.8  0.13495  
5428.0  0.15562  
5432.200000000001  0.17861  
5436.4  0.20367  
5440.700000000001  0.23075  
5444.9  0.26036  
5449.099999999999  0.29282  
5453.3  0.32741  
5457.6  0.36441  
5461.799999999999  0.4049  
5466.0  0.44854  
5470.2  0.49481  
5474.5  0.54342  
5478.7  0.59376  
5482.9  0.64523  
5487.1  0.69634  
5491.4  0.74525  
5495.599999999999  0.79145  
5499.8  0.83378  
5504.099999999999  0.87041  
5508.3  0.90106  
5512.5  0.92583  
5516.799999999999  0.94434  
5521.0  0.95717  
5525.2  0.96625  
5529.400000000001  0.97266  
5533.7  0.97656  
5537.9  0.97892  
5542.1  0.98072  
5546.4  0.98179  
5550.599999999999  0.9818  
5554.8  0.98149  
5559.099999999999  0.98194  
5563.3  0.98207  
5567.6  0.98105  
5571.799999999999  0.98029  
5576.0  0.98043  
5580.299999999999  0.9803  
5584.5  0.97999  
5588.7  0.98027  
5593.0  0.98036  
5597.200000000001  0.97996  
5601.5  0.98014  
5605.700000000001  0.98096  
5609.9  0.98116  
5614.2  0.98073  
5618.400000000001  0.98067  
5622.7  0.98128  
5626.900000000001  0.98175  
5631.1  0.98161  
5635.4  0.98087  
5639.6  0.98019  
5643.9  0.98008  
5648.099999999999  0.97962  
5652.4  0.97933  
5656.599999999999  0.98003  
5660.8  0.98015  
5665.1  0.97917  
5669.299999999999  0.97884  
5673.6  0.97917  
5677.799999999999  0.97918  
5682.1  0.97875  
5686.3  0.97792  
5690.599999999999  0.97718  
5694.8  0.97688  
5699.099999999999  0.97686  
5703.3  0.97704  
5707.6  0.97703  
5711.799999999999  0.97711  
5716.1  0.97747  
5720.299999999999  0.97774  
5724.6  0.97818  
5728.8  0.97884  
5733.099999999999  0.97891  
5737.3  0.97889  
5741.599999999999  0.97961  
5745.8  0.98032  
5750.1  0.98064  
5754.299999999999  0.98105  
5758.6  0.98114  
5762.9  0.9811  
5767.1  0.98165  
5771.4  0.98174  
5775.599999999999  0.98122  
5779.9  0.98125  
5784.099999999999  0.98128  
5788.400000000001  0.98112  
5792.6  0.98093  
5796.900000000001  0.9807  
5801.2  0.98079  
5805.4  0.9808  
5809.700000000001  0.98025  
5813.9  0.9797  
5818.200000000001  0.98004  
5822.5  0.98069  
5826.7  0.98097  
5831.0  0.98105  
5835.2  0.98138  
5839.5  0.98197  
5843.8  0.98216  
5848.0  0.98185  
5852.3  0.98164  
5856.599999999999  0.98164  
5860.8  0.98174  
5865.1  0.98159  
5869.400000000001  0.98112  
5873.6  0.98061  
5877.9  0.98026  
5882.200000000001  0.97973  
5886.4  0.97909  
5890.700000000001  0.9792  
5895.0  0.9795  
5899.2  0.97918  
5903.5  0.97909  
5907.799999999999  0.98003  
5912.0  0.98103  
5916.3  0.98054  
5920.599999999999  0.97992  
5924.8  0.98088  
5929.099999999999  0.98155  
5933.400000000001  0.98143  
5937.7  0.98172  
5941.900000000001  0.98163  
5946.2  0.98064  
5950.5  0.98002  
5954.700000000001  0.98032  
5959.0  0.98043  
5963.3  0.98001  
5967.6  0.97983  
5971.799999999999  0.97986  
5976.1  0.97964  
5980.4  0.97927  
5984.700000000001  0.97945  
5989.0  0.98033  
5993.200000000001  0.98059  
5997.5  0.97986  
6001.799999999999  0.9798  
6006.1  0.98068  
6010.299999999999  0.98083  
6014.6  0.98077  
6018.9  0.98111  
6023.200000000001  0.98132  
6027.5  0.98115  
6031.7  0.98123  
6036.0  0.9819  
6040.299999999999  0.98241  
6044.6  0.98227  
6048.9  0.98137  
6053.099999999999  0.98024  
6057.4  0.97994  
6061.7  0.98032  
6066.0  0.98068  
6070.299999999999  0.98044  
6074.6  0.97994  
6078.9  0.98024  
6083.099999999999  0.98104  
6087.4  0.9812  
6091.7  0.98099  
6096.0  0.98118  
6100.299999999999  0.98152  
6104.6  0.98195  
6108.9  0.98242  
6113.099999999999  0.98235  
6117.4  0.98193  
6121.7  0.98157  
6126.0  0.98143  
6130.299999999999  0.98145  
6134.6  0.98126  
6138.9  0.9811  
6143.200000000001  0.98084  
6147.5  0.98044  
6151.799999999999  0.98018  
6156.1  0.98003  
6160.299999999999  0.98038  
6164.6  0.98102  
6168.9  0.98114  
6173.200000000001  0.98111  
6177.5  0.98167  
6181.799999999999  0.98206  
6186.1  0.98184  
6190.4  0.98185  
6194.700000000001  0.98242  
6199.0  0.98248  
6203.3  0.98154  
6207.6  0.98096  
6211.900000000001  0.98148  
6216.2  0.98193  
6220.5  0.98146  
6224.8  0.98081  
6229.099999999999  0.98065  
6233.400000000001  0.98045  
6237.7  0.9801  
6242.0  0.98034  
6246.3  0.9809  
6250.599999999999  0.98113  
6254.9  0.98098  
6259.2  0.98097  
6263.5  0.9808  
6267.799999999999  0.98024  
6272.1  0.98019  
6276.4  0.98068  
6280.700000000001  0.98088  
6285.0  0.98069  
6289.299999999999  0.98037  
6293.6  0.98032  
6297.9  0.98036  
6302.200000000001  0.97992  
6306.5  0.97982  
6310.8  0.98047  
6315.1  0.98123  
6319.400000000001  0.98137  
6323.8  0.98145  
6328.099999999999  0.98195  
6332.4  0.98229  
6336.7  0.98229  
6341.0  0.9818  
6345.299999999999  0.98095  
6349.6  0.98092  
6353.9  0.98133  
6358.200000000001  0.98114  
6362.5  0.98056  
6366.900000000001  0.98015  
6371.2  0.97997  
6375.5  0.97991  
6379.8  0.97965  
6384.099999999999  0.97928  
6388.400000000001  0.97942  
6392.7  0.98008  
6397.0  0.98064  
6401.4  0.98113  
6405.700000000001  0.98148  
6410.0  0.98161  
6414.299999999999  0.98154  
6418.6  0.98143  
6422.9  0.98189  
6427.3  0.98266  
6431.599999999999  0.98272  
6435.900000000001  0.98194  
6440.2  0.98161  
6444.5  0.98208  
6448.8  0.98237  
6453.200000000001  0.98188  
6457.5  0.98137  
6461.799999999999  0.98145  
6466.1  0.98143  
6470.4  0.98096  
6474.8  0.98092  
6479.099999999999  0.98144  
6483.400000000001  0.98179  
6487.7  0.98196  
6492.1  0.98245  
6496.4  0.98313  
6500.700000000001  0.98305  
6505.0  0.98283  
6509.299999999999  0.98307  
6513.7  0.9831  
6518.0  0.98327  
6522.3  0.98382  
6526.599999999999  0.98379  
6531.0  0.9837  
6535.299999999999  0.98389  
6539.6  0.98386  
6544.0  0.98389  
6548.3  0.9843  
6552.6  0.98443  
6556.900000000001  0.98425  
6561.3  0.98394  
6565.599999999999  0.98369  
6569.9  0.98387  
6574.299999999999  0.98382  
6578.6  0.98356  
6582.9  0.98373  
6587.200000000001  0.98381  
6591.599999999999  0.98319  
6595.900000000001  0.98243  
6600.2  0.98256  
6604.6  0.98325  
6608.9  0.98352  
6613.200000000001  0.98352  
6617.6  0.98368  
6621.900000000001  0.98375  
6626.2  0.9834  
6630.599999999999  0.98327  
6634.9  0.98383  
6639.2  0.98462  
6643.6  0.98441  
6647.9  0.98337  
6652.3  0.98302  
6656.599999999999  0.98357  
6660.900000000001  0.98389  
6665.299999999999  0.98349  
6669.6  0.98313  
6673.9  0.98312  
6678.3  0.983  
6682.6  0.98287  
6687.0  0.98304  
6691.3  0.98314  
6695.599999999999  0.98262  
6700.0  0.98228  
6704.299999999999  0.98252  
6708.7  0.98272  
6713.0  0.98286  
6717.3  0.98314  
6721.7  0.9832  
6726.0  0.98296  
6730.4  0.98262  
6734.700000000001  0.98246  
6739.099999999999  0.9829  
6743.400000000001  0.98356  
6747.7  0.98301  
6752.1  0.98205  
6756.4  0.98246  
6760.8  0.98308  
6765.1  0.98277  
6769.5  0.98259  
6773.8  0.98329  
6778.200000000001  0.98357  
6782.5  0.983  
6786.900000000001  0.98262  
6791.2  0.98295  
6795.599999999999  0.9833  
6799.9  0.98322  
6804.299999999999  0.98303  
6808.6  0.98258  
6813.0  0.98187  
6817.3  0.98191  
6821.7  0.9828  
6826.0  0.983  
6830.4  0.98227  
6834.700000000001  0.98177  
6839.099999999999  0.98167  
6843.400000000001  0.98196  
6847.799999999999  0.98257  
6852.1  0.98265  
6856.5  0.98191  
6860.8  0.98113  
6865.2  0.98105  
6869.5  0.98164  
6873.9  0.9817  
6878.3  0.98046  
6882.6  0.97908  
6887.0  0.97761  
6891.3  0.97473  
6895.700000000001  0.97025  
6900.0  0.96457  
6904.400000000001  0.95727  
6908.8  0.94755  
6913.099999999999  0.93524  
6917.5  0.92028  
6921.799999999999  0.90235  
6926.2  0.88129  
6930.599999999999  0.85686  
6934.9  0.82954  
6939.299999999999  0.79972  
6943.6  0.76676  
6948.0  0.73098  
6952.4  0.69365  
6956.7  0.65542  
6961.1  0.61617  
6965.4  0.57609  
6969.8  0.53593  
6974.2  0.49645  
6978.5  0.45826  
6982.9  0.42137  
6987.3  0.38542  
6991.599999999999  0.35047  
6996.0  0.31662  
7000.4  0.28395  
7004.700000000001  0.25309  
7009.099999999999  0.22414  
7013.5  0.19677  
7017.799999999999  0.17122  
7022.200000000001  0.14776  
7026.599999999999  0.12661  
7030.900000000001  0.10815  
7035.299999999999  0.09216  
7039.700000000001  0.0783  
7044.0  0.06671  
7048.400000000001  0.05718  
7052.799999999999  0.0491  
7057.1  0.04236  
7061.5  0.03694  
7065.900000000001  0.03258  
7070.299999999999  0.02901  
7074.6  0.02605  
7079.0  0.02348  
7083.400000000001  0.02125  
7087.7  0.01944  
7092.1  0.01791  
7096.5  0.01651  
7100.900000000001  0.01539  
7105.2  0.0144  
7109.6  0.01333  
7114.0  0.01236  
7118.400000000001  0.0115  
7122.7  0.01075  
7127.1  0.01007  
7131.5  0.0093  
7135.900000000001  0.00858  
7140.2  0.00808  
7144.6  0.00757  
7149.0  0.00696  
7153.400000000001  0.00637  
7157.799999999999  0.00592  
7162.1  0.00553  
7166.5  0.00514  
7170.900000000001  0.0048  
7175.299999999999  0.00456  
7179.700000000001  0.00439  
7184.0  0.00427  
7188.400000000001  0.00402  
7192.799999999999  0.00365  
7197.200000000001  0.00349  
7201.599999999999  0.00361  
7205.900000000001  0.00371  
7210.299999999999  0.00354  
7214.700000000001  0.00332  
7219.099999999999  0.00338  
7223.5  0.00341  
7227.9  0.00332  
7232.200000000001  0.00325  
7236.599999999999  0.0031  
7241.0  0.00293  
7245.4  0.00293  
7249.8  0.00306  
7254.2  0.00317  
7258.5  0.00315  
7262.9  0.00303  
7267.3  0.00292  
7271.7  0.00286  
7276.1  0.00283  
7280.5  0.00284  
7284.9  0.00294  
7289.299999999999  0.00295  
7293.7  0.00283  
7298.0  0.00278  
7302.4  0.00278  
7306.799999999999  0.00271  
7311.2  0.00259  
7315.599999999999  0.0025  
7320.0  0.00255  
7324.400000000001  0.00273  
7328.8  0.00274  
7333.200000000001  0.00261  
7337.6  0.00251  
7341.900000000001  0.00255  
7346.3  0.00263  
7350.700000000001  0.00261  
7355.1  0.00243  
7359.5  0.00234  
7363.9  0.00254  
7368.3  0.00262  
7372.7  0.00247  
7377.1  0.00246  
7381.5  0.00253  
7385.900000000001  0.0025  
7390.299999999999  0.00234  
7394.700000000001  0.00227  
7399.099999999999  0.00235  

