@MEASUREMENT_RADIUS 24.0 cm
#lambda:
#tr:
#end
5003.8  0.00393  
5008.0  0.00393  
5012.099999999999  0.00385  
5016.3  0.00378  
5020.5  0.00402  
5024.700000000001  0.00428  
5028.8  0.00417  
5033.0  0.004  
5037.200000000001  0.00403  
5041.4  0.00409  
5045.6  0.00416  
5049.8  0.00427  
5053.9  0.00427  
5058.1  0.00422  
5062.3  0.0043  
5066.5  0.00449  
5070.7  0.0046  
5074.9  0.00452  
5079.1  0.00422  
5083.2  0.00422  
5087.4  0.00458  
5091.6  0.0046  
5095.8  0.00432  
5100.0  0.00419  
5104.2  0.00427  
5108.4  0.00441  
5112.6  0.00457  
5116.7  0.00465  
5120.900000000001  0.00465  
5125.1  0.0046  
5129.299999999999  0.00475  
5133.5  0.00499  
5137.7  0.00476  
5141.900000000001  0.00431  
5146.1  0.00441  
5150.299999999999  0.0048  
5154.5  0.0048  
5158.7  0.00459  
5162.9  0.00465  
5167.1  0.00489  
5171.3  0.00478  
5175.4  0.00465  
5179.6  0.00483  
5183.8  0.00508  
5188.0  0.00517  
5192.200000000001  0.00514  
5196.4  0.00524  
5200.599999999999  0.0054  
5204.8  0.00532  
5209.0  0.00528  
5213.200000000001  0.00537  
5217.4  0.00546  
5221.599999999999  0.00561  
5225.8  0.00577  
5230.0  0.00578  
5234.2  0.00564  
5238.400000000001  0.00556  
5242.6  0.00583  
5246.799999999999  0.00622  
5251.0  0.00631  
5255.299999999999  0.00627  
5259.5  0.00641  
5263.7  0.00659  
5267.9  0.00658  
5272.1  0.00646  
5276.3  0.0067  
5280.5  0.00715  
5284.700000000001  0.00738  
5288.9  0.00755  
5293.099999999999  0.00764  
5297.3  0.00757  
5301.5  0.00781  
5305.700000000001  0.00832  
5309.9  0.00888  
5314.2  0.00955  
5318.400000000001  0.01021  
5322.6  0.01071  
5326.799999999999  0.01122  
5331.0  0.01221  
5335.2  0.01337  
5339.400000000001  0.01417  
5343.6  0.01512  
5347.9  0.01658  
5352.1  0.01795  
5356.3  0.01903  
5360.5  0.02036  
5364.700000000001  0.02214  
5368.9  0.02403  
5373.099999999999  0.02612  
5377.4  0.0287  
5381.599999999999  0.03192  
5385.8  0.03592  
5390.0  0.04081  
5394.2  0.04647  
5398.5  0.05314  
5402.7  0.06153  
5406.900000000001  0.07175  
5411.1  0.08385  
5415.299999999999  0.09808  
5419.6  0.11407  
5423.8  0.13168  
5428.0  0.15171  
5432.200000000001  0.17419  
5436.4  0.19862  
5440.700000000001  0.22533  
5444.9  0.25458  
5449.099999999999  0.28634  
5453.3  0.32029  
5457.6  0.35695  
5461.799999999999  0.39736  
5466.0  0.44123  
5470.2  0.488  
5474.5  0.53714  
5478.7  0.58795  
5482.9  0.6399  
5487.1  0.69153  
5491.4  0.74125  
5495.599999999999  0.78815  
5499.8  0.831  
5504.099999999999  0.8689  
5508.3  0.90046  
5512.5  0.92473  
5516.799999999999  0.94293  
5521.0  0.95633  
5525.2  0.96602  
5529.400000000001  0.97268  
5533.7  0.97633  
5537.9  0.97814  
5542.1  0.97972  
5546.4  0.98108  
5550.599999999999  0.98148  
5554.8  0.98126  
5559.099999999999  0.98151  
5563.3  0.98208  
5567.6  0.98201  
5571.799999999999  0.98153  
5576.0  0.98127  
5580.299999999999  0.9811  
5584.5  0.98061  
5588.7  0.98004  
5593.0  0.98001  
5597.200000000001  0.98067  
5601.5  0.98093  
5605.700000000001  0.98092  
5609.9  0.98149  
5614.2  0.98132  
5618.400000000001  0.98062  
5622.7  0.98097  
5626.900000000001  0.98138  
5631.1  0.98088  
5635.4  0.98  
5639.6  0.97993  
5643.9  0.98102  
5648.099999999999  0.98115  
5652.4  0.97965  
5656.599999999999  0.97875  
5660.8  0.97924  
5665.1  0.97946  
5669.299999999999  0.97887  
5673.6  0.97867  
5677.799999999999  0.97911  
5682.1  0.97907  
5686.3  0.9782  
5690.599999999999  0.97762  
5694.8  0.97757  
5699.099999999999  0.97737  
5703.3  0.97699  
5707.6  0.97685  
5711.799999999999  0.97686  
5716.1  0.97679  
5720.299999999999  0.97733  
5724.6  0.97839  
5728.8  0.97898  
5733.099999999999  0.97902  
5737.3  0.97947  
5741.599999999999  0.98029  
5745.8  0.98065  
5750.1  0.98045  
5754.299999999999  0.98076  
5758.6  0.98159  
5762.9  0.98174  
5767.1  0.98128  
5771.4  0.98134  
5775.599999999999  0.98172  
5779.9  0.98173  
5784.099999999999  0.98145  
5788.400000000001  0.9813  
5792.6  0.98105  
5796.900000000001  0.98018  
5801.2  0.97946  
5805.4  0.97996  
5809.700000000001  0.98071  
5813.9  0.9807  
5818.200000000001  0.98044  
5822.5  0.98038  
5826.7  0.98052  
5831.0  0.98111  
5835.2  0.98197  
5839.5  0.98234  
5843.8  0.98253  
5848.0  0.98262  
5852.3  0.98232  
5856.599999999999  0.98208  
5860.8  0.98186  
5865.1  0.98146  
5869.400000000001  0.98077  
5873.6  0.98003  
5877.9  0.97998  
5882.200000000001  0.97986  
5886.4  0.97923  
5890.700000000001  0.97904  
5895.0  0.97925  
5899.2  0.97875  
5903.5  0.97845  
5907.799999999999  0.97966  
5912.0  0.98077  
5916.3  0.98043  
5920.599999999999  0.98019  
5924.8  0.98099  
5929.099999999999  0.9813  
5933.400000000001  0.98114  
5937.7  0.9813  
5941.900000000001  0.98125  
5946.2  0.98088  
5950.5  0.98022  
5954.700000000001  0.97988  
5959.0  0.9798  
5963.3  0.97964  
5967.6  0.97964  
5971.799999999999  0.97956  
5976.1  0.97969  
5980.4  0.98011  
5984.700000000001  0.98039  
5989.0  0.98078  
5993.200000000001  0.98073  
5997.5  0.98024  
6001.799999999999  0.98011  
6006.1  0.98037  
6010.299999999999  0.98054  
6014.6  0.98115  
6018.9  0.98195  
6023.200000000001  0.9817  
6027.5  0.98134  
6031.7  0.98196  
6036.0  0.98248  
6040.299999999999  0.98224  
6044.6  0.98123  
6048.9  0.98022  
6053.099999999999  0.98032  
6057.4  0.98068  
6061.7  0.98003  
6066.0  0.97958  
6070.299999999999  0.97997  
6074.6  0.97986  
6078.9  0.97977  
6083.099999999999  0.98048  
6087.4  0.98095  
6091.7  0.98105  
6096.0  0.98109  
6100.299999999999  0.98102  
6104.6  0.98145  
6108.9  0.98252  
6113.099999999999  0.98291  
6117.4  0.98226  
6121.7  0.98151  
6126.0  0.98127  
6130.299999999999  0.98114  
6134.6  0.98065  
6138.9  0.98048  
6143.200000000001  0.98079  
6147.5  0.98084  
6151.799999999999  0.98049  
6156.1  0.98024  
6160.299999999999  0.98048  
6164.6  0.9813  
6168.9  0.98177  
6173.200000000001  0.98148  
6177.5  0.98162  
6181.799999999999  0.98204  
6186.1  0.98176  
6190.4  0.98175  
6194.700000000001  0.98231  
6199.0  0.98247  
6203.3  0.9823  
6207.6  0.98226  
6211.900000000001  0.98167  
6216.2  0.98076  
6220.5  0.98073  
6224.8  0.98128  
6229.099999999999  0.98142  
6233.400000000001  0.98108  
6237.7  0.98078  
6242.0  0.98088  
6246.3  0.98111  
6250.599999999999  0.98115  
6254.9  0.98095  
6259.2  0.9808  
6263.5  0.98076  
6267.799999999999  0.9805  
6272.1  0.98044  
6276.4  0.98052  
6280.700000000001  0.98034  
6285.0  0.98054  
6289.299999999999  0.98082  
6293.6  0.98048  
6297.9  0.98027  
6302.200000000001  0.98003  
6306.5  0.97962  
6310.8  0.98012  
6315.1  0.98104  
6319.400000000001  0.98109  
6323.8  0.98105  
6328.099999999999  0.9817  
6332.4  0.98198  
6336.7  0.9817  
6341.0  0.98145  
6345.299999999999  0.98083  
6349.6  0.98058  
6353.9  0.98124  
6358.200000000001  0.98141  
6362.5  0.98065  
6366.900000000001  0.98004  
6371.2  0.97977  
6375.5  0.97967  
6379.8  0.97993  
6384.099999999999  0.98003  
6388.400000000001  0.97956  
6392.7  0.97966  
6397.0  0.98053  
6401.4  0.98116  
6405.700000000001  0.98129  
6410.0  0.98162  
6414.299999999999  0.98178  
6418.6  0.98145  
6422.9  0.98165  
6427.3  0.9822  
6431.599999999999  0.98223  
6435.900000000001  0.98187  
6440.2  0.98187  
6444.5  0.98216  
6448.8  0.98202  
6453.200000000001  0.98154  
6457.5  0.98125  
6461.799999999999  0.98112  
6466.1  0.98126  
6470.4  0.98119  
6474.8  0.98102  
6479.099999999999  0.98157  
6483.400000000001  0.98195  
6487.7  0.98153  
6492.1  0.98161  
6496.4  0.98252  
6500.700000000001  0.98305  
6505.0  0.98297  
6509.299999999999  0.98271  
6513.7  0.98289  
6518.0  0.98357  
6522.3  0.98382  
6526.599999999999  0.98336  
6531.0  0.98334  
6535.299999999999  0.98395  
6539.6  0.98399  
6544.0  0.98387  
6548.3  0.98416  
6552.6  0.98378  
6556.900000000001  0.98339  
6561.3  0.98391  
6565.599999999999  0.98427  
6569.9  0.98427  
6574.299999999999  0.98392  
6578.6  0.98325  
6582.9  0.98288  
6587.200000000001  0.98293  
6591.599999999999  0.98289  
6595.900000000001  0.98268  
6600.2  0.98272  
6604.6  0.9829  
6608.9  0.98281  
6613.200000000001  0.98284  
6617.6  0.98341  
6621.900000000001  0.98365  
6626.2  0.98331  
6630.599999999999  0.98345  
6634.9  0.9838  
6639.2  0.98394  
6643.6  0.9841  
6647.9  0.98396  
6652.3  0.98347  
6656.599999999999  0.98344  
6660.900000000001  0.98375  
6665.299999999999  0.98338  
6669.6  0.98279  
6673.9  0.98279  
6678.3  0.98289  
6682.6  0.98241  
6687.0  0.98178  
6691.3  0.982  
6695.599999999999  0.98251  
6700.0  0.98259  
6704.299999999999  0.98282  
6708.7  0.98324  
6713.0  0.98328  
6717.3  0.98346  
6721.7  0.98387  
6726.0  0.98387  
6730.4  0.98326  
6734.700000000001  0.98269  
6739.099999999999  0.98289  
6743.400000000001  0.98331  
6747.7  0.98309  
6752.1  0.98268  
6756.4  0.98279  
6760.8  0.98304  
6765.1  0.983  
6769.5  0.98326  
6773.8  0.98365  
6778.200000000001  0.9833  
6782.5  0.98271  
6786.900000000001  0.98256  
6791.2  0.98284  
6795.599999999999  0.98327  
6799.9  0.98348  
6804.299999999999  0.98362  
6808.6  0.98332  
6813.0  0.98267  
6817.3  0.98268  
6821.7  0.98305  
6826.0  0.98304  
6830.4  0.98272  
6834.700000000001  0.98258  
6839.099999999999  0.98242  
6843.400000000001  0.98241  
6847.799999999999  0.98302  
6852.1  0.98341  
6856.5  0.98287  
6860.8  0.98196  
6865.2  0.98151  
6869.5  0.9821  
6873.9  0.9826  
6878.3  0.98173  
6882.6  0.98046  
6887.0  0.97937  
6891.3  0.97744  
6895.700000000001  0.97394  
6900.0  0.96875  
6904.400000000001  0.96205  
6908.8  0.95387  
6913.099999999999  0.94369  
6917.5  0.93093  
6921.799999999999  0.91479  
6926.2  0.8954  
6930.599999999999  0.87338  
6934.9  0.84847  
6939.299999999999  0.82036  
6943.6  0.78967  
6948.0  0.75628  
6952.4  0.72021  
6956.7  0.68323  
6961.1  0.64567  
6965.4  0.60655  
6969.8  0.56637  
6974.2  0.52694  
6978.5  0.4888  
6982.9  0.45086  
6987.3  0.41343  
6991.599999999999  0.37732  
6996.0  0.34217  
7000.4  0.30808  
7004.700000000001  0.27548  
7009.099999999999  0.24441  
7013.5  0.21501  
7017.799999999999  0.18749  
7022.200000000001  0.16183  
7026.599999999999  0.13853  
7030.900000000001  0.11827  
7035.299999999999  0.10079  
7039.700000000001  0.08561  
7044.0  0.07278  
7048.400000000001  0.06213  
7052.799999999999  0.05314  
7057.1  0.04574  
7061.5  0.03989  
7065.900000000001  0.03516  
7070.299999999999  0.03108  
7074.6  0.02771  
7079.0  0.02505  
7083.400000000001  0.02283  
7087.7  0.02087  
7092.1  0.01917  
7096.5  0.01764  
7100.900000000001  0.01613  
7105.2  0.01492  
7109.6  0.01405  
7114.0  0.01318  
7118.400000000001  0.01223  
7122.7  0.01124  
7127.1  0.01042  
7131.5  0.00985  
7135.900000000001  0.00931  
7140.2  0.00861  
7144.6  0.00786  
7149.0  0.00722  
7153.400000000001  0.00665  
7157.799999999999  0.00615  
7162.1  0.00569  
7166.5  0.00535  
7170.900000000001  0.00512  
7175.299999999999  0.00478  
7179.700000000001  0.00445  
7184.0  0.00424  
7188.400000000001  0.00405  
7192.799999999999  0.0039  
7197.200000000001  0.00377  
7201.599999999999  0.00359  
7205.900000000001  0.00345  
7210.299999999999  0.0034  
7214.700000000001  0.00333  
7219.099999999999  0.0032  
7223.5  0.00315  
7227.9  0.00327  
7232.200000000001  0.00331  
7236.599999999999  0.00325  
7241.0  0.00311  
7245.4  0.00302  
7249.8  0.00306  
7254.2  0.00308  
7258.5  0.00293  
7262.9  0.0028  
7267.3  0.00286  
7271.7  0.00299  
7276.1  0.003  
7280.5  0.00289  
7284.9  0.00286  
7289.299999999999  0.00283  
7293.7  0.00268  
7298.0  0.00261  
7302.4  0.00275  
7306.799999999999  0.00279  
7311.2  0.00262  
7315.599999999999  0.00259  
7320.0  0.00273  
7324.400000000001  0.00273  
7328.8  0.00268  
7333.200000000001  0.00275  
7337.6  0.00268  
7341.900000000001  0.00249  
7346.3  0.00247  
7350.700000000001  0.00258  
7355.1  0.00264  
7359.5  0.00256  
7363.9  0.00246  
7368.3  0.00251  
7372.7  0.00252  
7377.1  0.00239  
7381.5  0.00232  
7385.900000000001  0.00243  
7390.299999999999  0.00256  
7394.700000000001  0.00254  
7399.099999999999  0.00236  

