@MEASUREMENT_RADIUS 22.0 cm
#lambda:
#tr:
#end
5003.8  0.00408  
5008.0  0.00415  
5012.099999999999  0.00402  
5016.3  0.00399  
5020.5  0.00418  
5024.700000000001  0.00442  
5028.8  0.0045  
5033.0  0.00428  
5037.200000000001  0.00411  
5041.4  0.0042  
5045.6  0.00446  
5049.8  0.0045  
5053.9  0.00436  
5058.1  0.0044  
5062.3  0.00461  
5066.5  0.0047  
5070.7  0.00464  
5074.9  0.00457  
5079.1  0.00437  
5083.2  0.00421  
5087.4  0.0042  
5091.6  0.00422  
5095.8  0.0044  
5100.0  0.00441  
5104.2  0.00398  
5108.4  0.004  
5112.6  0.00455  
5116.7  0.00473  
5120.900000000001  0.00443  
5125.1  0.00437  
5129.299999999999  0.0046  
5133.5  0.00456  
5137.7  0.00452  
5141.900000000001  0.00488  
5146.1  0.00518  
5150.299999999999  0.00497  
5154.5  0.00471  
5158.7  0.00475  
5162.9  0.0049  
5167.1  0.00504  
5171.3  0.00513  
5175.4  0.00517  
5179.6  0.00521  
5183.8  0.00538  
5188.0  0.00539  
5192.200000000001  0.00515  
5196.4  0.0051  
5200.599999999999  0.00534  
5204.8  0.00548  
5209.0  0.00558  
5213.200000000001  0.00561  
5217.4  0.00547  
5221.599999999999  0.00551  
5225.8  0.00579  
5230.0  0.00591  
5234.2  0.0059  
5238.400000000001  0.00613  
5242.6  0.00625  
5246.799999999999  0.00614  
5251.0  0.00619  
5255.299999999999  0.00639  
5259.5  0.00656  
5263.7  0.0067  
5267.9  0.00676  
5272.1  0.00665  
5276.3  0.0068  
5280.5  0.00721  
5284.700000000001  0.00742  
5288.9  0.00747  
5293.099999999999  0.00758  
5297.3  0.0077  
5301.5  0.00805  
5305.700000000001  0.00855  
5309.9  0.0091  
5314.2  0.00951  
5318.400000000001  0.00993  
5322.6  0.01077  
5326.799999999999  0.01163  
5331.0  0.01245  
5335.2  0.01339  
5339.400000000001  0.01442  
5343.6  0.01541  
5347.9  0.01634  
5352.1  0.01736  
5356.3  0.01863  
5360.5  0.02024  
5364.700000000001  0.02204  
5368.9  0.02388  
5373.099999999999  0.02607  
5377.4  0.02859  
5381.599999999999  0.03149  
5385.8  0.03539  
5390.0  0.04036  
5394.2  0.04608  
5398.5  0.05293  
5402.7  0.06161  
5406.900000000001  0.07193  
5411.1  0.08371  
5415.299999999999  0.09736  
5419.6  0.1133  
5423.8  0.13142  
5428.0  0.15139  
5432.200000000001  0.17336  
5436.4  0.19757  
5440.700000000001  0.22384  
5444.9  0.25248  
5449.099999999999  0.28398  
5453.3  0.31827  
5457.6  0.3555  
5461.799999999999  0.39601  
5466.0  0.43967  
5470.2  0.4864  
5474.5  0.5361  
5478.7  0.58777  
5482.9  0.63981  
5487.1  0.69119  
5491.4  0.74141  
5495.599999999999  0.78929  
5499.8  0.83227  
5504.099999999999  0.86908  
5508.3  0.9003  
5512.5  0.92528  
5516.799999999999  0.94333  
5521.0  0.95617  
5525.2  0.96591  
5529.400000000001  0.9725  
5533.7  0.97621  
5537.9  0.97863  
5542.1  0.98028  
5546.4  0.98133  
5550.599999999999  0.98199  
5554.8  0.982  
5559.099999999999  0.9818  
5563.3  0.98195  
5567.6  0.9818  
5571.799999999999  0.98099  
5576.0  0.98045  
5580.299999999999  0.98034  
5584.5  0.98014  
5588.7  0.98015  
5593.0  0.98034  
5597.200000000001  0.98017  
5601.5  0.98034  
5605.700000000001  0.98106  
5609.9  0.98147  
5614.2  0.9814  
5618.400000000001  0.9815  
5622.7  0.98167  
5626.900000000001  0.98132  
5631.1  0.98122  
5635.4  0.98132  
5639.6  0.98098  
5643.9  0.98081  
5648.099999999999  0.9803  
5652.4  0.97932  
5656.599999999999  0.97917  
5660.8  0.97969  
5665.1  0.97946  
5669.299999999999  0.97856  
5673.6  0.97835  
5677.799999999999  0.97892  
5682.1  0.97909  
5686.3  0.97847  
5690.599999999999  0.97783  
5694.8  0.9772  
5699.099999999999  0.97641  
5703.3  0.97636  
5707.6  0.97728  
5711.799999999999  0.97785  
5716.1  0.97747  
5720.299999999999  0.97738  
5724.6  0.97793  
5728.8  0.97848  
5733.099999999999  0.97891  
5737.3  0.97951  
5741.599999999999  0.98002  
5745.8  0.98017  
5750.1  0.98033  
5754.299999999999  0.98129  
5758.6  0.98213  
5762.9  0.9818  
5767.1  0.98115  
5771.4  0.98093  
5775.599999999999  0.98129  
5779.9  0.98162  
5784.099999999999  0.98141  
5788.400000000001  0.98122  
5792.6  0.98116  
5796.900000000001  0.98072  
5801.2  0.98019  
5805.4  0.98042  
5809.700000000001  0.98049  
5813.9  0.97999  
5818.200000000001  0.98015  
5822.5  0.9807  
5826.7  0.98103  
5831.0  0.98152  
5835.2  0.9818  
5839.5  0.98211  
5843.8  0.98292  
5848.0  0.98332  
5852.3  0.98271  
5856.599999999999  0.9816  
5860.8  0.98132  
5865.1  0.98159  
5869.400000000001  0.98115  
5873.6  0.98039  
5877.9  0.98044  
5882.200000000001  0.98043  
5886.4  0.97955  
5890.700000000001  0.97923  
5895.0  0.97938  
5899.2  0.97914  
5903.5  0.97908  
5907.799999999999  0.97937  
5912.0  0.97974  
5916.3  0.97983  
5920.599999999999  0.98018  
5924.8  0.9812  
5929.099999999999  0.98188  
5933.400000000001  0.98208  
5937.7  0.98225  
5941.900000000001  0.98145  
5946.2  0.97969  
5950.5  0.9788  
5954.700000000001  0.97963  
5959.0  0.98062  
5963.3  0.98054  
5967.6  0.98003  
5971.799999999999  0.97953  
5976.1  0.97935  
5980.4  0.97961  
5984.700000000001  0.97971  
5989.0  0.97989  
5993.200000000001  0.98053  
5997.5  0.9807  
6001.799999999999  0.98037  
6006.1  0.9805  
6010.299999999999  0.98088  
6014.6  0.98131  
6018.9  0.98168  
6023.200000000001  0.98181  
6027.5  0.98179  
6031.7  0.98168  
6036.0  0.98178  
6040.299999999999  0.98184  
6044.6  0.98129  
6048.9  0.98076  
6053.099999999999  0.98048  
6057.4  0.98028  
6061.7  0.98027  
6066.0  0.98026  
6070.299999999999  0.98008  
6074.6  0.97982  
6078.9  0.98014  
6083.099999999999  0.98088  
6087.4  0.98082  
6091.7  0.98076  
6096.0  0.9815  
6100.299999999999  0.98198  
6104.6  0.98166  
6108.9  0.98152  
6113.099999999999  0.98225  
6117.4  0.98254  
6121.7  0.98182  
6126.0  0.98141  
6130.299999999999  0.98128  
6134.6  0.98077  
6138.9  0.98051  
6143.200000000001  0.98083  
6147.5  0.98113  
6151.799999999999  0.98052  
6156.1  0.97989  
6160.299999999999  0.98036  
6164.6  0.98105  
6168.9  0.98122  
6173.200000000001  0.98145  
6177.5  0.98202  
6181.799999999999  0.98226  
6186.1  0.98205  
6190.4  0.9822  
6194.700000000001  0.98258  
6199.0  0.98256  
6203.3  0.982  
6207.6  0.98123  
6211.900000000001  0.98069  
6216.2  0.98068  
6220.5  0.98123  
6224.8  0.98166  
6229.099999999999  0.98146  
6233.400000000001  0.98091  
6237.7  0.98051  
6242.0  0.98062  
6246.3  0.98101  
6250.599999999999  0.98124  
6254.9  0.9811  
6259.2  0.9809  
6263.5  0.98088  
6267.799999999999  0.98053  
6272.1  0.98026  
6276.4  0.98058  
6280.700000000001  0.98062  
6285.0  0.98044  
6289.299999999999  0.9804  
6293.6  0.97998  
6297.9  0.97986  
6302.200000000001  0.98008  
6306.5  0.98013  
6310.8  0.9805  
6315.1  0.98119  
6319.400000000001  0.9813  
6323.8  0.98146  
6328.099999999999  0.98198  
6332.4  0.98195  
6336.7  0.98145  
6341.0  0.98121  
6345.299999999999  0.98113  
6349.6  0.98111  
6353.9  0.98121  
6358.200000000001  0.98102  
6362.5  0.98033  
6366.900000000001  0.97973  
6371.2  0.9796  
6375.5  0.97965  
6379.8  0.9796  
6384.099999999999  0.97935  
6388.400000000001  0.97938  
6392.7  0.97988  
6397.0  0.98036  
6401.4  0.98085  
6405.700000000001  0.98132  
6410.0  0.98159  
6414.299999999999  0.98176  
6418.6  0.98186  
6422.9  0.98216  
6427.3  0.9824  
6431.599999999999  0.98222  
6435.900000000001  0.98182  
6440.2  0.98186  
6444.5  0.98202  
6448.8  0.98154  
6453.200000000001  0.98133  
6457.5  0.98171  
6461.799999999999  0.98157  
6466.1  0.98114  
6470.4  0.98103  
6474.8  0.98119  
6479.099999999999  0.98162  
6483.400000000001  0.98187  
6487.7  0.98186  
6492.1  0.98214  
6496.4  0.98301  
6500.700000000001  0.9837  
6505.0  0.98352  
6509.299999999999  0.98285  
6513.7  0.98287  
6518.0  0.98371  
6522.3  0.98411  
6526.599999999999  0.98374  
6531.0  0.98369  
6535.299999999999  0.98392  
6539.6  0.98378  
6544.0  0.98385  
6548.3  0.98419  
6552.6  0.98402  
6556.900000000001  0.98387  
6561.3  0.98397  
6565.599999999999  0.98396  
6569.9  0.98372  
6574.299999999999  0.98351  
6578.6  0.98365  
6582.9  0.98352  
6587.200000000001  0.98303  
6591.599999999999  0.98295  
6595.900000000001  0.98292  
6600.2  0.98261  
6604.6  0.98261  
6608.9  0.98286  
6613.200000000001  0.98341  
6617.6  0.9839  
6621.900000000001  0.98371  
6626.2  0.98366  
6630.599999999999  0.98391  
6634.9  0.98396  
6639.2  0.98427  
6643.6  0.98433  
6647.9  0.98393  
6652.3  0.98369  
6656.599999999999  0.9834  
6660.900000000001  0.98318  
6665.299999999999  0.98294  
6669.6  0.98267  
6673.9  0.98266  
6678.3  0.9827  
6682.6  0.98281  
6687.0  0.9826  
6691.3  0.98197  
6695.599999999999  0.98192  
6700.0  0.98239  
6704.299999999999  0.98242  
6708.7  0.98258  
6713.0  0.98309  
6717.3  0.98355  
6721.7  0.98364  
6726.0  0.98317  
6730.4  0.98297  
6734.700000000001  0.98336  
6739.099999999999  0.98329  
6743.400000000001  0.98287  
6747.7  0.98261  
6752.1  0.98232  
6756.4  0.98263  
6760.8  0.98325  
6765.1  0.98317  
6769.5  0.98262  
6773.8  0.98238  
6778.200000000001  0.98265  
6782.5  0.98311  
6786.900000000001  0.9831  
6791.2  0.98333  
6795.599999999999  0.98388  
6799.9  0.98349  
6804.299999999999  0.9829  
6808.6  0.98278  
6813.0  0.98262  
6817.3  0.98271  
6821.7  0.98321  
6826.0  0.98341  
6830.4  0.98291  
6834.700000000001  0.9823  
6839.099999999999  0.98215  
6843.400000000001  0.98254  
6847.799999999999  0.98299  
6852.1  0.98285  
6856.5  0.9823  
6860.8  0.98234  
6865.2  0.98261  
6869.5  0.98229  
6873.9  0.98209  
6878.3  0.98203  
6882.6  0.98113  
6887.0  0.97932  
6891.3  0.97688  
6895.700000000001  0.97352  
6900.0  0.96887  
6904.400000000001  0.9627  
6908.8  0.95473  
6913.099999999999  0.94436  
6917.5  0.93141  
6921.799999999999  0.91576  
6926.2  0.89697  
6930.599999999999  0.87492  
6934.9  0.8499  
6939.299999999999  0.82228  
6943.6  0.79225  
6948.0  0.75964  
6952.4  0.72458  
6956.7  0.68795  
6961.1  0.65017  
6965.4  0.61129  
6969.8  0.57197  
6974.2  0.53304  
6978.5  0.49446  
6982.9  0.45634  
6987.3  0.41953  
6991.599999999999  0.38347  
6996.0  0.34735  
7000.4  0.31255  
7004.700000000001  0.27964  
7009.099999999999  0.24796  
7013.5  0.21775  
7017.799999999999  0.18953  
7022.200000000001  0.16356  
7026.599999999999  0.13996  
7030.900000000001  0.11909  
7035.299999999999  0.10127  
7039.700000000001  0.08609  
7044.0  0.07324  
7048.400000000001  0.06248  
7052.799999999999  0.05353  
7057.1  0.04624  
7061.5  0.0403  
7065.900000000001  0.03539  
7070.299999999999  0.03138  
7074.6  0.02819  
7079.0  0.02543  
7083.400000000001  0.02288  
7087.7  0.02076  
7092.1  0.01917  
7096.5  0.01786  
7100.900000000001  0.01653  
7105.2  0.0152  
7109.6  0.01402  
7114.0  0.0131  
7118.400000000001  0.01233  
7122.7  0.01146  
7127.1  0.01053  
7131.5  0.00987  
7135.900000000001  0.00934  
7140.2  0.00858  
7144.6  0.0078  
7149.0  0.00726  
7153.400000000001  0.00678  
7157.799999999999  0.0062  
7162.1  0.00563  
7166.5  0.00523  
7170.900000000001  0.00496  
7175.299999999999  0.00478  
7179.700000000001  0.00467  
7184.0  0.00443  
7188.400000000001  0.00402  
7192.799999999999  0.00379  
7197.200000000001  0.0038  
7201.599999999999  0.0037  
7205.900000000001  0.00351  
7210.299999999999  0.00346  
7214.700000000001  0.00345  
7219.099999999999  0.00335  
7223.5  0.0032  
7227.9  0.00323  
7232.200000000001  0.00335  
7236.599999999999  0.00325  
7241.0  0.00305  
7245.4  0.00305  
7249.8  0.00304  
7254.2  0.00296  
7258.5  0.00296  
7262.9  0.00301  
7267.3  0.00303  
7271.7  0.00296  
7276.1  0.00282  
7280.5  0.00271  
7284.9  0.00274  
7289.299999999999  0.00285  
7293.7  0.00299  
7298.0  0.00292  
7302.4  0.00278  
7306.799999999999  0.00284  
7311.2  0.00284  
7315.599999999999  0.00272  
7320.0  0.00272  
7324.400000000001  0.00276  
7328.8  0.00268  
7333.200000000001  0.00258  
7337.6  0.00265  
7341.900000000001  0.0027  
7346.3  0.00259  
7350.700000000001  0.00249  
7355.1  0.00257  
7359.5  0.00268  
7363.9  0.00256  
7368.3  0.00231  
7372.7  0.00232  
7377.1  0.00255  
7381.5  0.00262  
7385.900000000001  0.00247  
7390.299999999999  0.00235  
7394.700000000001  0.00237  
7399.099999999999  0.00239  

