@MEASUREMENT_RADIUS 20.0 cm
#lambda:
#tr:
#end
5003.8  0.00387  
5008.0  0.0037  
5012.099999999999  0.00367  
5016.3  0.00388  
5020.5  0.004  
5024.700000000001  0.00413  
5028.8  0.00424  
5033.0  0.00408  
5037.200000000001  0.00413  
5041.4  0.00445  
5045.6  0.00437  
5049.8  0.004  
5053.9  0.00405  
5058.1  0.00446  
5062.3  0.00469  
5066.5  0.00451  
5070.7  0.00425  
5074.9  0.00433  
5079.1  0.00465  
5083.2  0.00465  
5087.4  0.00425  
5091.6  0.00427  
5095.8  0.00462  
5100.0  0.00457  
5104.2  0.00435  
5108.4  0.00441  
5112.6  0.00465  
5116.7  0.00474  
5120.900000000001  0.00461  
5125.1  0.00459  
5129.299999999999  0.00447  
5133.5  0.00436  
5137.7  0.00465  
5141.900000000001  0.00506  
5146.1  0.00516  
5150.299999999999  0.0048  
5154.5  0.00452  
5158.7  0.00461  
5162.9  0.00467  
5167.1  0.00468  
5171.3  0.00487  
5175.4  0.00505  
5179.6  0.00498  
5183.8  0.00488  
5188.0  0.00505  
5192.200000000001  0.0053  
5196.4  0.00517  
5200.599999999999  0.00492  
5204.8  0.00523  
5209.0  0.0056  
5213.200000000001  0.00542  
5217.4  0.00521  
5221.599999999999  0.00564  
5225.8  0.00598  
5230.0  0.00568  
5234.2  0.00557  
5238.400000000001  0.00602  
5242.6  0.0063  
5246.799999999999  0.00621  
5251.0  0.00606  
5255.299999999999  0.00616  
5259.5  0.00648  
5263.7  0.00668  
5267.9  0.00673  
5272.1  0.00658  
5276.3  0.00652  
5280.5  0.00695  
5284.700000000001  0.00751  
5288.9  0.00763  
5293.099999999999  0.00759  
5297.3  0.00768  
5301.5  0.00795  
5305.700000000001  0.00841  
5309.9  0.00907  
5314.2  0.00961  
5318.400000000001  0.01011  
5322.6  0.01077  
5326.799999999999  0.01136  
5331.0  0.01202  
5335.2  0.01316  
5339.400000000001  0.01444  
5343.6  0.01534  
5347.9  0.01635  
5352.1  0.01756  
5356.3  0.01873  
5360.5  0.02008  
5364.700000000001  0.0218  
5368.9  0.02381  
5373.099999999999  0.02602  
5377.4  0.02853  
5381.599999999999  0.03175  
5385.8  0.03567  
5390.0  0.04006  
5394.2  0.04569  
5398.5  0.05318  
5402.7  0.06196  
5406.900000000001  0.07185  
5411.1  0.08372  
5415.299999999999  0.09788  
5419.6  0.11377  
5423.8  0.13133  
5428.0  0.15115  
5432.200000000001  0.17354  
5436.4  0.19778  
5440.700000000001  0.22362  
5444.9  0.25226  
5449.099999999999  0.28434  
5453.3  0.31885  
5457.6  0.35581  
5461.799999999999  0.39647  
5466.0  0.44073  
5470.2  0.48807  
5474.5  0.53808  
5478.7  0.58982  
5482.9  0.64239  
5487.1  0.69457  
5491.4  0.74497  
5495.599999999999  0.79252  
5499.8  0.83542  
5504.099999999999  0.8721  
5508.3  0.90252  
5512.5  0.9264  
5516.799999999999  0.94416  
5521.0  0.95743  
5525.2  0.96704  
5529.400000000001  0.97265  
5533.7  0.9755  
5537.9  0.97812  
5542.1  0.98053  
5546.4  0.98155  
5550.599999999999  0.98147  
5554.8  0.98115  
5559.099999999999  0.98135  
5563.3  0.98185  
5567.6  0.98173  
5571.799999999999  0.98093  
5576.0  0.98055  
5580.299999999999  0.98062  
5584.5  0.98027  
5588.7  0.97997  
5593.0  0.98041  
5597.200000000001  0.98066  
5601.5  0.98016  
5605.700000000001  0.9802  
5609.9  0.98114  
5614.2  0.98153  
5618.400000000001  0.98148  
5622.7  0.98154  
5626.900000000001  0.98094  
5631.1  0.98031  
5635.4  0.98043  
5639.6  0.9809  
5643.9  0.98126  
5648.099999999999  0.98062  
5652.4  0.97946  
5656.599999999999  0.97917  
5660.8  0.97941  
5665.1  0.97888  
5669.299999999999  0.97811  
5673.6  0.97832  
5677.799999999999  0.97869  
5682.1  0.97853  
5686.3  0.97799  
5690.599999999999  0.97724  
5694.8  0.97665  
5699.099999999999  0.97655  
5703.3  0.97713  
5707.6  0.97753  
5711.799999999999  0.97718  
5716.1  0.9769  
5720.299999999999  0.97733  
5724.6  0.97832  
5728.8  0.97928  
5733.099999999999  0.97952  
5737.3  0.97926  
5741.599999999999  0.97936  
5745.8  0.9801  
5750.1  0.98102  
5754.299999999999  0.9815  
5758.6  0.98134  
5762.9  0.98079  
5767.1  0.98041  
5771.4  0.98089  
5775.599999999999  0.98196  
5779.9  0.98216  
5784.099999999999  0.98118  
5788.400000000001  0.98063  
5792.6  0.98058  
5796.900000000001  0.98018  
5801.2  0.97982  
5805.4  0.98023  
5809.700000000001  0.9807  
5813.9  0.98023  
5818.200000000001  0.97997  
5822.5  0.98065  
5826.7  0.98114  
5831.0  0.98119  
5835.2  0.98165  
5839.5  0.98224  
5843.8  0.98245  
5848.0  0.98241  
5852.3  0.98193  
5856.599999999999  0.9812  
5860.8  0.98103  
5865.1  0.9812  
5869.400000000001  0.98063  
5873.6  0.97982  
5877.9  0.97979  
5882.200000000001  0.97997  
5886.4  0.97949  
5890.700000000001  0.97887  
5895.0  0.97866  
5899.2  0.97864  
5903.5  0.97886  
5907.799999999999  0.97955  
5912.0  0.97977  
5916.3  0.97946  
5920.599999999999  0.98017  
5924.8  0.98139  
5929.099999999999  0.98133  
5933.400000000001  0.98082  
5937.7  0.9812  
5941.900000000001  0.98132  
5946.2  0.98067  
5950.5  0.98042  
5954.700000000001  0.98021  
5959.0  0.97938  
5963.3  0.97879  
5967.6  0.97926  
5971.799999999999  0.97983  
5976.1  0.97945  
5980.4  0.97875  
5984.700000000001  0.97896  
5989.0  0.98  
5993.200000000001  0.98068  
5997.5  0.9805  
6001.799999999999  0.98001  
6006.1  0.97993  
6010.299999999999  0.98024  
6014.6  0.981  
6018.9  0.98136  
6023.200000000001  0.98082  
6027.5  0.9806  
6031.7  0.98117  
6036.0  0.98172  
6040.299999999999  0.9816  
6044.6  0.98093  
6048.9  0.98061  
6053.099999999999  0.98032  
6057.4  0.97967  
6061.7  0.97961  
6066.0  0.97995  
6070.299999999999  0.97973  
6074.6  0.97928  
6078.9  0.97957  
6083.099999999999  0.98072  
6087.4  0.98138  
6091.7  0.98108  
6096.0  0.98095  
6100.299999999999  0.98094  
6104.6  0.9811  
6108.9  0.98201  
6113.099999999999  0.98261  
6117.4  0.98216  
6121.7  0.98135  
6126.0  0.98113  
6130.299999999999  0.98127  
6134.6  0.98098  
6138.9  0.98076  
6143.200000000001  0.98085  
6147.5  0.98043  
6151.799999999999  0.97962  
6156.1  0.97965  
6160.299999999999  0.98018  
6164.6  0.98048  
6168.9  0.98101  
6173.200000000001  0.98179  
6177.5  0.98226  
6181.799999999999  0.98211  
6186.1  0.98179  
6190.4  0.98206  
6194.700000000001  0.98275  
6199.0  0.98268  
6203.3  0.98163  
6207.6  0.98118  
6211.900000000001  0.98136  
6216.2  0.98115  
6220.5  0.98118  
6224.8  0.98129  
6229.099999999999  0.98088  
6233.400000000001  0.98075  
6237.7  0.98095  
6242.0  0.98091  
6246.3  0.98095  
6250.599999999999  0.98105  
6254.9  0.98097  
6259.2  0.98102  
6263.5  0.98085  
6267.799999999999  0.98021  
6272.1  0.98014  
6276.4  0.98064  
6280.700000000001  0.98062  
6285.0  0.98018  
6289.299999999999  0.97961  
6293.6  0.97938  
6297.9  0.97997  
6302.200000000001  0.98031  
6306.5  0.98009  
6310.8  0.98033  
6315.1  0.98073  
6319.400000000001  0.98078  
6323.8  0.98143  
6328.099999999999  0.98204  
6332.4  0.98177  
6336.7  0.98174  
6341.0  0.98198  
6345.299999999999  0.98137  
6349.6  0.9808  
6353.9  0.98085  
6358.200000000001  0.98061  
6362.5  0.98001  
6366.900000000001  0.97965  
6371.2  0.97966  
6375.5  0.97952  
6379.8  0.97923  
6384.099999999999  0.97897  
6388.400000000001  0.979  
6392.7  0.97969  
6397.0  0.98021  
6401.4  0.98044  
6405.700000000001  0.98114  
6410.0  0.98191  
6414.299999999999  0.98186  
6418.6  0.98149  
6422.9  0.98156  
6427.3  0.98154  
6431.599999999999  0.98128  
6435.900000000001  0.98133  
6440.2  0.98177  
6444.5  0.98191  
6448.8  0.98161  
6453.200000000001  0.98151  
6457.5  0.98163  
6461.799999999999  0.98131  
6466.1  0.98073  
6470.4  0.9808  
6474.8  0.98143  
6479.099999999999  0.98183  
6483.400000000001  0.98198  
6487.7  0.98211  
6492.1  0.98252  
6496.4  0.98312  
6500.700000000001  0.98331  
6505.0  0.98319  
6509.299999999999  0.98294  
6513.7  0.9833  
6518.0  0.98369  
6522.3  0.98321  
6526.599999999999  0.98291  
6531.0  0.98369  
6535.299999999999  0.98436  
6539.6  0.98398  
6544.0  0.98371  
6548.3  0.98438  
6552.6  0.98463  
6556.900000000001  0.98392  
6561.3  0.9834  
6565.599999999999  0.98337  
6569.9  0.98351  
6574.299999999999  0.98373  
6578.6  0.98373  
6582.9  0.98296  
6587.200000000001  0.98229  
6591.599999999999  0.98277  
6595.900000000001  0.98312  
6600.2  0.9828  
6604.6  0.98269  
6608.9  0.98287  
6613.200000000001  0.98307  
6617.6  0.98345  
6621.900000000001  0.98366  
6626.2  0.98362  
6630.599999999999  0.98398  
6634.9  0.98419  
6639.2  0.98396  
6643.6  0.98394  
6647.9  0.98366  
6652.3  0.98329  
6656.599999999999  0.98339  
6660.900000000001  0.98341  
6665.299999999999  0.98296  
6669.6  0.9823  
6673.9  0.98187  
6678.3  0.98203  
6682.6  0.98272  
6687.0  0.98274  
6691.3  0.98199  
6695.599999999999  0.982  
6700.0  0.98246  
6704.299999999999  0.98242  
6708.7  0.98277  
6713.0  0.98326  
6717.3  0.98313  
6721.7  0.98304  
6726.0  0.98341  
6730.4  0.98331  
6734.700000000001  0.98287  
6739.099999999999  0.98321  
6743.400000000001  0.98371  
6747.7  0.98296  
6752.1  0.9818  
6756.4  0.98204  
6760.8  0.98292  
6765.1  0.98295  
6769.5  0.98238  
6773.8  0.98225  
6778.200000000001  0.98269  
6782.5  0.983  
6786.900000000001  0.98308  
6791.2  0.9832  
6795.599999999999  0.98334  
6799.9  0.98339  
6804.299999999999  0.98335  
6808.6  0.98327  
6813.0  0.98295  
6817.3  0.98289  
6821.7  0.98332  
6826.0  0.9833  
6830.4  0.98292  
6834.700000000001  0.98301  
6839.099999999999  0.98291  
6843.400000000001  0.98248  
6847.799999999999  0.98277  
6852.1  0.98323  
6856.5  0.9828  
6860.8  0.98211  
6865.2  0.9818  
6869.5  0.98194  
6873.9  0.9822  
6878.3  0.982  
6882.6  0.98112  
6887.0  0.97919  
6891.3  0.9762  
6895.700000000001  0.97252  
6900.0  0.96785  
6904.400000000001  0.96217  
6908.8  0.95473  
6913.099999999999  0.94399  
6917.5  0.93026  
6921.799999999999  0.91424  
6926.2  0.8956  
6930.599999999999  0.87376  
6934.9  0.8489  
6939.299999999999  0.82145  
6943.6  0.79128  
6948.0  0.75842  
6952.4  0.72359  
6956.7  0.68721  
6961.1  0.64955  
6965.4  0.61113  
6969.8  0.57214  
6974.2  0.53322  
6978.5  0.49477  
6982.9  0.45692  
6987.3  0.41981  
6991.599999999999  0.3831  
6996.0  0.34695  
7000.4  0.31201  
7004.700000000001  0.27869  
7009.099999999999  0.24689  
7013.5  0.21646  
7017.799999999999  0.18783  
7022.200000000001  0.16157  
7026.599999999999  0.13828  
7030.900000000001  0.11782  
7035.299999999999  0.09986  
7039.700000000001  0.08464  
7044.0  0.07204  
7048.400000000001  0.06161  
7052.799999999999  0.05284  
7057.1  0.04552  
7061.5  0.03966  
7065.900000000001  0.03498  
7070.299999999999  0.03115  
7074.6  0.02796  
7079.0  0.02515  
7083.400000000001  0.02281  
7087.7  0.02092  
7092.1  0.0192  
7096.5  0.01772  
7100.900000000001  0.01652  
7105.2  0.01549  
7109.6  0.01441  
7114.0  0.01328  
7118.400000000001  0.01232  
7122.7  0.01145  
7127.1  0.01057  
7131.5  0.00984  
7135.900000000001  0.00916  
7140.2  0.00846  
7144.6  0.00784  
7149.0  0.00729  
7153.400000000001  0.00678  
7157.799999999999  0.00633  
7162.1  0.00585  
7166.5  0.00541  
7170.900000000001  0.00507  
7175.299999999999  0.00482  
7179.700000000001  0.00461  
7184.0  0.0043  
7188.400000000001  0.00395  
7192.799999999999  0.00375  
7197.200000000001  0.00367  
7201.599999999999  0.00359  
7205.900000000001  0.00355  
7210.299999999999  0.00356  
7214.700000000001  0.00352  
7219.099999999999  0.00339  
7223.5  0.00326  
7227.9  0.00321  
7232.200000000001  0.00317  
7236.599999999999  0.00322  
7241.0  0.00323  
7245.4  0.00312  
7249.8  0.003  
7254.2  0.00299  
7258.5  0.00303  
7262.9  0.00293  
7267.3  0.00289  
7271.7  0.00296  
7276.1  0.00294  
7280.5  0.00283  
7284.9  0.0028  
7289.299999999999  0.00287  
7293.7  0.0029  
7298.0  0.00278  
7302.4  0.0026  
7306.799999999999  0.00261  
7311.2  0.00277  
7315.599999999999  0.0028  
7320.0  0.0027  
7324.400000000001  0.00267  
7328.8  0.00268  
7333.200000000001  0.00262  
7337.6  0.00261  
7341.900000000001  0.00275  
7346.3  0.0029  
7350.700000000001  0.00279  
7355.1  0.00254  
7359.5  0.00247  
7363.9  0.00251  
7368.3  0.00253  
7372.7  0.00253  
7377.1  0.00249  
7381.5  0.0025  
7385.900000000001  0.00258  
7390.299999999999  0.00256  
7394.700000000001  0.00237  
7399.099999999999  0.00231  

