@MEASUREMENT_RADIUS 25.0 cm
#lambda:
#tr:
#end
5003.8  0.00399  
5008.0  0.00366  
5012.099999999999  0.00392  
5016.3  0.00431  
5020.5  0.0044  
5024.700000000001  0.00444  
5028.8  0.00439  
5033.0  0.00422  
5037.200000000001  0.00419  
5041.4  0.00427  
5045.6  0.00442  
5049.8  0.00454  
5053.9  0.00439  
5058.1  0.00431  
5062.3  0.00456  
5066.5  0.00469  
5070.7  0.00448  
5074.9  0.00426  
5079.1  0.00424  
5083.2  0.00449  
5087.4  0.0048  
5091.6  0.00483  
5095.8  0.00445  
5100.0  0.00422  
5104.2  0.00438  
5108.4  0.00444  
5112.6  0.00444  
5116.7  0.00449  
5120.900000000001  0.00448  
5125.1  0.00468  
5129.299999999999  0.0049  
5133.5  0.00477  
5137.7  0.0046  
5141.900000000001  0.00468  
5146.1  0.00483  
5150.299999999999  0.00498  
5154.5  0.00496  
5158.7  0.00465  
5162.9  0.00466  
5167.1  0.0051  
5171.3  0.0052  
5175.4  0.00505  
5179.6  0.00513  
5183.8  0.00534  
5188.0  0.00529  
5192.200000000001  0.00513  
5196.4  0.00529  
5200.599999999999  0.00542  
5204.8  0.00524  
5209.0  0.00518  
5213.200000000001  0.00546  
5217.4  0.00559  
5221.599999999999  0.00559  
5225.8  0.00565  
5230.0  0.0058  
5234.2  0.00601  
5238.400000000001  0.00609  
5242.6  0.00614  
5246.799999999999  0.00628  
5251.0  0.00627  
5255.299999999999  0.00609  
5259.5  0.00617  
5263.7  0.00672  
5267.9  0.00724  
5272.1  0.00716  
5276.3  0.00682  
5280.5  0.00697  
5284.700000000001  0.00745  
5288.9  0.00753  
5293.099999999999  0.00759  
5297.3  0.00791  
5301.5  0.00814  
5305.700000000001  0.00847  
5309.9  0.00901  
5314.2  0.00953  
5318.400000000001  0.01013  
5322.6  0.01089  
5326.799999999999  0.01162  
5331.0  0.01232  
5335.2  0.01294  
5339.400000000001  0.01382  
5343.6  0.01518  
5347.9  0.01666  
5352.1  0.01781  
5356.3  0.01901  
5360.5  0.02064  
5364.700000000001  0.02237  
5368.9  0.02406  
5373.099999999999  0.02613  
5377.4  0.02882  
5381.599999999999  0.03202  
5385.8  0.0358  
5390.0  0.04053  
5394.2  0.04655  
5398.5  0.05346  
5402.7  0.06154  
5406.900000000001  0.07184  
5411.1  0.08427  
5415.299999999999  0.09825  
5419.6  0.11404  
5423.8  0.13221  
5428.0  0.15261  
5432.200000000001  0.17504  
5436.4  0.19981  
5440.700000000001  0.22662  
5444.9  0.25541  
5449.099999999999  0.28707  
5453.3  0.32143  
5457.6  0.35812  
5461.799999999999  0.39838  
5466.0  0.44239  
5470.2  0.48883  
5474.5  0.53731  
5478.7  0.58795  
5482.9  0.64006  
5487.1  0.69211  
5491.4  0.74223  
5495.599999999999  0.78894  
5499.8  0.83104  
5504.099999999999  0.86773  
5508.3  0.89886  
5512.5  0.92402  
5516.799999999999  0.94299  
5521.0  0.95646  
5525.2  0.9661  
5529.400000000001  0.97235  
5533.7  0.97556  
5537.9  0.9779  
5542.1  0.98007  
5546.4  0.98143  
5550.599999999999  0.9821  
5554.8  0.98197  
5559.099999999999  0.98135  
5563.3  0.98107  
5567.6  0.98127  
5571.799999999999  0.98122  
5576.0  0.98059  
5580.299999999999  0.98021  
5584.5  0.97985  
5588.7  0.97957  
5593.0  0.97987  
5597.200000000001  0.98002  
5601.5  0.97985  
5605.700000000001  0.98013  
5609.9  0.98099  
5614.2  0.98159  
5618.400000000001  0.9815  
5622.7  0.9815  
5626.900000000001  0.98137  
5631.1  0.98073  
5635.4  0.98043  
5639.6  0.9807  
5643.9  0.98069  
5648.099999999999  0.98008  
5652.4  0.97981  
5656.599999999999  0.97985  
5660.8  0.97935  
5665.1  0.97859  
5669.299999999999  0.97841  
5673.6  0.97885  
5677.799999999999  0.97904  
5682.1  0.97842  
5686.3  0.97785  
5690.599999999999  0.9776  
5694.8  0.97702  
5699.099999999999  0.97661  
5703.3  0.97695  
5707.6  0.9776  
5711.799999999999  0.97775  
5716.1  0.97717  
5720.299999999999  0.97716  
5724.6  0.97829  
5728.8  0.97932  
5733.099999999999  0.97925  
5737.3  0.97926  
5741.599999999999  0.98019  
5745.8  0.98043  
5750.1  0.97968  
5754.299999999999  0.9801  
5758.6  0.98132  
5762.9  0.98159  
5767.1  0.98136  
5771.4  0.98143  
5775.599999999999  0.98147  
5779.9  0.98137  
5784.099999999999  0.98142  
5788.400000000001  0.98144  
5792.6  0.9811  
5796.900000000001  0.98091  
5801.2  0.9807  
5805.4  0.98027  
5809.700000000001  0.98002  
5813.9  0.97999  
5818.200000000001  0.98013  
5822.5  0.9806  
5826.7  0.98138  
5831.0  0.98158  
5835.2  0.98136  
5839.5  0.9817  
5843.8  0.98247  
5848.0  0.98266  
5852.3  0.98221  
5856.599999999999  0.98184  
5860.8  0.98172  
5865.1  0.98144  
5869.400000000001  0.98101  
5873.6  0.98068  
5877.9  0.98039  
5882.200000000001  0.98002  
5886.4  0.97961  
5890.700000000001  0.97949  
5895.0  0.97935  
5899.2  0.97911  
5903.5  0.97901  
5907.799999999999  0.97934  
5912.0  0.98002  
5916.3  0.98002  
5920.599999999999  0.98022  
5924.8  0.98118  
5929.099999999999  0.98114  
5933.400000000001  0.98077  
5937.7  0.98144  
5941.900000000001  0.98158  
5946.2  0.98084  
5950.5  0.98057  
5954.700000000001  0.98058  
5959.0  0.98026  
5963.3  0.97997  
5967.6  0.97995  
5971.799999999999  0.97972  
5976.1  0.97962  
5980.4  0.97973  
5984.700000000001  0.97976  
5989.0  0.98029  
5993.200000000001  0.98067  
5997.5  0.98032  
6001.799999999999  0.98008  
6006.1  0.98045  
6010.299999999999  0.98088  
6014.6  0.98127  
6018.9  0.98159  
6023.200000000001  0.98167  
6027.5  0.98164  
6031.7  0.98168  
6036.0  0.98208  
6040.299999999999  0.98232  
6044.6  0.98181  
6048.9  0.98118  
6053.099999999999  0.98048  
6057.4  0.97986  
6061.7  0.98004  
6066.0  0.98038  
6070.299999999999  0.9804  
6074.6  0.98022  
6078.9  0.98004  
6083.099999999999  0.98027  
6087.4  0.9807  
6091.7  0.981  
6096.0  0.98096  
6100.299999999999  0.98054  
6104.6  0.98088  
6108.9  0.98216  
6113.099999999999  0.98273  
6117.4  0.98243  
6121.7  0.98182  
6126.0  0.98131  
6130.299999999999  0.98148  
6134.6  0.98148  
6138.9  0.98059  
6143.200000000001  0.98006  
6147.5  0.98049  
6151.799999999999  0.98056  
6156.1  0.97998  
6160.299999999999  0.97977  
6164.6  0.98051  
6168.9  0.98138  
6173.200000000001  0.9815  
6177.5  0.98182  
6181.799999999999  0.98223  
6186.1  0.9818  
6190.4  0.98169  
6194.700000000001  0.98213  
6199.0  0.98219  
6203.3  0.98188  
6207.6  0.98142  
6211.900000000001  0.98091  
6216.2  0.98078  
6220.5  0.98106  
6224.8  0.98092  
6229.099999999999  0.98032  
6233.400000000001  0.97989  
6237.7  0.9798  
6242.0  0.98024  
6246.3  0.98089  
6250.599999999999  0.98115  
6254.9  0.98089  
6259.2  0.98053  
6263.5  0.98036  
6267.799999999999  0.98022  
6272.1  0.98017  
6276.4  0.98038  
6280.700000000001  0.98061  
6285.0  0.98074  
6289.299999999999  0.98059  
6293.6  0.98003  
6297.9  0.97973  
6302.200000000001  0.97982  
6306.5  0.97997  
6310.8  0.98045  
6315.1  0.98132  
6319.400000000001  0.98135  
6323.8  0.98081  
6328.099999999999  0.98125  
6332.4  0.98233  
6336.7  0.9828  
6341.0  0.98201  
6345.299999999999  0.98069  
6349.6  0.98051  
6353.9  0.98116  
6358.200000000001  0.98106  
6362.5  0.98038  
6366.900000000001  0.98009  
6371.2  0.97994  
6375.5  0.97964  
6379.8  0.97927  
6384.099999999999  0.97893  
6388.400000000001  0.97907  
6392.7  0.97988  
6397.0  0.98056  
6401.4  0.98069  
6405.700000000001  0.98056  
6410.0  0.98095  
6414.299999999999  0.98185  
6418.6  0.98224  
6422.9  0.98198  
6427.3  0.9817  
6431.599999999999  0.98177  
6435.900000000001  0.98178  
6440.2  0.98189  
6444.5  0.98195  
6448.8  0.98141  
6453.200000000001  0.98095  
6457.5  0.98101  
6461.799999999999  0.98108  
6466.1  0.98116  
6470.4  0.98147  
6474.8  0.982  
6479.099999999999  0.98207  
6483.400000000001  0.98153  
6487.7  0.98121  
6492.1  0.98177  
6496.4  0.98283  
6500.700000000001  0.9831  
6505.0  0.98248  
6509.299999999999  0.9823  
6513.7  0.98311  
6518.0  0.98398  
6522.3  0.98411  
6526.599999999999  0.98328  
6531.0  0.98308  
6535.299999999999  0.98399  
6539.6  0.98433  
6544.0  0.9841  
6548.3  0.98424  
6552.6  0.98419  
6556.900000000001  0.98408  
6561.3  0.98436  
6565.599999999999  0.98411  
6569.9  0.98354  
6574.299999999999  0.98339  
6578.6  0.98353  
6582.9  0.98355  
6587.200000000001  0.9833  
6591.599999999999  0.98306  
6595.900000000001  0.98301  
6600.2  0.98304  
6604.6  0.98283  
6608.9  0.98282  
6613.200000000001  0.98318  
6617.6  0.98347  
6621.900000000001  0.98352  
6626.2  0.98356  
6630.599999999999  0.98392  
6634.9  0.98414  
6639.2  0.9843  
6643.6  0.98449  
6647.9  0.98423  
6652.3  0.98398  
6656.599999999999  0.98379  
6660.900000000001  0.98343  
6665.299999999999  0.98325  
6669.6  0.98327  
6673.9  0.98317  
6678.3  0.98283  
6682.6  0.98243  
6687.0  0.98211  
6691.3  0.98237  
6695.599999999999  0.98283  
6700.0  0.98276  
6704.299999999999  0.98272  
6708.7  0.98271  
6713.0  0.9824  
6717.3  0.98269  
6721.7  0.98349  
6726.0  0.98384  
6730.4  0.98339  
6734.700000000001  0.9826  
6739.099999999999  0.98251  
6743.400000000001  0.983  
6747.7  0.9831  
6752.1  0.98268  
6756.4  0.98269  
6760.8  0.98306  
6765.1  0.98273  
6769.5  0.98258  
6773.8  0.98333  
6778.200000000001  0.98342  
6782.5  0.98271  
6786.900000000001  0.98267  
6791.2  0.98336  
6795.599999999999  0.98355  
6799.9  0.98306  
6804.299999999999  0.98314  
6808.6  0.98338  
6813.0  0.98256  
6817.3  0.98194  
6821.7  0.98248  
6826.0  0.98307  
6830.4  0.98286  
6834.700000000001  0.98253  
6839.099999999999  0.98204  
6843.400000000001  0.98141  
6847.799999999999  0.98189  
6852.1  0.98281  
6856.5  0.98253  
6860.8  0.98169  
6865.2  0.98143  
6869.5  0.98168  
6873.9  0.98191  
6878.3  0.9815  
6882.6  0.98031  
6887.0  0.9786  
6891.3  0.97644  
6895.700000000001  0.97311  
6900.0  0.96798  
6904.400000000001  0.96137  
6908.8  0.95334  
6913.099999999999  0.94301  
6917.5  0.92938  
6921.799999999999  0.91241  
6926.2  0.89305  
6930.599999999999  0.87124  
6934.9  0.84606  
6939.299999999999  0.81725  
6943.6  0.78545  
6948.0  0.7512  
6952.4  0.71539  
6956.7  0.67846  
6961.1  0.64005  
6965.4  0.60055  
6969.8  0.56085  
6974.2  0.52161  
6978.5  0.48307  
6982.9  0.44515  
6987.3  0.4081  
6991.599999999999  0.37224  
6996.0  0.3374  
7000.4  0.30379  
7004.700000000001  0.27157  
7009.099999999999  0.24073  
7013.5  0.21154  
7017.799999999999  0.18435  
7022.200000000001  0.15946  
7026.599999999999  0.13679  
7030.900000000001  0.11649  
7035.299999999999  0.09912  
7039.700000000001  0.08442  
7044.0  0.07191  
7048.400000000001  0.06143  
7052.799999999999  0.05255  
7057.1  0.04522  
7061.5  0.0394  
7065.900000000001  0.03474  
7070.299999999999  0.0308  
7074.6  0.02737  
7079.0  0.02455  
7083.400000000001  0.02238  
7087.7  0.02057  
7092.1  0.01884  
7096.5  0.01738  
7100.900000000001  0.01616  
7105.2  0.01494  
7109.6  0.01383  
7114.0  0.01294  
7118.400000000001  0.01207  
7122.7  0.01123  
7127.1  0.01044  
7131.5  0.00977  
7135.900000000001  0.00911  
7140.2  0.00842  
7144.6  0.0078  
7149.0  0.00724  
7153.400000000001  0.00678  
7157.799999999999  0.00628  
7162.1  0.00573  
7166.5  0.00536  
7170.900000000001  0.00515  
7175.299999999999  0.00487  
7179.700000000001  0.00447  
7184.0  0.00425  
7188.400000000001  0.00417  
7192.799999999999  0.00392  
7197.200000000001  0.0037  
7201.599999999999  0.00358  
7205.900000000001  0.0035  
7210.299999999999  0.00353  
7214.700000000001  0.00349  
7219.099999999999  0.00327  
7223.5  0.00315  
7227.9  0.00323  
7232.200000000001  0.00325  
7236.599999999999  0.00316  
7241.0  0.00308  
7245.4  0.00306  
7249.8  0.00307  
7254.2  0.0031  
7258.5  0.00304  
7262.9  0.00298  
7267.3  0.00297  
7271.7  0.00293  
7276.1  0.00287  
7280.5  0.00286  
7284.9  0.00287  
7289.299999999999  0.00285  
7293.7  0.00288  
7298.0  0.00283  
7302.4  0.00275  
7306.799999999999  0.00281  
7311.2  0.00286  
7315.599999999999  0.00277  
7320.0  0.00265  
7324.400000000001  0.0026  
7328.8  0.00259  
7333.200000000001  0.00261  
7337.6  0.00266  
7341.900000000001  0.00272  
7346.3  0.00268  
7350.700000000001  0.00258  
7355.1  0.00259  
7359.5  0.00258  
7363.9  0.00248  
7368.3  0.00254  
7372.7  0.00261  
7377.1  0.00251  
7381.5  0.0024  
7385.900000000001  0.0024  
7390.299999999999  0.00251  
7394.700000000001  0.00266  
7399.099999999999  0.00264  

