@MEASUREMENT_RADIUS 28.0 cm
#lambda:
#tr:
#end
5003.8  0.00385  
5008.0  0.00325  
5012.099999999999  0.00319  
5016.3  0.00394  
5020.5  0.00451  
5024.700000000001  0.00427  
5028.8  0.00386  
5033.0  0.00395  
5037.200000000001  0.00434  
5041.4  0.00436  
5045.6  0.00418  
5049.8  0.00419  
5053.9  0.00426  
5058.1  0.00406  
5062.3  0.00385  
5066.5  0.0039  
5070.7  0.00414  
5074.9  0.00435  
5079.1  0.00436  
5083.2  0.0044  
5087.4  0.00466  
5091.6  0.00474  
5095.8  0.00454  
5100.0  0.00436  
5104.2  0.00427  
5108.4  0.00435  
5112.6  0.00463  
5116.7  0.00462  
5120.900000000001  0.00422  
5125.1  0.00404  
5129.299999999999  0.00436  
5133.5  0.0047  
5137.7  0.00466  
5141.900000000001  0.0044  
5146.1  0.00429  
5150.299999999999  0.0045  
5154.5  0.00477  
5158.7  0.00475  
5162.9  0.00472  
5167.1  0.00476  
5171.3  0.00467  
5175.4  0.00445  
5179.6  0.00452  
5183.8  0.00491  
5188.0  0.00511  
5192.200000000001  0.00516  
5196.4  0.00524  
5200.599999999999  0.00516  
5204.8  0.00495  
5209.0  0.00485  
5213.200000000001  0.00499  
5217.4  0.00519  
5221.599999999999  0.00524  
5225.8  0.00544  
5230.0  0.00585  
5234.2  0.00591  
5238.400000000001  0.00587  
5242.6  0.00599  
5246.799999999999  0.00599  
5251.0  0.00589  
5255.299999999999  0.006  
5259.5  0.00634  
5263.7  0.00654  
5267.9  0.00646  
5272.1  0.00642  
5276.3  0.00671  
5280.5  0.00715  
5284.700000000001  0.00733  
5288.9  0.00723  
5293.099999999999  0.00738  
5297.3  0.0077  
5301.5  0.00788  
5305.700000000001  0.00814  
5309.9  0.00867  
5314.2  0.0093  
5318.400000000001  0.0097  
5322.6  0.0102  
5326.799999999999  0.01115  
5331.0  0.01227  
5335.2  0.01308  
5339.400000000001  0.01367  
5343.6  0.01478  
5347.9  0.01634  
5352.1  0.01749  
5356.3  0.01858  
5360.5  0.02021  
5364.700000000001  0.02215  
5368.9  0.02412  
5373.099999999999  0.02617  
5377.4  0.02861  
5381.599999999999  0.03174  
5385.8  0.03565  
5390.0  0.0404  
5394.2  0.04623  
5398.5  0.05327  
5402.7  0.06165  
5406.900000000001  0.07187  
5411.1  0.08416  
5415.299999999999  0.09832  
5419.6  0.11432  
5423.8  0.13249  
5428.0  0.15317  
5432.200000000001  0.1758  
5436.4  0.2002  
5440.700000000001  0.22679  
5444.9  0.2555  
5449.099999999999  0.28673  
5453.3  0.32071  
5457.6  0.35713  
5461.799999999999  0.39616  
5466.0  0.43835  
5470.2  0.48338  
5474.5  0.53009  
5478.7  0.57821  
5482.9  0.62747  
5487.1  0.67602  
5491.4  0.72235  
5495.599999999999  0.76614  
5499.8  0.80563  
5504.099999999999  0.8399  
5508.3  0.86861  
5512.5  0.89095  
5516.799999999999  0.90783  
5521.0  0.92027  
5525.2  0.92902  
5529.400000000001  0.93429  
5533.7  0.93682  
5537.9  0.93869  
5542.1  0.94027  
5546.4  0.94116  
5550.599999999999  0.94153  
5554.8  0.94142  
5559.099999999999  0.94102  
5563.3  0.94078  
5567.6  0.94092  
5571.799999999999  0.94098  
5576.0  0.94048  
5580.299999999999  0.93963  
5584.5  0.9391  
5588.7  0.93917  
5593.0  0.93933  
5597.200000000001  0.93937  
5601.5  0.93974  
5605.700000000001  0.94047  
5609.9  0.9411  
5614.2  0.94095  
5618.400000000001  0.94042  
5622.7  0.94096  
5626.900000000001  0.94148  
5631.1  0.94073  
5635.4  0.93973  
5639.6  0.93936  
5643.9  0.93974  
5648.099999999999  0.94013  
5652.4  0.93977  
5656.599999999999  0.93922  
5660.8  0.93882  
5665.1  0.93833  
5669.299999999999  0.93804  
5673.6  0.9381  
5677.799999999999  0.93827  
5682.1  0.93831  
5686.3  0.93779  
5690.599999999999  0.93713  
5694.8  0.93716  
5699.099999999999  0.93732  
5703.3  0.93719  
5707.6  0.93736  
5711.799999999999  0.93755  
5716.1  0.93733  
5720.299999999999  0.93735  
5724.6  0.93793  
5728.8  0.93848  
5733.099999999999  0.93879  
5737.3  0.93927  
5741.599999999999  0.93975  
5745.8  0.94006  
5750.1  0.94047  
5754.299999999999  0.94106  
5758.6  0.94145  
5762.9  0.94138  
5767.1  0.94101  
5771.4  0.94075  
5775.599999999999  0.94108  
5779.9  0.94179  
5784.099999999999  0.94204  
5788.400000000001  0.94191  
5792.6  0.94133  
5796.900000000001  0.94041  
5801.2  0.94011  
5805.4  0.94054  
5809.700000000001  0.94091  
5813.9  0.94094  
5818.200000000001  0.94056  
5822.5  0.94001  
5826.7  0.94012  
5831.0  0.94095  
5835.2  0.94188  
5839.5  0.94243  
5843.8  0.94288  
5848.0  0.94304  
5852.3  0.94238  
5856.599999999999  0.94179  
5860.8  0.94191  
5865.1  0.94191  
5869.400000000001  0.94118  
5873.6  0.94018  
5877.9  0.94016  
5882.200000000001  0.9406  
5886.4  0.94037  
5890.700000000001  0.94012  
5895.0  0.93973  
5899.2  0.93908  
5903.5  0.93933  
5907.799999999999  0.94059  
5912.0  0.94118  
5916.3  0.94034  
5920.599999999999  0.94034  
5924.8  0.94164  
5929.099999999999  0.94224  
5933.400000000001  0.94209  
5937.7  0.94206  
5941.900000000001  0.94189  
5946.2  0.94125  
5950.5  0.94096  
5954.700000000001  0.94136  
5959.0  0.94142  
5963.3  0.94102  
5967.6  0.94095  
5971.799999999999  0.94091  
5976.1  0.94064  
5980.4  0.94066  
5984.700000000001  0.94093  
5989.0  0.94136  
5993.200000000001  0.94151  
5997.5  0.94118  
6001.799999999999  0.94117  
6006.1  0.94155  
6010.299999999999  0.94183  
6014.6  0.9421  
6018.9  0.94209  
6023.200000000001  0.94207  
6027.5  0.94253  
6031.7  0.94276  
6036.0  0.94243  
6040.299999999999  0.9424  
6044.6  0.94253  
6048.9  0.94218  
6053.099999999999  0.94177  
6057.4  0.94129  
6061.7  0.94065  
6066.0  0.94087  
6070.299999999999  0.94141  
6074.6  0.94103  
6078.9  0.94099  
6083.099999999999  0.94187  
6087.4  0.9423  
6091.7  0.94217  
6096.0  0.9424  
6100.299999999999  0.94274  
6104.6  0.94299  
6108.9  0.94325  
6113.099999999999  0.94309  
6117.4  0.94239  
6121.7  0.94179  
6126.0  0.94203  
6130.299999999999  0.94292  
6134.6  0.94287  
6138.9  0.9418  
6143.200000000001  0.94146  
6147.5  0.94216  
6151.799999999999  0.94219  
6156.1  0.94167  
6160.299999999999  0.94196  
6164.6  0.94257  
6168.9  0.94259  
6173.200000000001  0.94255  
6177.5  0.94305  
6181.799999999999  0.94348  
6186.1  0.94326  
6190.4  0.94308  
6194.700000000001  0.94348  
6199.0  0.94365  
6203.3  0.94337  
6207.6  0.94324  
6211.900000000001  0.94325  
6216.2  0.94313  
6220.5  0.94291  
6224.8  0.94281  
6229.099999999999  0.94273  
6233.400000000001  0.94243  
6237.7  0.94218  
6242.0  0.94224  
6246.3  0.94241  
6250.599999999999  0.94258  
6254.9  0.94264  
6259.2  0.9425  
6263.5  0.94234  
6267.799999999999  0.94204  
6272.1  0.94197  
6276.4  0.94251  
6280.700000000001  0.94254  
6285.0  0.94208  
6289.299999999999  0.9419  
6293.6  0.94175  
6297.9  0.94154  
6302.200000000001  0.94159  
6306.5  0.94208  
6310.8  0.94276  
6315.1  0.94317  
6319.400000000001  0.94281  
6323.8  0.94258  
6328.099999999999  0.9434  
6332.4  0.94417  
6336.7  0.94387  
6341.0  0.94303  
6345.299999999999  0.94271  
6349.6  0.94274  
6353.9  0.94283  
6358.200000000001  0.94308  
6362.5  0.94291  
6366.900000000001  0.94208  
6371.2  0.94154  
6375.5  0.94179  
6379.8  0.94193  
6384.099999999999  0.94169  
6388.400000000001  0.9417  
6392.7  0.94211  
6397.0  0.9424  
6401.4  0.94268  
6405.700000000001  0.94334  
6410.0  0.94425  
6414.299999999999  0.94442  
6418.6  0.94388  
6422.9  0.94379  
6427.3  0.94415  
6431.599999999999  0.94453  
6435.900000000001  0.94451  
6440.2  0.94429  
6444.5  0.94431  
6448.8  0.94428  
6453.200000000001  0.94391  
6457.5  0.94361  
6461.799999999999  0.94349  
6466.1  0.94347  
6470.4  0.94357  
6474.8  0.94356  
6479.099999999999  0.94373  
6483.400000000001  0.94438  
6487.7  0.94464  
6492.1  0.94441  
6496.4  0.9447  
6500.700000000001  0.94514  
6505.0  0.94514  
6509.299999999999  0.94537  
6513.7  0.94602  
6518.0  0.94628  
6522.3  0.94604  
6526.599999999999  0.94579  
6531.0  0.94625  
6535.299999999999  0.947  
6539.6  0.94675  
6544.0  0.94628  
6548.3  0.94648  
6552.6  0.94667  
6556.900000000001  0.94687  
6561.3  0.94701  
6565.599999999999  0.94674  
6569.9  0.94651  
6574.299999999999  0.9463  
6578.6  0.94606  
6582.9  0.94596  
6587.200000000001  0.94589  
6591.599999999999  0.94613  
6595.900000000001  0.94624  
6600.2  0.94591  
6604.6  0.94559  
6608.9  0.94549  
6613.200000000001  0.94591  
6617.6  0.94645  
6621.900000000001  0.94612  
6626.2  0.94546  
6630.599999999999  0.94592  
6634.9  0.94679  
6639.2  0.94711  
6643.6  0.94703  
6647.9  0.94661  
6652.3  0.94635  
6656.599999999999  0.94669  
6660.900000000001  0.94696  
6665.299999999999  0.94657  
6669.6  0.94591  
6673.9  0.94562  
6678.3  0.94575  
6682.6  0.94581  
6687.0  0.94585  
6691.3  0.94575  
6695.599999999999  0.94552  
6700.0  0.94583  
6704.299999999999  0.94619  
6708.7  0.94591  
6713.0  0.94567  
6717.3  0.94637  
6721.7  0.94697  
6726.0  0.9466  
6730.4  0.94604  
6734.700000000001  0.9457  
6739.099999999999  0.94575  
6743.400000000001  0.94615  
6747.7  0.94611  
6752.1  0.94557  
6756.4  0.94552  
6760.8  0.94582  
6765.1  0.94585  
6769.5  0.94604  
6773.8  0.94641  
6778.200000000001  0.94611  
6782.5  0.94575  
6786.900000000001  0.94608  
6791.2  0.94679  
6795.599999999999  0.94696  
6799.9  0.94615  
6804.299999999999  0.94554  
6808.6  0.94549  
6813.0  0.94544  
6817.3  0.94549  
6821.7  0.94564  
6826.0  0.94572  
6830.4  0.94563  
6834.700000000001  0.94545  
6839.099999999999  0.94523  
6843.400000000001  0.94532  
6847.799999999999  0.94582  
6852.1  0.94579  
6856.5  0.94508  
6860.8  0.94457  
6865.2  0.94432  
6869.5  0.94428  
6873.9  0.94404  
6878.3  0.94296  
6882.6  0.94134  
6887.0  0.93876  
6891.3  0.93465  
6895.700000000001  0.92941  
6900.0  0.92279  
6904.400000000001  0.91401  
6908.8  0.90265  
6913.099999999999  0.88892  
6917.5  0.87277  
6921.799999999999  0.85338  
6926.2  0.83069  
6930.599999999999  0.80517  
6934.9  0.77682  
6939.299999999999  0.7455  
6943.6  0.71175  
6948.0  0.67604  
6952.4  0.63913  
6956.7  0.60169  
6961.1  0.56333  
6965.4  0.52422  
6969.8  0.48569  
6974.2  0.44844  
6978.5  0.41231  
6982.9  0.37744  
6987.3  0.34402  
6991.599999999999  0.31187  
6996.0  0.28062  
7000.4  0.25058  
7004.700000000001  0.22236  
7009.099999999999  0.19614  
7013.5  0.17172  
7017.799999999999  0.14901  
7022.200000000001  0.12812  
7026.599999999999  0.10936  
7030.900000000001  0.09307  
7035.299999999999  0.07938  
7039.700000000001  0.06776  
7044.0  0.05774  
7048.400000000001  0.04935  
7052.799999999999  0.04256  
7057.1  0.03707  
7061.5  0.03254  
7065.900000000001  0.02873  
7070.299999999999  0.02557  
7074.6  0.02308  
7079.0  0.02086  
7083.400000000001  0.01879  
7087.7  0.01728  
7092.1  0.01616  
7096.5  0.01505  
7100.900000000001  0.01395  
7105.2  0.01293  
7109.6  0.01197  
7114.0  0.01113  
7118.400000000001  0.01045  
7122.7  0.00982  
7127.1  0.00921  
7131.5  0.00858  
7135.900000000001  0.00789  
7140.2  0.00729  
7144.6  0.00683  
7149.0  0.00638  
7153.400000000001  0.00599  
7157.799999999999  0.00564  
7162.1  0.00517  
7166.5  0.00461  
7170.900000000001  0.00432  
7175.299999999999  0.00426  
7179.700000000001  0.00409  
7184.0  0.0038  
7188.400000000001  0.0036  
7192.799999999999  0.00354  
7197.200000000001  0.00351  
7201.599999999999  0.00342  
7205.900000000001  0.00333  
7210.299999999999  0.00327  
7214.700000000001  0.00321  
7219.099999999999  0.00308  
7223.5  0.003  
7227.9  0.00305  
7232.200000000001  0.00311  
7236.599999999999  0.00297  
7241.0  0.00265  
7245.4  0.00264  
7249.8  0.00292  
7254.2  0.003  
7258.5  0.00291  
7262.9  0.00283  
7267.3  0.00269  
7271.7  0.00267  
7276.1  0.00285  
7280.5  0.00292  
7284.9  0.0028  
7289.299999999999  0.00265  
7293.7  0.00259  
7298.0  0.00257  
7302.4  0.00256  
7306.799999999999  0.0026  
7311.2  0.00264  
7315.599999999999  0.00264  
7320.0  0.00257  
7324.400000000001  0.00244  
7328.8  0.00235  
7333.200000000001  0.00237  
7337.6  0.00241  
7341.900000000001  0.00245  
7346.3  0.00247  
7350.700000000001  0.00247  
7355.1  0.00249  
7359.5  0.00242  
7363.9  0.00232  
7368.3  0.0023  
7372.7  0.00239  
7377.1  0.0025  
7381.5  0.0024  
7385.900000000001  0.00231  
7390.299999999999  0.00244  
7394.700000000001  0.00248  
7399.099999999999  0.00241  

