@MEASUREMENT_RADIUS 21.0 cm
#lambda:
#tr:
#end
5003.8  0.00371  
5008.0  0.0036  
5012.099999999999  0.00386  
5016.3  0.00402  
5020.5  0.00407  
5024.700000000001  0.00426  
5028.8  0.00426  
5033.0  0.00387  
5037.200000000001  0.00393  
5041.4  0.00431  
5045.6  0.00434  
5049.8  0.00438  
5053.9  0.00444  
5058.1  0.00426  
5062.3  0.00411  
5066.5  0.00428  
5070.7  0.00453  
5074.9  0.00452  
5079.1  0.00445  
5083.2  0.00454  
5087.4  0.00441  
5091.6  0.0041  
5095.8  0.00422  
5100.0  0.00462  
5104.2  0.00468  
5108.4  0.00443  
5112.6  0.00442  
5116.7  0.0046  
5120.900000000001  0.00459  
5125.1  0.0046  
5129.299999999999  0.00464  
5133.5  0.00459  
5137.7  0.0047  
5141.900000000001  0.00479  
5146.1  0.00479  
5150.299999999999  0.00481  
5154.5  0.00472  
5158.7  0.00463  
5162.9  0.00478  
5167.1  0.00504  
5171.3  0.00507  
5175.4  0.00483  
5179.6  0.00476  
5183.8  0.00496  
5188.0  0.00504  
5192.200000000001  0.00505  
5196.4  0.00518  
5200.599999999999  0.00537  
5204.8  0.00538  
5209.0  0.00518  
5213.200000000001  0.00529  
5217.4  0.00565  
5221.599999999999  0.00571  
5225.8  0.00566  
5230.0  0.00587  
5234.2  0.00599  
5238.400000000001  0.00592  
5242.6  0.00596  
5246.799999999999  0.00615  
5251.0  0.00614  
5255.299999999999  0.00598  
5259.5  0.006  
5263.7  0.00649  
5267.9  0.00698  
5272.1  0.00697  
5276.3  0.0069  
5280.5  0.007  
5284.700000000001  0.00708  
5288.9  0.00726  
5293.099999999999  0.00759  
5297.3  0.00783  
5301.5  0.00808  
5305.700000000001  0.00847  
5309.9  0.00882  
5314.2  0.00919  
5318.400000000001  0.00995  
5322.6  0.01081  
5326.799999999999  0.01135  
5331.0  0.0121  
5335.2  0.01325  
5339.400000000001  0.01424  
5343.6  0.01504  
5347.9  0.01609  
5352.1  0.01726  
5356.3  0.01865  
5360.5  0.02014  
5364.700000000001  0.02184  
5368.9  0.02392  
5373.099999999999  0.0261  
5377.4  0.02847  
5381.599999999999  0.03149  
5385.8  0.03543  
5390.0  0.04035  
5394.2  0.04621  
5398.5  0.05314  
5402.7  0.06147  
5406.900000000001  0.0716  
5411.1  0.08378  
5415.299999999999  0.09782  
5419.6  0.11365  
5423.8  0.13134  
5428.0  0.15108  
5432.200000000001  0.17313  
5436.4  0.19746  
5440.700000000001  0.224  
5444.9  0.25272  
5449.099999999999  0.28391  
5453.3  0.31806  
5457.6  0.35518  
5461.799999999999  0.39572  
5466.0  0.44007  
5470.2  0.48744  
5474.5  0.5369  
5478.7  0.58804  
5482.9  0.64038  
5487.1  0.69265  
5491.4  0.74345  
5495.599999999999  0.79113  
5499.8  0.8338  
5504.099999999999  0.87054  
5508.3  0.90104  
5512.5  0.92544  
5516.799999999999  0.94374  
5521.0  0.95686  
5525.2  0.96696  
5529.400000000001  0.9736  
5533.7  0.97634  
5537.9  0.97796  
5542.1  0.97997  
5546.4  0.98149  
5550.599999999999  0.98193  
5554.8  0.98181  
5559.099999999999  0.98173  
5563.3  0.9814  
5567.6  0.98116  
5571.799999999999  0.98148  
5576.0  0.98162  
5580.299999999999  0.98105  
5584.5  0.98022  
5588.7  0.97984  
5593.0  0.98014  
5597.200000000001  0.98036  
5601.5  0.98047  
5605.700000000001  0.98095  
5609.9  0.98158  
5614.2  0.98176  
5618.400000000001  0.98177  
5622.7  0.98195  
5626.900000000001  0.98154  
5631.1  0.98067  
5635.4  0.98053  
5639.6  0.98108  
5643.9  0.98123  
5648.099999999999  0.98024  
5652.4  0.9793  
5656.599999999999  0.97963  
5660.8  0.98014  
5665.1  0.97951  
5669.299999999999  0.9784  
5673.6  0.97828  
5677.799999999999  0.97864  
5682.1  0.97816  
5686.3  0.97749  
5690.599999999999  0.97755  
5694.8  0.97728  
5699.099999999999  0.97675  
5703.3  0.97689  
5707.6  0.97713  
5711.799999999999  0.97736  
5716.1  0.97745  
5720.299999999999  0.97746  
5724.6  0.97784  
5728.8  0.97899  
5733.099999999999  0.97978  
5737.3  0.97931  
5741.599999999999  0.97924  
5745.8  0.9802  
5750.1  0.98089  
5754.299999999999  0.98136  
5758.6  0.9819  
5762.9  0.98186  
5767.1  0.98169  
5771.4  0.98182  
5775.599999999999  0.98158  
5779.9  0.98109  
5784.099999999999  0.98103  
5788.400000000001  0.98147  
5792.6  0.98157  
5796.900000000001  0.98056  
5801.2  0.97971  
5805.4  0.98034  
5809.700000000001  0.98074  
5813.9  0.98016  
5818.200000000001  0.98021  
5822.5  0.98064  
5826.7  0.98081  
5831.0  0.98135  
5835.2  0.9822  
5839.5  0.98234  
5843.8  0.98187  
5848.0  0.98145  
5852.3  0.98141  
5856.599999999999  0.98157  
5860.8  0.98118  
5865.1  0.98048  
5869.400000000001  0.9803  
5873.6  0.98015  
5877.9  0.97994  
5882.200000000001  0.98016  
5886.4  0.97996  
5890.700000000001  0.97908  
5895.0  0.9786  
5899.2  0.9789  
5903.5  0.97939  
5907.799999999999  0.98  
5912.0  0.98037  
5916.3  0.97995  
5920.599999999999  0.9799  
5924.8  0.98061  
5929.099999999999  0.98102  
5933.400000000001  0.98125  
5937.7  0.98134  
5941.900000000001  0.98095  
5946.2  0.9804  
5950.5  0.97993  
5954.700000000001  0.97983  
5959.0  0.98019  
5963.3  0.98018  
5967.6  0.97957  
5971.799999999999  0.97904  
5976.1  0.97876  
5980.4  0.97886  
5984.700000000001  0.97926  
5989.0  0.97982  
5993.200000000001  0.98013  
5997.5  0.98007  
6001.799999999999  0.98021  
6006.1  0.98038  
6010.299999999999  0.98048  
6014.6  0.98119  
6018.9  0.98172  
6023.200000000001  0.9816  
6027.5  0.98141  
6031.7  0.98131  
6036.0  0.98139  
6040.299999999999  0.98136  
6044.6  0.98105  
6048.9  0.9807  
6053.099999999999  0.98037  
6057.4  0.98022  
6061.7  0.98001  
6066.0  0.98004  
6070.299999999999  0.98021  
6074.6  0.97958  
6078.9  0.9797  
6083.099999999999  0.98115  
6087.4  0.98138  
6091.7  0.98061  
6096.0  0.98063  
6100.299999999999  0.98096  
6104.6  0.98145  
6108.9  0.98236  
6113.099999999999  0.98259  
6117.4  0.98178  
6121.7  0.98115  
6126.0  0.9814  
6130.299999999999  0.98143  
6134.6  0.98059  
6138.9  0.98008  
6143.200000000001  0.97996  
6147.5  0.97975  
6151.799999999999  0.98019  
6156.1  0.98077  
6160.299999999999  0.98068  
6164.6  0.98072  
6168.9  0.98101  
6173.200000000001  0.98141  
6177.5  0.98212  
6181.799999999999  0.98235  
6186.1  0.98234  
6190.4  0.98265  
6194.700000000001  0.98255  
6199.0  0.98176  
6203.3  0.98131  
6207.6  0.98175  
6211.900000000001  0.98191  
6216.2  0.98121  
6220.5  0.98095  
6224.8  0.98137  
6229.099999999999  0.98139  
6233.400000000001  0.98053  
6237.7  0.97999  
6242.0  0.98063  
6246.3  0.98132  
6250.599999999999  0.98143  
6254.9  0.9812  
6259.2  0.98078  
6263.5  0.98065  
6267.799999999999  0.98043  
6272.1  0.98014  
6276.4  0.98034  
6280.700000000001  0.98049  
6285.0  0.98054  
6289.299999999999  0.98034  
6293.6  0.97983  
6297.9  0.97987  
6302.200000000001  0.98008  
6306.5  0.97993  
6310.8  0.98027  
6315.1  0.98114  
6319.400000000001  0.98119  
6323.8  0.98082  
6328.099999999999  0.98123  
6332.4  0.9818  
6336.7  0.98171  
6341.0  0.98129  
6345.299999999999  0.98118  
6349.6  0.98103  
6353.9  0.98081  
6358.200000000001  0.98093  
6362.5  0.98088  
6366.900000000001  0.9803  
6371.2  0.97955  
6375.5  0.97918  
6379.8  0.97922  
6384.099999999999  0.97929  
6388.400000000001  0.97921  
6392.7  0.97953  
6397.0  0.98036  
6401.4  0.98122  
6405.700000000001  0.9816  
6410.0  0.98133  
6414.299999999999  0.98096  
6418.6  0.98121  
6422.9  0.98198  
6427.3  0.98249  
6431.599999999999  0.98265  
6435.900000000001  0.98241  
6440.2  0.98219  
6444.5  0.98212  
6448.8  0.98171  
6453.200000000001  0.98121  
6457.5  0.98085  
6461.799999999999  0.98061  
6466.1  0.98108  
6470.4  0.98156  
6474.8  0.98128  
6479.099999999999  0.98126  
6483.400000000001  0.98152  
6487.7  0.98144  
6492.1  0.98172  
6496.4  0.98264  
6500.700000000001  0.98345  
6505.0  0.98361  
6509.299999999999  0.98327  
6513.7  0.98332  
6518.0  0.9836  
6522.3  0.98338  
6526.599999999999  0.9832  
6531.0  0.98376  
6535.299999999999  0.98431  
6539.6  0.98429  
6544.0  0.9842  
6548.3  0.98416  
6552.6  0.98399  
6556.900000000001  0.98399  
6561.3  0.98449  
6565.599999999999  0.98444  
6569.9  0.98365  
6574.299999999999  0.98346  
6578.6  0.9836  
6582.9  0.98313  
6587.200000000001  0.98285  
6591.599999999999  0.98318  
6595.900000000001  0.98326  
6600.2  0.98288  
6604.6  0.98257  
6608.9  0.98253  
6613.200000000001  0.98278  
6617.6  0.98318  
6621.900000000001  0.98354  
6626.2  0.98359  
6630.599999999999  0.98355  
6634.9  0.98373  
6639.2  0.98432  
6643.6  0.98445  
6647.9  0.98388  
6652.3  0.98365  
6656.599999999999  0.98353  
6660.900000000001  0.98332  
6665.299999999999  0.98326  
6669.6  0.98313  
6673.9  0.98273  
6678.3  0.98225  
6682.6  0.98223  
6687.0  0.98202  
6691.3  0.9818  
6695.599999999999  0.9824  
6700.0  0.98294  
6704.299999999999  0.98299  
6708.7  0.98315  
6713.0  0.98299  
6717.3  0.98279  
6721.7  0.98308  
6726.0  0.98351  
6730.4  0.9835  
6734.700000000001  0.98306  
6739.099999999999  0.98315  
6743.400000000001  0.98364  
6747.7  0.98307  
6752.1  0.98204  
6756.4  0.982  
6760.8  0.9828  
6765.1  0.98328  
6769.5  0.98293  
6773.8  0.98261  
6778.200000000001  0.98286  
6782.5  0.98325  
6786.900000000001  0.983  
6791.2  0.98267  
6795.599999999999  0.9833  
6799.9  0.98359  
6804.299999999999  0.98288  
6808.6  0.98237  
6813.0  0.98231  
6817.3  0.98265  
6821.7  0.98314  
6826.0  0.98348  
6830.4  0.98351  
6834.700000000001  0.98304  
6839.099999999999  0.98246  
6843.400000000001  0.98234  
6847.799999999999  0.98274  
6852.1  0.98328  
6856.5  0.98347  
6860.8  0.98313  
6865.2  0.98254  
6869.5  0.98257  
6873.9  0.98241  
6878.3  0.98153  
6882.6  0.9809  
6887.0  0.97971  
6891.3  0.97719  
6895.700000000001  0.97383  
6900.0  0.96936  
6904.400000000001  0.96291  
6908.8  0.95428  
6913.099999999999  0.94366  
6917.5  0.93071  
6921.799999999999  0.91481  
6926.2  0.89649  
6930.599999999999  0.87558  
6934.9  0.85083  
6939.299999999999  0.82278  
6943.6  0.79254  
6948.0  0.75976  
6952.4  0.72443  
6956.7  0.6879  
6961.1  0.65054  
6965.4  0.61198  
6969.8  0.5728  
6974.2  0.53389  
6978.5  0.4954  
6982.9  0.45736  
6987.3  0.42008  
6991.599999999999  0.38351  
6996.0  0.34773  
7000.4  0.31301  
7004.700000000001  0.27953  
7009.099999999999  0.2477  
7013.5  0.21756  
7017.799999999999  0.18914  
7022.200000000001  0.16284  
7026.599999999999  0.13913  
7030.900000000001  0.11846  
7035.299999999999  0.1008  
7039.700000000001  0.08567  
7044.0  0.07282  
7048.400000000001  0.06207  
7052.799999999999  0.05314  
7057.1  0.04584  
7061.5  0.03992  
7065.900000000001  0.03517  
7070.299999999999  0.03131  
7074.6  0.02812  
7079.0  0.02526  
7083.400000000001  0.02275  
7087.7  0.02083  
7092.1  0.01928  
7096.5  0.01788  
7100.900000000001  0.0166  
7105.2  0.01543  
7109.6  0.01431  
7114.0  0.01326  
7118.400000000001  0.01228  
7122.7  0.0115  
7127.1  0.0109  
7131.5  0.01021  
7135.900000000001  0.00936  
7140.2  0.0086  
7144.6  0.00798  
7149.0  0.00735  
7153.400000000001  0.00674  
7157.799999999999  0.00621  
7162.1  0.00578  
7166.5  0.00546  
7170.900000000001  0.00514  
7175.299999999999  0.00478  
7179.700000000001  0.00444  
7184.0  0.00416  
7188.400000000001  0.00403  
7192.799999999999  0.00396  
7197.200000000001  0.00384  
7201.599999999999  0.00364  
7205.900000000001  0.00349  
7210.299999999999  0.00335  
7214.700000000001  0.00326  
7219.099999999999  0.00333  
7223.5  0.00335  
7227.9  0.00325  
7232.200000000001  0.00317  
7236.599999999999  0.00305  
7241.0  0.00293  
7245.4  0.00309  
7249.8  0.00334  
7254.2  0.00323  
7258.5  0.00284  
7262.9  0.00278  
7267.3  0.00301  
7271.7  0.00298  
7276.1  0.00284  
7280.5  0.00292  
7284.9  0.00297  
7289.299999999999  0.00283  
7293.7  0.00276  
7298.0  0.00283  
7302.4  0.00281  
7306.799999999999  0.00264  
7311.2  0.00259  
7315.599999999999  0.00271  
7320.0  0.00271  
7324.400000000001  0.00262  
7328.8  0.00269  
7333.200000000001  0.00285  
7337.6  0.00292  
7341.900000000001  0.00285  
7346.3  0.00263  
7350.700000000001  0.00246  
7355.1  0.00251  
7359.5  0.00253  
7363.9  0.00253  
7368.3  0.00261  
7372.7  0.00258  
7377.1  0.00245  
7381.5  0.00246  
7385.900000000001  0.00255  
7390.299999999999  0.00252  
7394.700000000001  0.00238  
7399.099999999999  0.00236  

