@MEASUREMENT_RADIUS 0.0 cm
#lambda:
#tr:
#end
5000.6  0.00669  
5004.8  0.00642  
5009.0  0.00634  
5013.1  0.00646  
5017.3  0.00633  
5021.5  0.0062  
5025.7  0.00626  
5029.8  0.00643  
5034.0  0.00646  
5038.2  0.00623  
5042.4  0.00617  
5046.6  0.00644  
5050.8  0.00648  
5054.9  0.00614  
5059.1  0.006  
5063.3  0.0062  
5067.5  0.00619  
5071.7  0.00594  
5075.9  0.00594  
5080.1  0.00601  
5084.2  0.00598  
5088.4  0.00605  
5092.6  0.00609  
5096.8  0.00611  
5101.0  0.00626  
5105.2  0.00634  
5109.4  0.00618  
5113.6  0.00589  
5117.7  0.00585  
5121.900000000001  0.00603  
5126.1  0.00608  
5130.299999999999  0.00605  
5134.5  0.00607  
5138.7  0.00618  
5142.9  0.00623  
5147.1  0.00612  
5151.3  0.00595  
5155.5  0.00575  
5159.700000000001  0.00573  
5163.9  0.00596  
5168.099999999999  0.00603  
5172.3  0.00594  
5176.4  0.00589  
5180.599999999999  0.00583  
5184.8  0.00591  
5189.0  0.00613  
5193.200000000001  0.0061  
5197.4  0.00588  
5201.599999999999  0.00593  
5205.8  0.00622  
5210.0  0.00615  
5214.2  0.00582  
5218.400000000001  0.00586  
5222.6  0.0062  
5226.799999999999  0.00635  
5231.0  0.00631  
5235.2  0.00622  
5239.400000000001  0.00609  
5243.6  0.00623  
5247.799999999999  0.00657  
5252.0  0.00672  
5256.3  0.00674  
5260.5  0.00695  
5264.700000000001  0.00725  
5268.9  0.00755  
5273.099999999999  0.00792  
5277.3  0.0082  
5281.5  0.0083  
5285.700000000001  0.00844  
5289.9  0.00882  
5294.099999999999  0.0091  
5298.3  0.00917  
5302.5  0.00957  
5306.7  0.01048  
5310.900000000001  0.01163  
5315.2  0.01304  
5319.400000000001  0.01473  
5323.6  0.01647  
5327.799999999999  0.01807  
5332.0  0.01957  
5336.2  0.02093  
5340.4  0.02217  
5344.6  0.02337  
5348.9  0.02454  
5353.099999999999  0.02632  
5357.3  0.0293  
5361.5  0.03383  
5365.700000000001  0.04062  
5369.9  0.05083  
5374.099999999999  0.06616  
5378.400000000001  0.08872  
5382.6  0.1202  
5386.799999999999  0.16088  
5391.0  0.20863  
5395.2  0.25994  
5399.5  0.31107  
5403.7  0.35844  
5407.9  0.40079  
5412.1  0.44022  
5416.3  0.4811  
5420.599999999999  0.52822  
5424.8  0.58397  
5429.0  0.64686  
5433.200000000001  0.7125  
5437.4  0.7739  
5441.7  0.82264  
5445.900000000001  0.85281  
5450.1  0.86263  
5454.299999999999  0.85481  
5458.6  0.8358  
5462.799999999999  0.81301  
5467.0  0.79226  
5471.2  0.77677  
5475.5  0.76718  
5479.700000000001  0.76261  
5483.9  0.7621  
5488.099999999999  0.7642  
5492.4  0.76736  
5496.599999999999  0.7712  
5500.8  0.77487  
5505.1  0.77788  
5509.299999999999  0.78062  
5513.5  0.78345  
5517.799999999999  0.78681  
5522.0  0.79046  
5526.2  0.7946  
5530.4  0.80047  
5534.700000000001  0.80835  
5538.9  0.81773  
5543.099999999999  0.82836  
5547.4  0.84006  
5551.599999999999  0.85256  
5555.8  0.86538  
5560.1  0.87737  
5564.299999999999  0.88733  
5568.6  0.89593  
5572.799999999999  0.90325  
5577.0  0.90743  
5581.3  0.90883  
5585.5  0.90913  
5589.700000000001  0.90822  
5594.0  0.90577  
5598.200000000001  0.9032  
5602.5  0.90212  
5606.7  0.90257  
5610.900000000001  0.90398  
5615.2  0.90689  
5619.400000000001  0.91099  
5623.7  0.91544  
5627.9  0.92082  
5632.1  0.92694  
5636.4  0.9324  
5640.599999999999  0.93722  
5644.9  0.94217  
5649.099999999999  0.94665  
5653.400000000001  0.94954  
5657.6  0.9505  
5661.799999999999  0.95087  
5666.1  0.95113  
5670.299999999999  0.95069  
5674.6  0.94987  
5678.8  0.94856  
5683.099999999999  0.94655  
5687.3  0.94435  
5691.599999999999  0.94252  
5695.8  0.94098  
5700.1  0.93945  
5704.299999999999  0.93858  
5708.6  0.93874  
5712.799999999999  0.93917  
5717.1  0.93916  
5721.3  0.93902  
5725.599999999999  0.93943  
5729.8  0.94021  
5734.099999999999  0.94041  
5738.3  0.93907  
5742.6  0.93584  
5746.799999999999  0.93131  
5751.1  0.92584  
5755.299999999999  0.91952  
5759.6  0.91284  
5763.9  0.9066  
5768.099999999999  0.90092  
5772.4  0.89557  
5776.599999999999  0.89058  
5780.900000000001  0.88627  
5785.1  0.88371  
5789.400000000001  0.88371  
5793.6  0.88591  
5797.9  0.88889  
5802.200000000001  0.89209  
5806.4  0.89635  
5810.700000000001  0.90169  
5814.9  0.90745  
5819.2  0.91325  
5823.5  0.91914  
5827.7  0.92538  
5832.0  0.93163  
5836.2  0.93745  
5840.5  0.9424  
5844.8  0.94622  
5849.0  0.94939  
5853.3  0.95148  
5857.6  0.95108  
5861.799999999999  0.9483  
5866.1  0.94385  
5870.4  0.93717  
5874.6  0.92796  
5878.9  0.91634  
5883.200000000001  0.90253  
5887.4  0.8876  
5891.7  0.87308  
5896.0  0.85915  
5900.2  0.84569  
5904.5  0.83397  
5908.8  0.8251  
5913.0  0.81887  
5917.3  0.81511  
5921.599999999999  0.81417  
5925.8  0.81661  
5930.1  0.82204  
5934.400000000001  0.82959  
5938.7  0.83902  
5942.9  0.84979  
5947.200000000001  0.86103  
5951.5  0.87223  
5955.700000000001  0.88295  
5960.0  0.89242  
5964.299999999999  0.90037  
5968.6  0.90685  
5972.799999999999  0.91158  
5977.1  0.91461  
5981.4  0.91663  
5985.700000000001  0.91815  
5990.0  0.91932  
5994.2  0.92057  
5998.5  0.92207  
6002.799999999999  0.92412  
6007.1  0.92725  
6011.3  0.93136  
6015.599999999999  0.93536  
6019.9  0.93876  
6024.2  0.94187  
6028.5  0.94443  
6032.7  0.94645  
6037.0  0.94777  
6041.3  0.94713  
6045.599999999999  0.94426  
6049.9  0.93983  
6054.099999999999  0.93429  
6058.400000000001  0.9281  
6062.7  0.92103  
6067.0  0.91378  
6071.3  0.90766  
6075.599999999999  0.90244  
6079.9  0.89809  
6084.099999999999  0.89533  
6088.400000000001  0.89431  
6092.7  0.89505  
6097.0  0.89756  
6101.3  0.90194  
6105.599999999999  0.90799  
6109.9  0.91525  
6114.099999999999  0.92273  
6118.400000000001  0.92943  
6122.7  0.93586  
6127.0  0.94252  
6131.3  0.94842  
6135.599999999999  0.95242  
6139.9  0.9543  
6144.2  0.9544  
6148.5  0.95285  
6152.799999999999  0.94982  
6157.1  0.94576  
6161.3  0.94097  
6165.599999999999  0.93594  
6169.9  0.93118  
6174.2  0.9264  
6178.5  0.92215  
6182.799999999999  0.91965  
6187.1  0.9187  
6191.4  0.91858  
6195.700000000001  0.91959  
6200.0  0.9222  
6204.299999999999  0.92615  
6208.6  0.9308  
6212.9  0.93559  
6217.200000000001  0.93993  
6221.5  0.94329  
6225.8  0.94612  
6230.1  0.94902  
6234.400000000001  0.95112  
6238.7  0.95136  
6243.0  0.94991  
6247.3  0.94701  
6251.599999999999  0.9431  
6255.900000000001  0.93905  
6260.2  0.9349  
6264.5  0.93084  
6268.8  0.92712  
6273.099999999999  0.92374  
6277.4  0.92108  
6281.7  0.9195  
6286.0  0.91917  
6290.299999999999  0.92042  
6294.6  0.92273  
6298.9  0.92523  
6303.200000000001  0.92846  
6307.5  0.93254  
6311.799999999999  0.9365  
6316.1  0.94012  
6320.4  0.94309  
6324.8  0.94558  
6329.099999999999  0.94766  
6333.400000000001  0.94844  
6337.7  0.94819  
6342.0  0.94696  
6346.3  0.94435  
6350.599999999999  0.94152  
6354.9  0.93899  
6359.2  0.93594  
6363.5  0.93229  
6367.9  0.92876  
6372.200000000001  0.92582  
6376.5  0.92316  
6380.8  0.92062  
6385.1  0.91824  
6389.400000000001  0.91613  
6393.7  0.91438  
6398.0  0.91278  
6402.4  0.91121  
6406.7  0.90953  
6411.0  0.90769  
6415.299999999999  0.90618  
6419.6  0.90487  
6423.9  0.90314  
6428.3  0.90126  
6432.6  0.89986  
6436.900000000001  0.89917  
6441.2  0.89884  
6445.5  0.89865  
6449.8  0.89888  
6454.2  0.89975  
6458.5  0.9013  
6462.799999999999  0.90348  
6467.1  0.90619  
6471.4  0.90955  
6475.8  0.91316  
6480.1  0.9164  
6484.400000000001  0.91909  
6488.7  0.92138  
6493.099999999999  0.92319  
6497.4  0.92398  
6501.7  0.92335  
6506.0  0.92182  
6510.299999999999  0.91978  
6514.700000000001  0.9165  
6519.0  0.91175  
6523.3  0.90682  
6527.6  0.90197  
6532.0  0.89653  
6536.3  0.89106  
6540.599999999999  0.88641  
6545.0  0.8826  
6549.299999999999  0.87899  
6553.6  0.87593  
6557.9  0.87441  
6562.3  0.87433  
6566.599999999999  0.87537  
6570.900000000001  0.87729  
6575.299999999999  0.87985  
6579.6  0.88368  
6583.9  0.88823  
6588.200000000001  0.892  
6592.6  0.89559  
6596.900000000001  0.89995  
6601.2  0.90409  
6605.599999999999  0.90726  
6609.9  0.91008  
6614.2  0.91258  
6618.6  0.91384  
6622.9  0.91403  
6627.200000000001  0.91427  
6631.599999999999  0.91433  
6635.900000000001  0.91379  
6640.2  0.9129  
6644.6  0.91209  
6648.9  0.91217  
6653.3  0.91275  
6657.6  0.91334  
6661.900000000001  0.91419  
6666.3  0.91532  
6670.599999999999  0.91714  
6674.9  0.91993  
6679.299999999999  0.92326  
6683.6  0.92656  
6688.0  0.92967  
6692.3  0.93287  
6696.599999999999  0.9362  
6701.0  0.93921  
6705.299999999999  0.94158  
6709.700000000001  0.94324  
6714.0  0.94441  
6718.3  0.94523  
6722.7  0.94533  
6727.0  0.9449  
6731.4  0.9446  
6735.700000000001  0.94377  
6740.1  0.94209  
6744.400000000001  0.94047  
6748.7  0.93906  
6753.099999999999  0.9368  
6757.4  0.93414  
6761.799999999999  0.9324  
6766.1  0.93089  
6770.5  0.9289  
6774.8  0.92678  
6779.2  0.92437  
6783.5  0.92179  
6787.9  0.9197  
6792.200000000001  0.91791  
6796.599999999999  0.91574  
6800.900000000001  0.91337  
6805.299999999999  0.9116  
6809.6  0.9107  
6814.0  0.91023  
6818.3  0.90992  
6822.7  0.91025  
6827.0  0.91145  
6831.4  0.91289  
6835.700000000001  0.91482  
6840.1  0.91778  
6844.400000000001  0.92122  
6848.8  0.92434  
6853.099999999999  0.92697  
6857.5  0.92926  
6861.799999999999  0.93128  
6866.2  0.93314  
6870.5  0.93484  
6874.9  0.93597  
6879.299999999999  0.93625  
6883.6  0.93604  
6888.0  0.93526  
6892.3  0.93393  
6896.7  0.93228  
6901.0  0.93006  
6905.4  0.92702  
6909.8  0.92274  
6914.099999999999  0.91664  
6918.5  0.90852  
6922.799999999999  0.89807  
6927.200000000001  0.88443  
6931.599999999999  0.86693  
6935.900000000001  0.84486  
6940.299999999999  0.81802  
6944.6  0.78698  
6949.0  0.75199  
6953.400000000001  0.71234  
6957.7  0.66783  
6962.1  0.61959  
6966.4  0.56886  
6970.8  0.51615  
6975.2  0.46214  
6979.5  0.40796  
6983.9  0.35492  
6988.3  0.3042  
6992.6  0.25698  
6997.0  0.214  
7001.4  0.17588  
7005.700000000001  0.14323  
7010.1  0.11586  
7014.5  0.09317  
7018.8  0.07475  
7023.200000000001  0.06027  
7027.6  0.04906  
7031.900000000001  0.04032  
7036.3  0.03339  
7040.700000000001  0.02791  
7045.0  0.02349  
7049.400000000001  0.02  
7053.8  0.0173  
7058.099999999999  0.01519  
7062.5  0.0135  
7066.900000000001  0.01194  
7071.3  0.0105  
7075.599999999999  0.00939  
7080.0  0.00854  
7084.400000000001  0.00776  
7088.7  0.00704  
7093.099999999999  0.00642  
7097.5  0.00595  
7101.900000000001  0.00554  
7106.2  0.00513  
7110.599999999999  0.00467  
7115.0  0.00429  
7119.400000000001  0.00415  
7123.7  0.00396  
7128.099999999999  0.00366  
7132.5  0.00356  
7136.900000000001  0.00363  
7141.2  0.00356  
7145.599999999999  0.00327  
7150.0  0.00304  
7154.400000000001  0.0031  
7158.8  0.00322  
7163.099999999999  0.00312  
7167.5  0.00283  
7171.900000000001  0.00273  
7176.3  0.00288  
7180.700000000001  0.00293  
7185.0  0.0028  
7189.400000000001  0.00267  
7193.8  0.00269  
7198.200000000001  0.00271  
7202.6  0.00261  
7206.900000000001  0.00255  
7211.3  0.00255  
7215.700000000001  0.00261  
7220.1  0.00268  
7224.5  0.00261  
7228.9  0.00246  
7233.200000000001  0.00243  
7237.6  0.00242  
7242.0  0.00242  
7246.4  0.00249  
7250.8  0.00244  
7255.2  0.00237  
7259.5  0.00247  
7263.9  0.00249  
7268.3  0.0024  
7272.7  0.00238  
7277.1  0.00234  
7281.5  0.00232  
7285.900000000001  0.00241  
7290.299999999999  0.00249  
7294.700000000001  0.00239  
7299.0  0.00226  
7303.400000000001  0.00225  
7307.799999999999  0.00226  
7312.200000000001  0.00225  
7316.599999999999  0.00232  
7321.0  0.00238  
7325.4  0.00236  
7329.8  0.00221  
7334.2  0.00209  
7338.6  0.00215  
7342.9  0.0022  
7347.3  0.00215  
7351.7  0.00206  
7356.1  0.0021  
7360.5  0.00222  
7364.9  0.00218  
7369.299999999999  0.00202  
7373.7  0.00199  
7378.099999999999  0.00203  
7382.5  0.00198  
7386.900000000001  0.00197  
7391.3  0.00211  
7395.700000000001  0.0021  

