@MEASUREMENT_RADIUS 1.0 cm
#lambda:
#tr:
#end
5000.6  0.00635  
5004.8  0.00598  
5009.0  0.00604  
5013.1  0.00629  
5017.3  0.0063  
5021.5  0.00653  
5025.7  0.00675  
5029.8  0.0065  
5034.0  0.00611  
5038.2  0.00623  
5042.4  0.0064  
5046.6  0.00607  
5050.8  0.00596  
5054.9  0.00624  
5059.1  0.00645  
5063.3  0.00648  
5067.5  0.00639  
5071.7  0.00622  
5075.9  0.00617  
5080.1  0.00628  
5084.2  0.00621  
5088.4  0.00586  
5092.6  0.00576  
5096.8  0.0062  
5101.0  0.00643  
5105.2  0.00606  
5109.4  0.00575  
5113.6  0.00586  
5117.7  0.00606  
5121.900000000001  0.00621  
5126.1  0.0062  
5130.299999999999  0.0061  
5134.5  0.00604  
5138.7  0.00605  
5142.9  0.00616  
5147.1  0.00613  
5151.3  0.00597  
5155.5  0.00586  
5159.700000000001  0.00585  
5163.9  0.00595  
5168.099999999999  0.00616  
5172.3  0.00624  
5176.4  0.00606  
5180.599999999999  0.00591  
5184.8  0.006  
5189.0  0.00611  
5193.200000000001  0.00606  
5197.4  0.00599  
5201.599999999999  0.00595  
5205.8  0.00599  
5210.0  0.0061  
5214.2  0.00619  
5218.400000000001  0.00614  
5222.6  0.00598  
5226.799999999999  0.00605  
5231.0  0.00638  
5235.2  0.00656  
5239.400000000001  0.00635  
5243.6  0.00619  
5247.799999999999  0.00621  
5252.0  0.00637  
5256.3  0.0068  
5260.5  0.00715  
5264.700000000001  0.00722  
5268.9  0.00734  
5273.099999999999  0.00753  
5277.3  0.00782  
5281.5  0.00808  
5285.700000000001  0.00832  
5289.9  0.00885  
5294.099999999999  0.00932  
5298.3  0.00952  
5302.5  0.00977  
5306.7  0.01017  
5310.900000000001  0.01087  
5315.2  0.01185  
5319.400000000001  0.01266  
5323.6  0.01364  
5327.799999999999  0.01509  
5332.0  0.01687  
5336.2  0.01931  
5340.4  0.02292  
5344.6  0.02754  
5348.9  0.03298  
5353.099999999999  0.0396  
5357.3  0.04733  
5361.5  0.05576  
5365.700000000001  0.06482  
5369.9  0.07489  
5374.099999999999  0.08622  
5378.400000000001  0.09916  
5382.6  0.11444  
5386.799999999999  0.13246  
5391.0  0.15334  
5395.2  0.17725  
5399.5  0.20423  
5403.7  0.2345  
5407.9  0.268  
5412.1  0.30348  
5416.3  0.33976  
5420.599999999999  0.37681  
5424.8  0.41484  
5429.0  0.45359  
5433.200000000001  0.49294  
5437.4  0.53356  
5441.7  0.57656  
5445.900000000001  0.6223  
5450.1  0.66939  
5454.299999999999  0.71508  
5458.6  0.75685  
5462.799999999999  0.79181  
5467.0  0.81522  
5471.2  0.82388  
5475.5  0.81942  
5479.700000000001  0.80651  
5483.9  0.79089  
5488.099999999999  0.77645  
5492.4  0.76491  
5496.599999999999  0.75818  
5500.8  0.75674  
5505.1  0.75958  
5509.299999999999  0.7647  
5513.5  0.77036  
5517.799999999999  0.77654  
5522.0  0.78288  
5526.2  0.7894  
5530.4  0.79634  
5534.700000000001  0.80277  
5538.9  0.80887  
5543.099999999999  0.81589  
5547.4  0.82387  
5551.599999999999  0.83194  
5555.8  0.83993  
5560.1  0.8486  
5564.299999999999  0.85804  
5568.6  0.86767  
5572.799999999999  0.87684  
5577.0  0.88532  
5581.3  0.89363  
5585.5  0.90137  
5589.700000000001  0.90686  
5594.0  0.91013  
5598.200000000001  0.91293  
5602.5  0.915  
5606.7  0.91543  
5610.900000000001  0.91538  
5615.2  0.91573  
5619.400000000001  0.91578  
5623.7  0.9157  
5627.9  0.91644  
5632.1  0.91798  
5636.4  0.92009  
5640.599999999999  0.92339  
5644.9  0.92746  
5649.099999999999  0.93114  
5653.400000000001  0.93446  
5657.6  0.93753  
5661.799999999999  0.93998  
5666.1  0.94169  
5670.299999999999  0.94315  
5674.6  0.94459  
5678.8  0.94548  
5683.099999999999  0.94541  
5687.3  0.94473  
5691.599999999999  0.9442  
5695.8  0.94419  
5700.1  0.94387  
5704.299999999999  0.94272  
5708.6  0.94169  
5712.799999999999  0.94116  
5717.1  0.94041  
5721.3  0.93944  
5725.599999999999  0.93915  
5729.8  0.93892  
5734.099999999999  0.93759  
5738.3  0.93602  
5742.6  0.93453  
5746.799999999999  0.93253  
5751.1  0.93028  
5755.299999999999  0.92767  
5759.6  0.92398  
5763.9  0.91985  
5768.099999999999  0.91582  
5772.4  0.911  
5776.599999999999  0.90531  
5780.900000000001  0.90008  
5785.1  0.89605  
5789.400000000001  0.89289  
5793.6  0.89057  
5797.9  0.88876  
5802.200000000001  0.8876  
5806.4  0.88856  
5810.700000000001  0.89152  
5814.9  0.89514  
5819.2  0.89969  
5823.5  0.90556  
5827.7  0.91146  
5832.0  0.91646  
5836.2  0.92126  
5840.5  0.92614  
5844.8  0.93044  
5849.0  0.93411  
5853.3  0.93715  
5857.6  0.93849  
5861.799999999999  0.93795  
5866.1  0.93691  
5870.4  0.93502  
5874.6  0.93128  
5878.9  0.92617  
5883.200000000001  0.92015  
5887.4  0.91273  
5891.7  0.9038  
5896.0  0.89401  
5900.2  0.88384  
5904.5  0.87358  
5908.8  0.86379  
5913.0  0.85476  
5917.3  0.84657  
5921.599999999999  0.83921  
5925.8  0.83343  
5930.1  0.82992  
5934.400000000001  0.82891  
5938.7  0.83006  
5942.9  0.83268  
5947.200000000001  0.83671  
5951.5  0.84266  
5955.700000000001  0.85025  
5960.0  0.85859  
5964.299999999999  0.86726  
5968.6  0.87614  
5972.799999999999  0.88519  
5977.1  0.89388  
5981.4  0.90149  
5985.700000000001  0.90803  
5990.0  0.91371  
5994.2  0.91804  
5998.5  0.92107  
6002.799999999999  0.92388  
6007.1  0.92627  
6011.3  0.92757  
6015.599999999999  0.92882  
6019.9  0.93093  
6024.2  0.93278  
6028.5  0.93398  
6032.7  0.93524  
6037.0  0.9363  
6041.3  0.93679  
6045.599999999999  0.93709  
6049.9  0.93734  
6054.099999999999  0.93681  
6058.400000000001  0.93487  
6062.7  0.93165  
6067.0  0.92771  
6071.3  0.92362  
6075.599999999999  0.91919  
6079.9  0.91424  
6084.099999999999  0.90979  
6088.400000000001  0.90628  
6092.7  0.90324  
6097.0  0.90129  
6101.3  0.90121  
6105.599999999999  0.90263  
6109.9  0.90515  
6114.099999999999  0.90822  
6118.400000000001  0.91167  
6122.7  0.91625  
6127.0  0.92225  
6131.3  0.92818  
6135.599999999999  0.93292  
6139.9  0.93716  
6144.2  0.94115  
6148.5  0.94406  
6152.799999999999  0.94572  
6157.1  0.94617  
6161.3  0.94547  
6165.599999999999  0.94365  
6169.9  0.94096  
6174.2  0.93822  
6178.5  0.93504  
6182.799999999999  0.93138  
6187.1  0.92856  
6191.4  0.92633  
6195.700000000001  0.92462  
6200.0  0.92452  
6204.299999999999  0.92539  
6208.6  0.92642  
6212.9  0.928  
6217.200000000001  0.93004  
6221.5  0.93255  
6225.8  0.93572  
6230.1  0.93885  
6234.400000000001  0.94141  
6238.7  0.94341  
6243.0  0.9448  
6247.3  0.94524  
6251.599999999999  0.94458  
6255.900000000001  0.94312  
6260.2  0.94152  
6264.5  0.94012  
6268.8  0.9376  
6273.099999999999  0.93382  
6277.4  0.9307  
6281.7  0.92866  
6286.0  0.9271  
6290.299999999999  0.92581  
6294.6  0.92456  
6298.9  0.92395  
6303.200000000001  0.92447  
6307.5  0.92577  
6311.799999999999  0.92765  
6316.1  0.92999  
6320.4  0.9321  
6324.8  0.93414  
6329.099999999999  0.93666  
6333.400000000001  0.93919  
6337.7  0.94122  
6342.0  0.94216  
6346.3  0.94223  
6350.599999999999  0.9423  
6354.9  0.94188  
6359.2  0.94056  
6363.5  0.93882  
6367.9  0.93624  
6372.200000000001  0.93285  
6376.5  0.92968  
6380.8  0.92672  
6385.1  0.92343  
6389.400000000001  0.91973  
6393.7  0.91641  
6398.0  0.914  
6402.4  0.91129  
6406.7  0.90816  
6411.0  0.90579  
6415.299999999999  0.90435  
6419.6  0.90326  
6423.9  0.90221  
6428.3  0.90135  
6432.6  0.90065  
6436.900000000001  0.90045  
6441.2  0.90066  
6445.5  0.90085  
6449.8  0.90163  
6454.2  0.903  
6458.5  0.90419  
6462.799999999999  0.90527  
6467.1  0.90654  
6471.4  0.90811  
6475.8  0.91005  
6480.1  0.91229  
6484.400000000001  0.91415  
6488.7  0.91585  
6493.099999999999  0.9176  
6497.4  0.91829  
6501.7  0.91797  
6506.0  0.91756  
6510.299999999999  0.91699  
6514.700000000001  0.91575  
6519.0  0.91372  
6523.3  0.91077  
6527.6  0.90723  
6532.0  0.90336  
6536.3  0.899  
6540.599999999999  0.89467  
6545.0  0.89062  
6549.299999999999  0.88649  
6553.6  0.88279  
6557.9  0.87997  
6562.3  0.87735  
6566.599999999999  0.87543  
6570.900000000001  0.87496  
6575.299999999999  0.87535  
6579.6  0.87636  
6583.9  0.87777  
6588.200000000001  0.8798  
6592.6  0.88308  
6596.900000000001  0.88722  
6601.2  0.89113  
6605.599999999999  0.89482  
6609.9  0.89924  
6614.2  0.90342  
6618.6  0.90652  
6622.9  0.90937  
6627.200000000001  0.91242  
6631.599999999999  0.91526  
6635.900000000001  0.91725  
6640.2  0.91809  
6644.6  0.91818  
6648.9  0.91821  
6653.3  0.91825  
6657.6  0.91787  
6661.900000000001  0.91702  
6666.3  0.91639  
6670.599999999999  0.91644  
6674.9  0.91716  
6679.299999999999  0.91811  
6683.6  0.91861  
6688.0  0.91961  
6692.3  0.92183  
6696.599999999999  0.92423  
6701.0  0.92668  
6705.299999999999  0.92912  
6709.700000000001  0.93104  
6714.0  0.93319  
6718.3  0.93588  
6722.7  0.93837  
6727.0  0.94022  
6731.4  0.94131  
6735.700000000001  0.94171  
6740.1  0.94177  
6744.400000000001  0.94172  
6748.7  0.94121  
6753.099999999999  0.94011  
6757.4  0.93922  
6761.799999999999  0.93832  
6766.1  0.93677  
6770.5  0.93472  
6774.8  0.9326  
6779.2  0.93054  
6783.5  0.92842  
6787.9  0.9262  
6792.200000000001  0.924  
6796.599999999999  0.92147  
6800.900000000001  0.91852  
6805.299999999999  0.91578  
6809.6  0.91369  
6814.0  0.9126  
6818.3  0.91154  
6822.7  0.91005  
6827.0  0.9092  
6831.4  0.90895  
6835.700000000001  0.90928  
6840.1  0.91065  
6844.400000000001  0.91242  
6848.8  0.9142  
6853.099999999999  0.91654  
6857.5  0.9196  
6861.799999999999  0.92301  
6866.2  0.92633  
6870.5  0.92925  
6874.9  0.93156  
6879.299999999999  0.93332  
6883.6  0.9342  
6888.0  0.93404  
6892.3  0.93332  
6896.7  0.93197  
6901.0  0.92946  
6905.4  0.9253  
6909.8  0.91975  
6914.099999999999  0.91309  
6918.5  0.90503  
6922.799999999999  0.89514  
6927.200000000001  0.88302  
6931.599999999999  0.86832  
6935.900000000001  0.85078  
6940.299999999999  0.83021  
6944.6  0.80629  
6949.0  0.77865  
6953.400000000001  0.74704  
6957.7  0.71123  
6962.1  0.67161  
6966.4  0.62867  
6970.8  0.58283  
6975.2  0.53529  
6979.5  0.48708  
6983.9  0.43856  
6988.3  0.39024  
6992.6  0.34341  
6997.0  0.29883  
7001.4  0.25683  
7005.700000000001  0.21814  
7010.1  0.18309  
7014.5  0.15167  
7018.8  0.12432  
7023.200000000001  0.10135  
7027.6  0.08246  
7031.900000000001  0.06692  
7036.3  0.05425  
7040.700000000001  0.04424  
7045.0  0.03635  
7049.400000000001  0.03017  
7053.8  0.02533  
7058.099999999999  0.0215  
7062.5  0.01852  
7066.900000000001  0.01608  
7071.3  0.01393  
7075.599999999999  0.01213  
7080.0  0.01088  
7084.400000000001  0.00991  
7088.7  0.00879  
7093.099999999999  0.00774  
7097.5  0.00714  
7101.900000000001  0.0067  
7106.2  0.00615  
7110.599999999999  0.00561  
7115.0  0.00516  
7119.400000000001  0.00481  
7123.7  0.00457  
7128.099999999999  0.00434  
7132.5  0.004  
7136.900000000001  0.0037  
7141.2  0.00356  
7145.599999999999  0.0035  
7150.0  0.00346  
7154.400000000001  0.00338  
7158.8  0.00323  
7163.099999999999  0.0031  
7167.5  0.00302  
7171.900000000001  0.00296  
7176.3  0.00296  
7180.700000000001  0.00297  
7185.0  0.00295  
7189.400000000001  0.00291  
7193.8  0.00285  
7198.200000000001  0.00279  
7202.6  0.00273  
7206.900000000001  0.00272  
7211.3  0.00275  
7215.700000000001  0.00274  
7220.1  0.00266  
7224.5  0.00257  
7228.9  0.00254  
7233.200000000001  0.00256  
7237.6  0.0025  
7242.0  0.00241  
7246.4  0.00236  
7250.8  0.00241  
7255.2  0.00247  
7259.5  0.00253  
7263.9  0.0025  
7268.3  0.00239  
7272.7  0.00233  
7277.1  0.00229  
7281.5  0.00227  
7285.900000000001  0.00232  
7290.299999999999  0.00243  
7294.700000000001  0.00242  
7299.0  0.00231  
7303.400000000001  0.00223  
7307.799999999999  0.00223  
7312.200000000001  0.00229  
7316.599999999999  0.00235  
7321.0  0.00234  
7325.4  0.0023  
7329.8  0.00228  
7334.2  0.00223  
7338.6  0.00219  
7342.9  0.00221  
7347.3  0.00222  
7351.7  0.00221  
7356.1  0.00216  
7360.5  0.00215  
7364.9  0.00222  
7369.299999999999  0.00223  
7373.7  0.00222  
7378.099999999999  0.00219  
7382.5  0.00213  
7386.900000000001  0.00212  
7391.3  0.00209  
7395.700000000001  0.00208  

