@MEASUREMENT_RADIUS 2.0 cm
#lambda:
#tr:
#end
5000.6  0.00642  
5004.8  0.00631  
5009.0  0.00628  
5013.1  0.00641  
5017.3  0.00633  
5021.5  0.00622  
5025.7  0.00629  
5029.8  0.00631  
5034.0  0.00628  
5038.2  0.00633  
5042.4  0.00633  
5046.6  0.00616  
5050.8  0.00598  
5054.9  0.00607  
5059.1  0.00632  
5063.3  0.0063  
5067.5  0.00617  
5071.7  0.00614  
5075.9  0.00613  
5080.1  0.00628  
5084.2  0.00649  
5088.4  0.00625  
5092.6  0.00592  
5096.8  0.00586  
5101.0  0.00593  
5105.2  0.00591  
5109.4  0.00575  
5113.6  0.00572  
5117.7  0.00589  
5121.900000000001  0.00606  
5126.1  0.00592  
5130.299999999999  0.00565  
5134.5  0.00565  
5138.7  0.00592  
5142.9  0.00607  
5147.1  0.00592  
5151.3  0.00586  
5155.5  0.0061  
5159.700000000001  0.00624  
5163.9  0.00611  
5168.099999999999  0.00614  
5172.3  0.00611  
5176.4  0.00577  
5180.599999999999  0.0056  
5184.8  0.00591  
5189.0  0.00638  
5193.200000000001  0.00648  
5197.4  0.00626  
5201.599999999999  0.0062  
5205.8  0.00626  
5210.0  0.00615  
5214.2  0.00604  
5218.400000000001  0.00602  
5222.6  0.006  
5226.799999999999  0.00609  
5231.0  0.00629  
5235.2  0.00639  
5239.400000000001  0.00627  
5243.6  0.00612  
5247.799999999999  0.00601  
5252.0  0.00605  
5256.3  0.00635  
5260.5  0.00653  
5264.700000000001  0.0064  
5268.9  0.00625  
5273.099999999999  0.00636  
5277.3  0.00669  
5281.5  0.00688  
5285.700000000001  0.00681  
5289.9  0.00681  
5294.099999999999  0.00702  
5298.3  0.00728  
5302.5  0.00743  
5306.7  0.00768  
5310.900000000001  0.00799  
5315.2  0.00825  
5319.400000000001  0.00861  
5323.6  0.00903  
5327.799999999999  0.00931  
5332.0  0.00969  
5336.2  0.01027  
5340.4  0.01099  
5344.6  0.01186  
5348.9  0.01283  
5353.099999999999  0.01404  
5357.3  0.01566  
5361.5  0.01745  
5365.700000000001  0.01953  
5369.9  0.0224  
5374.099999999999  0.02588  
5378.400000000001  0.02993  
5382.6  0.0348  
5386.799999999999  0.04064  
5391.0  0.04773  
5395.2  0.05609  
5399.5  0.06563  
5403.7  0.07714  
5407.9  0.09132  
5412.1  0.108  
5416.3  0.1274  
5420.599999999999  0.15026  
5424.8  0.17665  
5429.0  0.20576  
5433.200000000001  0.2374  
5437.4  0.27144  
5441.7  0.30712  
5445.900000000001  0.34433  
5450.1  0.38323  
5454.299999999999  0.42341  
5458.6  0.46512  
5462.799999999999  0.50896  
5467.0  0.55501  
5471.2  0.60238  
5475.5  0.64949  
5479.700000000001  0.69391  
5483.9  0.73266  
5488.099999999999  0.76324  
5492.4  0.78397  
5496.599999999999  0.79423  
5500.8  0.79444  
5505.1  0.78698  
5509.299999999999  0.77536  
5513.5  0.76435  
5517.799999999999  0.75748  
5522.0  0.75452  
5526.2  0.75518  
5530.4  0.75929  
5534.700000000001  0.7654  
5538.9  0.7724  
5543.099999999999  0.78027  
5547.4  0.78826  
5551.599999999999  0.79574  
5555.8  0.80309  
5560.1  0.81012  
5564.299999999999  0.81725  
5568.6  0.82579  
5572.799999999999  0.83512  
5577.0  0.84393  
5581.3  0.85275  
5585.5  0.86207  
5589.700000000001  0.87143  
5594.0  0.8802  
5598.200000000001  0.88828  
5602.5  0.89556  
5606.7  0.90184  
5610.900000000001  0.90707  
5615.2  0.91127  
5619.400000000001  0.91406  
5623.7  0.91511  
5627.9  0.9155  
5632.1  0.91551  
5636.4  0.91497  
5640.599999999999  0.91501  
5644.9  0.91593  
5649.099999999999  0.91665  
5653.400000000001  0.91726  
5657.6  0.91863  
5661.799999999999  0.92073  
5666.1  0.92284  
5670.299999999999  0.92523  
5674.6  0.92816  
5678.8  0.93101  
5683.099999999999  0.93404  
5687.3  0.93721  
5691.599999999999  0.93924  
5695.8  0.9402  
5700.1  0.94134  
5704.299999999999  0.94262  
5708.6  0.94336  
5712.799999999999  0.94353  
5717.1  0.94347  
5721.3  0.94322  
5725.599999999999  0.94253  
5729.8  0.94135  
5734.099999999999  0.93995  
5738.3  0.93855  
5742.6  0.93734  
5746.799999999999  0.93605  
5751.1  0.93437  
5755.299999999999  0.93228  
5759.6  0.92935  
5763.9  0.92638  
5768.099999999999  0.92413  
5772.4  0.92179  
5776.599999999999  0.91843  
5780.900000000001  0.91383  
5785.1  0.90929  
5789.400000000001  0.90589  
5793.6  0.90266  
5797.9  0.89854  
5802.200000000001  0.89398  
5806.4  0.89063  
5810.700000000001  0.88894  
5814.9  0.88789  
5819.2  0.88751  
5823.5  0.88844  
5827.7  0.89028  
5832.0  0.89311  
5836.2  0.89765  
5840.5  0.90285  
5844.8  0.90783  
5849.0  0.9134  
5853.3  0.91952  
5857.6  0.92482  
5861.799999999999  0.929  
5866.1  0.93274  
5870.4  0.9358  
5874.6  0.93737  
5878.9  0.9373  
5883.200000000001  0.93602  
5887.4  0.93364  
5891.7  0.93032  
5896.0  0.92593  
5900.2  0.92036  
5904.5  0.91368  
5908.8  0.90613  
5913.0  0.89819  
5917.3  0.88946  
5921.599999999999  0.87989  
5925.8  0.87062  
5930.1  0.862  
5934.400000000001  0.85383  
5938.7  0.84617  
5942.9  0.83954  
5947.200000000001  0.83416  
5951.5  0.83044  
5955.700000000001  0.82877  
5960.0  0.82881  
5964.299999999999  0.83029  
5968.6  0.83346  
5972.799999999999  0.83849  
5977.1  0.84511  
5981.4  0.85296  
5985.700000000001  0.86138  
5990.0  0.87011  
5994.2  0.87917  
5998.5  0.88792  
6002.799999999999  0.89631  
6007.1  0.90397  
6011.3  0.91024  
6015.599999999999  0.91575  
6019.9  0.92074  
6024.2  0.92433  
6028.5  0.92654  
6032.7  0.92839  
6037.0  0.9299  
6041.3  0.93077  
6045.599999999999  0.93203  
6049.9  0.9333  
6054.099999999999  0.933  
6058.400000000001  0.93241  
6062.7  0.93261  
6067.0  0.93245  
6071.3  0.93134  
6075.599999999999  0.9295  
6079.9  0.92718  
6084.099999999999  0.92442  
6088.400000000001  0.92128  
6092.7  0.91778  
6097.0  0.91398  
6101.3  0.91006  
6105.599999999999  0.90692  
6109.9  0.90519  
6114.099999999999  0.9039  
6118.400000000001  0.90261  
6122.7  0.90222  
6127.0  0.90346  
6131.3  0.90595  
6135.599999999999  0.90908  
6139.9  0.9127  
6144.2  0.91667  
6148.5  0.92103  
6152.799999999999  0.92571  
6157.1  0.92999  
6161.3  0.93373  
6165.599999999999  0.93702  
6169.9  0.93926  
6174.2  0.94025  
6178.5  0.94058  
6182.799999999999  0.94024  
6187.1  0.93902  
6191.4  0.93713  
6195.700000000001  0.93485  
6200.0  0.9323  
6204.299999999999  0.92998  
6208.6  0.92844  
6212.9  0.92727  
6217.200000000001  0.92617  
6221.5  0.92556  
6225.8  0.92576  
6230.1  0.92662  
6234.400000000001  0.92823  
6238.7  0.93072  
6243.0  0.93305  
6247.3  0.93438  
6251.599999999999  0.93565  
6255.900000000001  0.93739  
6260.2  0.93884  
6264.5  0.93933  
6268.8  0.93906  
6273.099999999999  0.9387  
6277.4  0.93807  
6281.7  0.93672  
6286.0  0.935  
6290.299999999999  0.93342  
6294.6  0.93179  
6298.9  0.92996  
6303.200000000001  0.92845  
6307.5  0.92714  
6311.799999999999  0.92579  
6316.1  0.92499  
6320.4  0.92485  
6324.8  0.92545  
6329.099999999999  0.92693  
6333.400000000001  0.92829  
6337.7  0.92956  
6342.0  0.93103  
6346.3  0.93238  
6350.599999999999  0.93417  
6354.9  0.93607  
6359.2  0.93717  
6363.5  0.93761  
6367.9  0.9375  
6372.200000000001  0.93675  
6376.5  0.93582  
6380.8  0.9347  
6385.1  0.9327  
6389.400000000001  0.92975  
6393.7  0.92626  
6398.0  0.92273  
6402.4  0.91922  
6406.7  0.9159  
6411.0  0.91264  
6415.299999999999  0.90914  
6419.6  0.90598  
6423.9  0.90343  
6428.3  0.90121  
6432.6  0.89946  
6436.900000000001  0.89858  
6441.2  0.89803  
6445.5  0.89738  
6449.8  0.89727  
6454.2  0.89801  
6458.5  0.8993  
6462.799999999999  0.90104  
6467.1  0.90287  
6471.4  0.90427  
6475.8  0.90597  
6480.1  0.90847  
6484.400000000001  0.91042  
6488.7  0.91182  
6493.099999999999  0.9136  
6497.4  0.91494  
6501.7  0.91558  
6506.0  0.91632  
6510.299999999999  0.91683  
6514.700000000001  0.91664  
6519.0  0.91603  
6523.3  0.91479  
6527.6  0.91275  
6532.0  0.91038  
6536.3  0.90773  
6540.599999999999  0.90458  
6545.0  0.90101  
6549.299999999999  0.89703  
6553.6  0.89323  
6557.9  0.8898  
6562.3  0.88565  
6566.599999999999  0.8813  
6570.900000000001  0.87792  
6575.299999999999  0.87522  
6579.6  0.87321  
6583.9  0.87184  
6588.200000000001  0.87065  
6592.6  0.87034  
6596.900000000001  0.87139  
6601.2  0.87302  
6605.599999999999  0.87515  
6609.9  0.87847  
6614.2  0.88226  
6618.6  0.88625  
6622.9  0.89072  
6627.200000000001  0.89505  
6631.599999999999  0.89956  
6635.900000000001  0.9043  
6640.2  0.9083  
6644.6  0.91125  
6648.9  0.91375  
6653.3  0.91614  
6657.6  0.91796  
6661.900000000001  0.91895  
6666.3  0.91918  
6670.599999999999  0.91891  
6674.9  0.91898  
6679.299999999999  0.91892  
6683.6  0.91773  
6688.0  0.91635  
6692.3  0.91563  
6696.599999999999  0.9154  
6701.0  0.9154  
6705.299999999999  0.91586  
6709.700000000001  0.9167  
6714.0  0.91776  
6718.3  0.91944  
6722.7  0.92141  
6727.0  0.92323  
6731.4  0.92573  
6735.700000000001  0.92851  
6740.1  0.93078  
6744.400000000001  0.93322  
6748.7  0.93568  
6753.099999999999  0.93704  
6757.4  0.93782  
6761.799999999999  0.93871  
6766.1  0.93907  
6770.5  0.93882  
6774.8  0.93854  
6779.2  0.9381  
6783.5  0.93691  
6787.9  0.93511  
6792.200000000001  0.93301  
6796.599999999999  0.93038  
6800.900000000001  0.92742  
6805.299999999999  0.92441  
6809.6  0.92144  
6814.0  0.91906  
6818.3  0.91684  
6822.7  0.91387  
6827.0  0.91067  
6831.4  0.90831  
6835.700000000001  0.90662  
6840.1  0.90551  
6844.400000000001  0.90541  
6848.8  0.90536  
6853.099999999999  0.90512  
6857.5  0.90584  
6861.799999999999  0.90744  
6866.2  0.90957  
6870.5  0.91237  
6874.9  0.91524  
6879.299999999999  0.91803  
6883.6  0.92104  
6888.0  0.92337  
6892.3  0.92474  
6896.7  0.92639  
6901.0  0.92844  
6905.4  0.9292  
6909.8  0.92775  
6914.099999999999  0.92509  
6918.5  0.92176  
6922.799999999999  0.91713  
6927.200000000001  0.91082  
6931.599999999999  0.90263  
6935.900000000001  0.89212  
6940.299999999999  0.87941  
6944.6  0.86489  
6949.0  0.84827  
6953.400000000001  0.82872  
6957.7  0.8057  
6962.1  0.77944  
6966.4  0.7503  
6970.8  0.71845  
6975.2  0.68384  
6979.5  0.64599  
6983.9  0.60557  
6988.3  0.56338  
6992.6  0.51968  
6997.0  0.47498  
7001.4  0.43015  
7005.700000000001  0.38613  
7010.1  0.34323  
7014.5  0.30199  
7018.8  0.26308  
7023.200000000001  0.22694  
7027.6  0.19404  
7031.900000000001  0.1645  
7036.3  0.13807  
7040.700000000001  0.11474  
7045.0  0.09465  
7049.400000000001  0.07771  
7053.8  0.06349  
7058.099999999999  0.05185  
7062.5  0.04268  
7066.900000000001  0.03542  
7071.3  0.02942  
7075.599999999999  0.02441  
7080.0  0.02056  
7084.400000000001  0.01767  
7088.7  0.01534  
7093.099999999999  0.01342  
7097.5  0.01186  
7101.900000000001  0.01055  
7106.2  0.00943  
7110.599999999999  0.00839  
7115.0  0.00746  
7119.400000000001  0.00679  
7123.7  0.00632  
7128.099999999999  0.00584  
7132.5  0.00532  
7136.900000000001  0.00496  
7141.2  0.0048  
7145.599999999999  0.00464  
7150.0  0.00436  
7154.400000000001  0.00402  
7158.8  0.00374  
7163.099999999999  0.00363  
7167.5  0.00361  
7171.900000000001  0.00349  
7176.3  0.00334  
7180.700000000001  0.00327  
7185.0  0.00326  
7189.400000000001  0.00319  
7193.8  0.00305  
7198.200000000001  0.003  
7202.6  0.00307  
7206.900000000001  0.0031  
7211.3  0.00301  
7215.700000000001  0.00285  
7220.1  0.00272  
7224.5  0.00272  
7228.9  0.00285  
7233.200000000001  0.00291  
7237.6  0.00281  
7242.0  0.00266  
7246.4  0.00255  
7250.8  0.0026  
7255.2  0.00275  
7259.5  0.00275  
7263.9  0.00258  
7268.3  0.00251  
7272.7  0.00261  
7277.1  0.00263  
7281.5  0.00248  
7285.900000000001  0.00239  
7290.299999999999  0.0024  
7294.700000000001  0.00248  
7299.0  0.00257  
7303.400000000001  0.00253  
7307.799999999999  0.00239  
7312.200000000001  0.00234  
7316.599999999999  0.00241  
7321.0  0.00254  
7325.4  0.00252  
7329.8  0.00234  
7334.2  0.00224  
7338.6  0.00226  
7342.9  0.0023  
7347.3  0.0024  
7351.7  0.00241  
7356.1  0.0023  
7360.5  0.00228  
7364.9  0.00237  
7369.299999999999  0.00235  
7373.7  0.00227  
7378.099999999999  0.00215  
7382.5  0.00212  
7386.900000000001  0.0023  
7391.3  0.00237  
7395.700000000001  0.00227  

