@MEASUREMENT_RADIUS 3.0 cm
#lambda:
#tr:
#end
5000.6  0.00634  
5004.8  0.0062  
5009.0  0.00621  
5013.1  0.00629  
5017.3  0.00624  
5021.5  0.00614  
5025.7  0.00617  
5029.8  0.00618  
5034.0  0.00606  
5038.2  0.00613  
5042.4  0.00636  
5046.6  0.00636  
5050.8  0.00608  
5054.9  0.00601  
5059.1  0.00618  
5063.3  0.00605  
5067.5  0.00588  
5071.7  0.00612  
5075.9  0.00633  
5080.1  0.00609  
5084.2  0.00589  
5088.4  0.00604  
5092.6  0.00607  
5096.8  0.00583  
5101.0  0.00583  
5105.2  0.00602  
5109.4  0.00593  
5113.6  0.00571  
5117.7  0.00574  
5121.900000000001  0.00596  
5126.1  0.006  
5130.299999999999  0.00592  
5134.5  0.00586  
5138.7  0.00573  
5142.9  0.00559  
5147.1  0.00563  
5151.3  0.00589  
5155.5  0.0061  
5159.700000000001  0.006  
5163.9  0.00581  
5168.099999999999  0.00596  
5172.3  0.00609  
5176.4  0.00588  
5180.599999999999  0.00569  
5184.8  0.00593  
5189.0  0.00629  
5193.200000000001  0.00622  
5197.4  0.00603  
5201.599999999999  0.00602  
5205.8  0.00601  
5210.0  0.00596  
5214.2  0.00604  
5218.400000000001  0.00612  
5222.6  0.0061  
5226.799999999999  0.00603  
5231.0  0.006  
5235.2  0.00602  
5239.400000000001  0.0061  
5243.6  0.00612  
5247.799999999999  0.00604  
5252.0  0.0061  
5256.3  0.00612  
5260.5  0.00604  
5264.700000000001  0.00611  
5268.9  0.00623  
5273.099999999999  0.00619  
5277.3  0.00608  
5281.5  0.00619  
5285.700000000001  0.0064  
5289.9  0.00647  
5294.099999999999  0.00658  
5298.3  0.00668  
5302.5  0.00666  
5306.7  0.00687  
5310.900000000001  0.00718  
5315.2  0.00729  
5319.400000000001  0.0073  
5323.6  0.00748  
5327.799999999999  0.00768  
5332.0  0.00772  
5336.2  0.00797  
5340.4  0.00841  
5344.6  0.00888  
5348.9  0.00943  
5353.099999999999  0.01011  
5357.3  0.01093  
5361.5  0.0118  
5365.700000000001  0.01264  
5369.9  0.01358  
5374.099999999999  0.01467  
5378.400000000001  0.01588  
5382.6  0.01723  
5386.799999999999  0.01874  
5391.0  0.02047  
5395.2  0.02254  
5399.5  0.02542  
5403.7  0.0297  
5407.9  0.03558  
5412.1  0.04308  
5416.3  0.05255  
5420.599999999999  0.06416  
5424.8  0.07821  
5429.0  0.09512  
5433.200000000001  0.11495  
5437.4  0.13779  
5441.7  0.16436  
5445.900000000001  0.19537  
5450.1  0.23088  
5454.299999999999  0.2709  
5458.6  0.31574  
5462.799999999999  0.3658  
5467.0  0.4205  
5471.2  0.47863  
5475.5  0.53852  
5479.700000000001  0.59804  
5483.9  0.65501  
5488.099999999999  0.70673  
5492.4  0.7501  
5496.599999999999  0.78106  
5500.8  0.79595  
5505.1  0.79583  
5509.299999999999  0.78498  
5513.5  0.76926  
5517.799999999999  0.75456  
5522.0  0.74435  
5526.2  0.74016  
5530.4  0.74088  
5534.700000000001  0.74456  
5538.9  0.75016  
5543.099999999999  0.75677  
5547.4  0.76439  
5551.599999999999  0.77241  
5555.8  0.77874  
5560.1  0.78422  
5564.299999999999  0.7913  
5568.6  0.79983  
5572.799999999999  0.80911  
5577.0  0.81937  
5581.3  0.83046  
5585.5  0.84163  
5589.700000000001  0.85249  
5594.0  0.86273  
5598.200000000001  0.87306  
5602.5  0.88372  
5606.7  0.89293  
5610.900000000001  0.8996  
5615.2  0.90445  
5619.400000000001  0.90779  
5623.7  0.91015  
5627.9  0.91207  
5632.1  0.91239  
5636.4  0.91112  
5640.599999999999  0.91009  
5644.9  0.90964  
5649.099999999999  0.90872  
5653.400000000001  0.90751  
5657.6  0.90746  
5661.799999999999  0.90894  
5666.1  0.9107  
5670.299999999999  0.91261  
5674.6  0.91571  
5678.8  0.91964  
5683.099999999999  0.92338  
5687.3  0.92653  
5691.599999999999  0.92955  
5695.8  0.93277  
5700.1  0.93527  
5704.299999999999  0.93671  
5708.6  0.93806  
5712.799999999999  0.93942  
5717.1  0.93987  
5721.3  0.93949  
5725.599999999999  0.93889  
5729.8  0.9383  
5734.099999999999  0.93805  
5738.3  0.9377  
5742.6  0.93652  
5746.799999999999  0.93485  
5751.1  0.9333  
5755.299999999999  0.93189  
5759.6  0.93011  
5763.9  0.92824  
5768.099999999999  0.92662  
5772.4  0.92453  
5776.599999999999  0.92131  
5780.900000000001  0.91693  
5785.1  0.91228  
5789.400000000001  0.9081  
5793.6  0.90365  
5797.9  0.89858  
5802.200000000001  0.89338  
5806.4  0.88837  
5810.700000000001  0.884  
5814.9  0.88078  
5819.2  0.87844  
5823.5  0.87724  
5827.7  0.87765  
5832.0  0.87954  
5836.2  0.88307  
5840.5  0.88774  
5844.8  0.89297  
5849.0  0.89914  
5853.3  0.90585  
5857.6  0.91218  
5861.799999999999  0.91861  
5866.1  0.92525  
5870.4  0.93082  
5874.6  0.93482  
5878.9  0.93764  
5883.200000000001  0.93954  
5887.4  0.94007  
5891.7  0.93913  
5896.0  0.9371  
5900.2  0.93406  
5904.5  0.92972  
5908.8  0.92414  
5913.0  0.91702  
5917.3  0.90779  
5921.599999999999  0.89743  
5925.8  0.88742  
5930.1  0.87716  
5934.400000000001  0.86588  
5938.7  0.85453  
5942.9  0.84405  
5947.200000000001  0.83464  
5951.5  0.82659  
5955.700000000001  0.82033  
5960.0  0.81613  
5964.299999999999  0.81433  
5968.6  0.81501  
5972.799999999999  0.8178  
5977.1  0.82234  
5981.4  0.82896  
5985.700000000001  0.83773  
5990.0  0.84767  
5994.2  0.85791  
5998.5  0.86818  
6002.799999999999  0.87815  
6007.1  0.88778  
6011.3  0.89668  
6015.599999999999  0.90423  
6019.9  0.91039  
6024.2  0.91522  
6028.5  0.91895  
6032.7  0.92215  
6037.0  0.92489  
6041.3  0.92688  
6045.599999999999  0.92836  
6049.9  0.9295  
6054.099999999999  0.9302  
6058.400000000001  0.93105  
6062.7  0.93198  
6067.0  0.9323  
6071.3  0.93204  
6075.599999999999  0.93076  
6079.9  0.92899  
6084.099999999999  0.92738  
6088.400000000001  0.92466  
6092.7  0.9206  
6097.0  0.91608  
6101.3  0.91139  
6105.599999999999  0.90686  
6109.9  0.90298  
6114.099999999999  0.89939  
6118.400000000001  0.89597  
6122.7  0.89378  
6127.0  0.89375  
6131.3  0.89498  
6135.599999999999  0.89674  
6139.9  0.89968  
6144.2  0.90427  
6148.5  0.90948  
6152.799999999999  0.91442  
6157.1  0.9196  
6161.3  0.92503  
6165.599999999999  0.92996  
6169.9  0.93399  
6174.2  0.93652  
6178.5  0.93776  
6182.799999999999  0.93856  
6187.1  0.93831  
6191.4  0.93652  
6195.700000000001  0.93412  
6200.0  0.93145  
6204.299999999999  0.92844  
6208.6  0.92565  
6212.9  0.9236  
6217.200000000001  0.92192  
6221.5  0.92028  
6225.8  0.91962  
6230.1  0.92044  
6234.400000000001  0.92192  
6238.7  0.92366  
6243.0  0.92581  
6247.3  0.92812  
6251.599999999999  0.93031  
6255.900000000001  0.9326  
6260.2  0.93497  
6264.5  0.93707  
6268.8  0.93787  
6273.099999999999  0.93763  
6277.4  0.93763  
6281.7  0.93743  
6286.0  0.9361  
6290.299999999999  0.93374  
6294.6  0.93106  
6298.9  0.92872  
6303.200000000001  0.92672  
6307.5  0.92488  
6311.799999999999  0.92313  
6316.1  0.92152  
6320.4  0.92017  
6324.8  0.91952  
6329.099999999999  0.91989  
6333.400000000001  0.92105  
6337.7  0.92266  
6342.0  0.92413  
6346.3  0.92561  
6350.599999999999  0.92781  
6354.9  0.93032  
6359.2  0.93235  
6363.5  0.9338  
6367.9  0.93462  
6372.200000000001  0.93487  
6376.5  0.9348  
6380.8  0.93415  
6385.1  0.93248  
6389.400000000001  0.92982  
6393.7  0.92656  
6398.0  0.92334  
6402.4  0.92003  
6406.7  0.91626  
6411.0  0.91187  
6415.299999999999  0.90738  
6419.6  0.90382  
6423.9  0.90078  
6428.3  0.89781  
6432.6  0.89551  
6436.900000000001  0.8938  
6441.2  0.89256  
6445.5  0.89207  
6449.8  0.89216  
6454.2  0.89297  
6458.5  0.8945  
6462.799999999999  0.896  
6467.1  0.89722  
6471.4  0.89893  
6475.8  0.90137  
6480.1  0.90396  
6484.400000000001  0.90617  
6488.7  0.90827  
6493.099999999999  0.91048  
6497.4  0.91235  
6501.7  0.91361  
6506.0  0.91472  
6510.299999999999  0.91572  
6514.700000000001  0.91598  
6519.0  0.91542  
6523.3  0.91474  
6527.6  0.91356  
6532.0  0.91156  
6536.3  0.90931  
6540.599999999999  0.90624  
6545.0  0.90197  
6549.299999999999  0.89774  
6553.6  0.89382  
6557.9  0.88919  
6562.3  0.88394  
6566.599999999999  0.8789  
6570.900000000001  0.87457  
6575.299999999999  0.87068  
6579.6  0.86719  
6583.9  0.86397  
6588.200000000001  0.86125  
6592.6  0.86005  
6596.900000000001  0.86037  
6601.2  0.86126  
6605.599999999999  0.86293  
6609.9  0.86596  
6614.2  0.86969  
6618.6  0.87367  
6622.9  0.87854  
6627.200000000001  0.88451  
6631.599999999999  0.8906  
6635.900000000001  0.89611  
6640.2  0.90126  
6644.6  0.90616  
6648.9  0.91046  
6653.3  0.9138  
6657.6  0.91632  
6661.900000000001  0.91794  
6666.3  0.91832  
6670.599999999999  0.91806  
6674.9  0.91791  
6679.299999999999  0.91715  
6683.6  0.9149  
6688.0  0.91206  
6692.3  0.91021  
6696.599999999999  0.90936  
6701.0  0.9083  
6705.299999999999  0.907  
6709.700000000001  0.90656  
6714.0  0.90729  
6718.3  0.90862  
6722.7  0.91017  
6727.0  0.91207  
6731.4  0.91449  
6735.700000000001  0.91752  
6740.1  0.92118  
6744.400000000001  0.92464  
6748.7  0.9272  
6753.099999999999  0.9295  
6757.4  0.93215  
6761.799999999999  0.9346  
6766.1  0.93664  
6770.5  0.938  
6774.8  0.93837  
6779.2  0.93814  
6783.5  0.93758  
6787.9  0.93682  
6792.200000000001  0.93551  
6796.599999999999  0.93274  
6800.900000000001  0.92911  
6805.299999999999  0.92587  
6809.6  0.92277  
6814.0  0.91954  
6818.3  0.91586  
6822.7  0.91156  
6827.0  0.90782  
6831.4  0.90493  
6835.700000000001  0.90217  
6840.1  0.89978  
6844.400000000001  0.89819  
6848.8  0.89702  
6853.099999999999  0.89593  
6857.5  0.89595  
6861.799999999999  0.89777  
6866.2  0.90037  
6870.5  0.90291  
6874.9  0.90546  
6879.299999999999  0.90831  
6883.6  0.91167  
6888.0  0.91496  
6892.3  0.91775  
6896.7  0.92042  
6901.0  0.92311  
6905.4  0.92512  
6909.8  0.92607  
6914.099999999999  0.92594  
6918.5  0.92491  
6922.799999999999  0.92293  
6927.200000000001  0.91917  
6931.599999999999  0.91318  
6935.900000000001  0.90571  
6940.299999999999  0.89718  
6944.6  0.88668  
6949.0  0.8733  
6953.400000000001  0.85724  
6957.7  0.83897  
6962.1  0.81803  
6966.4  0.79356  
6970.8  0.76553  
6975.2  0.73431  
6979.5  0.69972  
6983.9  0.66192  
6988.3  0.62118  
6992.6  0.57817  
6997.0  0.5335  
7001.4  0.48784  
7005.700000000001  0.44196  
7010.1  0.39641  
7014.5  0.35234  
7018.8  0.31034  
7023.200000000001  0.2704  
7027.6  0.23312  
7031.900000000001  0.19898  
7036.3  0.16819  
7040.700000000001  0.14081  
7045.0  0.11678  
7049.400000000001  0.09621  
7053.8  0.07884  
7058.099999999999  0.06436  
7062.5  0.05263  
7066.900000000001  0.04311  
7071.3  0.03545  
7075.599999999999  0.02947  
7080.0  0.02476  
7084.400000000001  0.02098  
7088.7  0.01792  
7093.099999999999  0.01543  
7097.5  0.01352  
7101.900000000001  0.01202  
7106.2  0.01067  
7110.599999999999  0.00944  
7115.0  0.0084  
7119.400000000001  0.00764  
7123.7  0.00697  
7128.099999999999  0.00636  
7132.5  0.00592  
7136.900000000001  0.00556  
7141.2  0.00524  
7145.599999999999  0.00491  
7150.0  0.00445  
7154.400000000001  0.00412  
7158.8  0.00409  
7163.099999999999  0.00398  
7167.5  0.00372  
7171.900000000001  0.00357  
7176.3  0.00358  
7180.700000000001  0.00352  
7185.0  0.00335  
7189.400000000001  0.00319  
7193.8  0.0032  
7198.200000000001  0.00328  
7202.6  0.00313  
7206.900000000001  0.00291  
7211.3  0.00293  
7215.700000000001  0.00297  
7220.1  0.00286  
7224.5  0.00282  
7228.9  0.00291  
7233.200000000001  0.00293  
7237.6  0.00284  
7242.0  0.00273  
7246.4  0.0026  
7250.8  0.00258  
7255.2  0.00272  
7259.5  0.00279  
7263.9  0.00275  
7268.3  0.0027  
7272.7  0.00263  
7277.1  0.00256  
7281.5  0.00256  
7285.900000000001  0.00257  
7290.299999999999  0.00249  
7294.700000000001  0.00245  
7299.0  0.00246  
7303.400000000001  0.0024  
7307.799999999999  0.00237  
7312.200000000001  0.00244  
7316.599999999999  0.0025  
7321.0  0.00251  
7325.4  0.00244  
7329.8  0.00233  
7334.2  0.00233  
7338.6  0.00241  
7342.9  0.00237  
7347.3  0.00229  
7351.7  0.0023  
7356.1  0.00227  
7360.5  0.00222  
7364.9  0.0023  
7369.299999999999  0.0023  
7373.7  0.00222  
7378.099999999999  0.00224  
7382.5  0.00232  
7386.900000000001  0.00228  
7391.3  0.00214  
7395.700000000001  0.00214  

