@MEASUREMENT_RADIUS 4.0 cm
#lambda:
#tr:
#end
5000.6  0.00609  
5004.8  0.00587  
5009.0  0.00602  
5013.1  0.00637  
5017.3  0.00657  
5021.5  0.00645  
5025.7  0.00614  
5029.8  0.00588  
5034.0  0.00574  
5038.2  0.00595  
5042.4  0.00627  
5046.6  0.00623  
5050.8  0.00606  
5054.9  0.00612  
5059.1  0.00629  
5063.3  0.00631  
5067.5  0.00622  
5071.7  0.00609  
5075.9  0.00592  
5080.1  0.00593  
5084.2  0.00626  
5088.4  0.00633  
5092.6  0.00608  
5096.8  0.00591  
5101.0  0.00593  
5105.2  0.00607  
5109.4  0.00608  
5113.6  0.00596  
5117.7  0.00594  
5121.900000000001  0.00608  
5126.1  0.00617  
5130.299999999999  0.00611  
5134.5  0.00594  
5138.7  0.00577  
5142.9  0.00584  
5147.1  0.00594  
5151.3  0.0059  
5155.5  0.00589  
5159.700000000001  0.00606  
5163.9  0.00614  
5168.099999999999  0.00592  
5172.3  0.00575  
5176.4  0.00577  
5180.599999999999  0.00589  
5184.8  0.00601  
5189.0  0.00601  
5193.200000000001  0.00595  
5197.4  0.00581  
5201.599999999999  0.00565  
5205.8  0.00583  
5210.0  0.00605  
5214.2  0.0059  
5218.400000000001  0.00574  
5222.6  0.0057  
5226.799999999999  0.0058  
5231.0  0.00598  
5235.2  0.00589  
5239.400000000001  0.00573  
5243.6  0.00584  
5247.799999999999  0.00599  
5252.0  0.00604  
5256.3  0.00606  
5260.5  0.00611  
5264.700000000001  0.00604  
5268.9  0.00604  
5273.099999999999  0.00618  
5277.3  0.00617  
5281.5  0.00613  
5285.700000000001  0.00623  
5289.9  0.00646  
5294.099999999999  0.00669  
5298.3  0.00671  
5302.5  0.00668  
5306.7  0.00668  
5310.900000000001  0.00674  
5315.2  0.00707  
5319.400000000001  0.00739  
5323.6  0.00742  
5327.799999999999  0.00748  
5332.0  0.00773  
5336.2  0.00798  
5340.4  0.00828  
5344.6  0.00875  
5348.9  0.00926  
5353.099999999999  0.0099  
5357.3  0.01095  
5361.5  0.01205  
5365.700000000001  0.01269  
5369.9  0.01334  
5374.099999999999  0.01433  
5378.400000000001  0.01553  
5382.6  0.01677  
5386.799999999999  0.01793  
5391.0  0.01915  
5395.2  0.02103  
5399.5  0.02407  
5403.7  0.02818  
5407.9  0.03353  
5412.1  0.04062  
5416.3  0.04958  
5420.599999999999  0.0605  
5424.8  0.0738  
5429.0  0.08976  
5433.200000000001  0.10883  
5437.4  0.13159  
5441.7  0.15821  
5445.900000000001  0.18921  
5450.1  0.22569  
5454.299999999999  0.2685  
5458.6  0.31786  
5462.799999999999  0.37336  
5467.0  0.43421  
5471.2  0.49888  
5475.5  0.56453  
5479.700000000001  0.62781  
5483.9  0.68533  
5488.099999999999  0.73343  
5492.4  0.76804  
5496.599999999999  0.78619  
5500.8  0.78767  
5505.1  0.77665  
5509.299999999999  0.76028  
5513.5  0.74506  
5517.799999999999  0.73478  
5522.0  0.7303  
5526.2  0.73104  
5530.4  0.73522  
5534.700000000001  0.74129  
5538.9  0.74821  
5543.099999999999  0.75523  
5547.4  0.76228  
5551.599999999999  0.769  
5555.8  0.77543  
5560.1  0.78263  
5564.299999999999  0.79104  
5568.6  0.80056  
5572.799999999999  0.81148  
5577.0  0.82331  
5581.3  0.83543  
5585.5  0.84777  
5589.700000000001  0.85977  
5594.0  0.87042  
5598.200000000001  0.88  
5602.5  0.88866  
5606.7  0.8959  
5610.900000000001  0.90172  
5615.2  0.90565  
5619.400000000001  0.90748  
5623.7  0.90794  
5627.9  0.90772  
5632.1  0.90701  
5636.4  0.90583  
5640.599999999999  0.90468  
5644.9  0.90354  
5649.099999999999  0.90213  
5653.400000000001  0.90175  
5657.6  0.90274  
5661.799999999999  0.90412  
5666.1  0.90574  
5670.299999999999  0.90827  
5674.6  0.91156  
5678.8  0.91489  
5683.099999999999  0.91856  
5687.3  0.92216  
5691.599999999999  0.92495  
5695.8  0.92749  
5700.1  0.92999  
5704.299999999999  0.93175  
5708.6  0.93272  
5712.799999999999  0.93354  
5717.1  0.93427  
5721.3  0.93439  
5725.599999999999  0.93377  
5729.8  0.93304  
5734.099999999999  0.93272  
5738.3  0.9323  
5742.6  0.93089  
5746.799999999999  0.92915  
5751.1  0.92801  
5755.299999999999  0.92657  
5759.6  0.92427  
5763.9  0.92201  
5768.099999999999  0.91998  
5772.4  0.91743  
5776.599999999999  0.91375  
5780.900000000001  0.90894  
5785.1  0.90354  
5789.400000000001  0.89824  
5793.6  0.89321  
5797.9  0.88776  
5802.200000000001  0.88162  
5806.4  0.87603  
5810.700000000001  0.8722  
5814.9  0.87002  
5819.2  0.86892  
5823.5  0.86916  
5827.7  0.87099  
5832.0  0.87416  
5836.2  0.87864  
5840.5  0.8843  
5844.8  0.8907  
5849.0  0.89751  
5853.3  0.90512  
5857.6  0.91261  
5861.799999999999  0.91883  
5866.1  0.92444  
5870.4  0.92938  
5874.6  0.93273  
5878.9  0.93478  
5883.200000000001  0.93593  
5887.4  0.93541  
5891.7  0.93355  
5896.0  0.93094  
5900.2  0.92673  
5904.5  0.92067  
5908.8  0.91403  
5913.0  0.9066  
5917.3  0.89684  
5921.599999999999  0.88514  
5925.8  0.87371  
5930.1  0.86289  
5934.400000000001  0.85175  
5938.7  0.8411  
5942.9  0.83143  
5947.200000000001  0.82208  
5951.5  0.81457  
5955.700000000001  0.81019  
5960.0  0.80784  
5964.299999999999  0.80732  
5968.6  0.80944  
5972.799999999999  0.81416  
5977.1  0.82116  
5981.4  0.82988  
5985.700000000001  0.83957  
5990.0  0.84967  
5994.2  0.85986  
5998.5  0.87011  
6002.799999999999  0.8803  
6007.1  0.88952  
6011.3  0.8977  
6015.599999999999  0.90471  
6019.9  0.90977  
6024.2  0.91366  
6028.5  0.91735  
6032.7  0.92048  
6037.0  0.92243  
6041.3  0.92339  
6045.599999999999  0.92448  
6049.9  0.92629  
6054.099999999999  0.9278  
6058.400000000001  0.92851  
6062.7  0.92876  
6067.0  0.9285  
6071.3  0.92768  
6075.599999999999  0.92622  
6079.9  0.92369  
6084.099999999999  0.91988  
6088.400000000001  0.91545  
6092.7  0.91111  
6097.0  0.90637  
6101.3  0.90108  
6105.599999999999  0.89621  
6109.9  0.89247  
6114.099999999999  0.88914  
6118.400000000001  0.8866  
6122.7  0.88622  
6127.0  0.8875  
6131.3  0.88982  
6135.599999999999  0.89351  
6139.9  0.89819  
6144.2  0.90347  
6148.5  0.90925  
6152.799999999999  0.91511  
6157.1  0.92054  
6161.3  0.9251  
6165.599999999999  0.92907  
6169.9  0.93265  
6174.2  0.93442  
6178.5  0.93404  
6182.799999999999  0.93277  
6187.1  0.93099  
6191.4  0.92848  
6195.700000000001  0.92545  
6200.0  0.92267  
6204.299999999999  0.92045  
6208.6  0.91862  
6212.9  0.91709  
6217.200000000001  0.91557  
6221.5  0.91449  
6225.8  0.91548  
6230.1  0.91844  
6234.400000000001  0.92117  
6238.7  0.92309  
6243.0  0.92512  
6247.3  0.92736  
6251.599999999999  0.92973  
6255.900000000001  0.93203  
6260.2  0.93387  
6264.5  0.93516  
6268.8  0.93537  
6273.099999999999  0.93403  
6277.4  0.93222  
6281.7  0.93091  
6286.0  0.9292  
6290.299999999999  0.92674  
6294.6  0.92417  
6298.9  0.9214  
6303.200000000001  0.91859  
6307.5  0.91676  
6311.799999999999  0.91576  
6316.1  0.91479  
6320.4  0.91406  
6324.8  0.91438  
6329.099999999999  0.91609  
6333.400000000001  0.91794  
6337.7  0.91932  
6342.0  0.92091  
6346.3  0.92313  
6350.599999999999  0.92597  
6354.9  0.92819  
6359.2  0.92916  
6363.5  0.93009  
6367.9  0.93114  
6372.200000000001  0.93117  
6376.5  0.92978  
6380.8  0.92753  
6385.1  0.92523  
6389.400000000001  0.92267  
6393.7  0.91898  
6398.0  0.91478  
6402.4  0.91073  
6406.7  0.90659  
6411.0  0.9026  
6415.299999999999  0.89881  
6419.6  0.89505  
6423.9  0.89187  
6428.3  0.88943  
6432.6  0.88754  
6436.900000000001  0.88678  
6441.2  0.88667  
6445.5  0.88635  
6449.8  0.88676  
6454.2  0.88831  
6458.5  0.89019  
6462.799999999999  0.89241  
6467.1  0.89478  
6471.4  0.89692  
6475.8  0.89942  
6480.1  0.90237  
6484.400000000001  0.90474  
6488.7  0.90677  
6493.099999999999  0.90888  
6497.4  0.91037  
6501.7  0.91133  
6506.0  0.91207  
6510.299999999999  0.912  
6514.700000000001  0.91138  
6519.0  0.91061  
6523.3  0.90914  
6527.6  0.90707  
6532.0  0.90433  
6536.3  0.90079  
6540.599999999999  0.89677  
6545.0  0.89228  
6549.299999999999  0.88767  
6553.6  0.8829  
6557.9  0.87757  
6562.3  0.87193  
6566.599999999999  0.86696  
6570.900000000001  0.86308  
6575.299999999999  0.85924  
6579.6  0.85567  
6583.9  0.85339  
6588.200000000001  0.8521  
6592.6  0.85193  
6596.900000000001  0.85317  
6601.2  0.85502  
6605.599999999999  0.85782  
6609.9  0.8625  
6614.2  0.86798  
6618.6  0.87334  
6622.9  0.87894  
6627.200000000001  0.88488  
6631.599999999999  0.89109  
6635.900000000001  0.89699  
6640.2  0.90188  
6644.6  0.90609  
6648.9  0.90981  
6653.3  0.91233  
6657.6  0.91354  
6661.900000000001  0.91381  
6666.3  0.91329  
6670.599999999999  0.91229  
6674.9  0.91111  
6679.299999999999  0.90936  
6683.6  0.90653  
6688.0  0.90364  
6692.3  0.90197  
6696.599999999999  0.90114  
6701.0  0.90009  
6705.299999999999  0.89945  
6709.700000000001  0.89998  
6714.0  0.90118  
6718.3  0.90293  
6722.7  0.90569  
6727.0  0.90888  
6731.4  0.91185  
6735.700000000001  0.91479  
6740.1  0.91819  
6744.400000000001  0.92215  
6748.7  0.92557  
6753.099999999999  0.92787  
6757.4  0.93019  
6761.799999999999  0.93259  
6766.1  0.93406  
6770.5  0.93443  
6774.8  0.93416  
6779.2  0.9335  
6783.5  0.93233  
6787.9  0.93075  
6792.200000000001  0.9286  
6796.599999999999  0.92551  
6800.900000000001  0.92207  
6805.299999999999  0.9184  
6809.6  0.91416  
6814.0  0.91  
6818.3  0.90592  
6822.7  0.9017  
6827.0  0.89811  
6831.4  0.8953  
6835.700000000001  0.89284  
6840.1  0.89065  
6844.400000000001  0.88938  
6848.8  0.88957  
6853.099999999999  0.89034  
6857.5  0.89134  
6861.799999999999  0.89326  
6866.2  0.89593  
6870.5  0.89938  
6874.9  0.90325  
6879.299999999999  0.90668  
6883.6  0.91009  
6888.0  0.91346  
6892.3  0.91624  
6896.7  0.91854  
6901.0  0.92036  
6905.4  0.92131  
6909.8  0.92095  
6914.099999999999  0.9193  
6918.5  0.91661  
6922.799999999999  0.91274  
6927.200000000001  0.90751  
6931.599999999999  0.90046  
6935.900000000001  0.89129  
6940.299999999999  0.88018  
6944.6  0.86713  
6949.0  0.85171  
6953.400000000001  0.83337  
6957.7  0.81168  
6962.1  0.78616  
6966.4  0.75641  
6970.8  0.72308  
6975.2  0.68704  
6979.5  0.64788  
6983.9  0.60569  
6988.3  0.56127  
6992.6  0.51569  
6997.0  0.4695  
7001.4  0.42318  
7005.700000000001  0.37782  
7010.1  0.33434  
7014.5  0.29334  
7018.8  0.25486  
7023.200000000001  0.21877  
7027.6  0.18575  
7031.900000000001  0.15647  
7036.3  0.13065  
7040.700000000001  0.10777  
7045.0  0.08803  
7049.400000000001  0.07184  
7053.8  0.05887  
7058.099999999999  0.04827  
7062.5  0.03959  
7066.900000000001  0.03262  
7071.3  0.02716  
7075.599999999999  0.02282  
7080.0  0.01931  
7084.400000000001  0.01663  
7088.7  0.0146  
7093.099999999999  0.01284  
7097.5  0.01128  
7101.900000000001  0.01  
7106.2  0.00895  
7110.599999999999  0.00814  
7115.0  0.00741  
7119.400000000001  0.00671  
7123.7  0.00619  
7128.099999999999  0.00576  
7132.5  0.00529  
7136.900000000001  0.00495  
7141.2  0.00471  
7145.599999999999  0.00436  
7150.0  0.00405  
7154.400000000001  0.0039  
7158.8  0.00384  
7163.099999999999  0.00375  
7167.5  0.00356  
7171.900000000001  0.00344  
7176.3  0.00346  
7180.700000000001  0.00342  
7185.0  0.00332  
7189.400000000001  0.00317  
7193.8  0.00309  
7198.200000000001  0.00317  
7202.6  0.00319  
7206.900000000001  0.00307  
7211.3  0.00299  
7215.700000000001  0.00297  
7220.1  0.00289  
7224.5  0.0028  
7228.9  0.00282  
7233.200000000001  0.00284  
7237.6  0.00277  
7242.0  0.00262  
7246.4  0.00256  
7250.8  0.00266  
7255.2  0.0027  
7259.5  0.00268  
7263.9  0.00265  
7268.3  0.00251  
7272.7  0.00238  
7277.1  0.00234  
7281.5  0.00233  
7285.900000000001  0.0023  
7290.299999999999  0.00233  
7294.700000000001  0.00248  
7299.0  0.00253  
7303.400000000001  0.0024  
7307.799999999999  0.00232  
7312.200000000001  0.00238  
7316.599999999999  0.00238  
7321.0  0.00229  
7325.4  0.00223  
7329.8  0.00235  
7334.2  0.00244  
7338.6  0.00238  
7342.9  0.00231  
7347.3  0.00229  
7351.7  0.00227  
7356.1  0.00227  
7360.5  0.00228  
7364.9  0.00228  
7369.299999999999  0.00232  
7373.7  0.0023  
7378.099999999999  0.00219  
7382.5  0.0022  
7386.900000000001  0.00226  
7391.3  0.00227  
7395.700000000001  0.0023  

