@MEASUREMENT_RADIUS 5.0 cm
#lambda:
#tr:
#end
5000.6  0.00587  
5004.8  0.00604  
5009.0  0.00612  
5013.1  0.0061  
5017.3  0.00609  
5021.5  0.00618  
5025.7  0.00633  
5029.8  0.00649  
5034.0  0.0065  
5038.2  0.00625  
5042.4  0.006  
5046.6  0.00601  
5050.8  0.00613  
5054.9  0.00628  
5059.1  0.00638  
5063.3  0.00617  
5067.5  0.00588  
5071.7  0.00586  
5075.9  0.00588  
5080.1  0.00585  
5084.2  0.00609  
5088.4  0.00639  
5092.6  0.00633  
5096.8  0.00595  
5101.0  0.00561  
5105.2  0.00573  
5109.4  0.00605  
5113.6  0.00614  
5117.7  0.00602  
5121.900000000001  0.0058  
5126.1  0.00552  
5130.299999999999  0.0056  
5134.5  0.00602  
5138.7  0.006  
5142.9  0.00567  
5147.1  0.00573  
5151.3  0.00602  
5155.5  0.00601  
5159.700000000001  0.00591  
5163.9  0.00598  
5168.099999999999  0.00597  
5172.3  0.00586  
5176.4  0.00589  
5180.599999999999  0.00598  
5184.8  0.00596  
5189.0  0.00592  
5193.200000000001  0.00592  
5197.4  0.00592  
5201.599999999999  0.0059  
5205.8  0.00595  
5210.0  0.00595  
5214.2  0.00597  
5218.400000000001  0.00615  
5222.6  0.00622  
5226.799999999999  0.00616  
5231.0  0.00602  
5235.2  0.00586  
5239.400000000001  0.00591  
5243.6  0.00603  
5247.799999999999  0.00603  
5252.0  0.00594  
5256.3  0.00581  
5260.5  0.0059  
5264.700000000001  0.0063  
5268.9  0.00659  
5273.099999999999  0.00642  
5277.3  0.00609  
5281.5  0.00628  
5285.700000000001  0.00664  
5289.9  0.00655  
5294.099999999999  0.00646  
5298.3  0.00673  
5302.5  0.00689  
5306.7  0.00683  
5310.900000000001  0.00679  
5315.2  0.00704  
5319.400000000001  0.00739  
5323.6  0.00749  
5327.799999999999  0.00749  
5332.0  0.00779  
5336.2  0.00839  
5340.4  0.00896  
5344.6  0.00934  
5348.9  0.00972  
5353.099999999999  0.01039  
5357.3  0.01139  
5361.5  0.01252  
5365.700000000001  0.0135  
5369.9  0.01443  
5374.099999999999  0.01552  
5378.400000000001  0.01675  
5382.6  0.01808  
5386.799999999999  0.01958  
5391.0  0.02148  
5395.2  0.02419  
5399.5  0.02824  
5403.7  0.03383  
5407.9  0.04082  
5412.1  0.04948  
5416.3  0.06039  
5420.599999999999  0.07358  
5424.8  0.08919  
5429.0  0.1081  
5433.200000000001  0.13108  
5437.4  0.1586  
5441.7  0.19115  
5445.900000000001  0.22898  
5450.1  0.27284  
5454.299999999999  0.32355  
5458.6  0.38054  
5462.799999999999  0.44234  
5467.0  0.50665  
5471.2  0.57092  
5475.5  0.63286  
5479.700000000001  0.68868  
5483.9  0.7338  
5488.099999999999  0.76381  
5492.4  0.77629  
5496.599999999999  0.77346  
5500.8  0.76081  
5505.1  0.74547  
5509.299999999999  0.73278  
5513.5  0.72532  
5517.799999999999  0.72331  
5522.0  0.72542  
5526.2  0.73052  
5530.4  0.73698  
5534.700000000001  0.74365  
5538.9  0.75053  
5543.099999999999  0.75735  
5547.4  0.76394  
5551.599999999999  0.77075  
5555.8  0.77852  
5560.1  0.78781  
5564.299999999999  0.79879  
5568.6  0.81117  
5572.799999999999  0.82398  
5577.0  0.83692  
5581.3  0.85002  
5585.5  0.86199  
5589.700000000001  0.87185  
5594.0  0.88027  
5598.200000000001  0.88817  
5602.5  0.8947  
5606.7  0.89903  
5610.900000000001  0.90162  
5615.2  0.90294  
5619.400000000001  0.90287  
5623.7  0.90227  
5627.9  0.90152  
5632.1  0.89961  
5636.4  0.89738  
5640.599999999999  0.89633  
5644.9  0.89595  
5649.099999999999  0.89579  
5653.400000000001  0.89641  
5657.6  0.89765  
5661.799999999999  0.89985  
5666.1  0.90289  
5670.299999999999  0.90572  
5674.6  0.90849  
5678.8  0.91156  
5683.099999999999  0.91475  
5687.3  0.91787  
5691.599999999999  0.92057  
5695.8  0.92307  
5700.1  0.92522  
5704.299999999999  0.92652  
5708.6  0.9274  
5712.799999999999  0.92815  
5717.1  0.92828  
5721.3  0.92761  
5725.599999999999  0.92697  
5729.8  0.92655  
5734.099999999999  0.92588  
5738.3  0.92492  
5742.6  0.92351  
5746.799999999999  0.92165  
5751.1  0.91979  
5755.299999999999  0.91778  
5759.6  0.91507  
5763.9  0.91231  
5768.099999999999  0.90947  
5772.4  0.90551  
5776.599999999999  0.90048  
5780.900000000001  0.89502  
5785.1  0.88926  
5789.400000000001  0.88379  
5793.6  0.87868  
5797.9  0.87307  
5802.200000000001  0.86768  
5806.4  0.86401  
5810.700000000001  0.86172  
5814.9  0.86092  
5819.2  0.86209  
5823.5  0.86476  
5827.7  0.86912  
5832.0  0.87468  
5836.2  0.88045  
5840.5  0.88683  
5844.8  0.89421  
5849.0  0.90187  
5853.3  0.90889  
5857.6  0.91511  
5861.799999999999  0.92055  
5866.1  0.92509  
5870.4  0.92811  
5874.6  0.92938  
5878.9  0.92963  
5883.200000000001  0.92894  
5887.4  0.92655  
5891.7  0.92279  
5896.0  0.91811  
5900.2  0.91169  
5904.5  0.90359  
5908.8  0.8949  
5913.0  0.88558  
5917.3  0.8749  
5921.599999999999  0.86307  
5925.8  0.85166  
5930.1  0.84106  
5934.400000000001  0.83098  
5938.7  0.82188  
5942.9  0.81407  
5947.200000000001  0.80779  
5951.5  0.80389  
5955.700000000001  0.80293  
5960.0  0.80424  
5964.299999999999  0.80734  
5968.6  0.81264  
5972.799999999999  0.82014  
5977.1  0.82924  
5981.4  0.83879  
5985.700000000001  0.84845  
5990.0  0.85893  
5994.2  0.86937  
5998.5  0.87871  
6002.799999999999  0.88758  
6007.1  0.89551  
6011.3  0.90133  
6015.599999999999  0.90577  
6019.9  0.90968  
6024.2  0.91283  
6028.5  0.91524  
6032.7  0.9173  
6037.0  0.91908  
6041.3  0.92038  
6045.599999999999  0.92127  
6049.9  0.92197  
6054.099999999999  0.92259  
6058.400000000001  0.92312  
6062.7  0.92276  
6067.0  0.92115  
6071.3  0.91878  
6075.599999999999  0.91569  
6079.9  0.91158  
6084.099999999999  0.90709  
6088.400000000001  0.90254  
6092.7  0.89735  
6097.0  0.89166  
6101.3  0.88678  
6105.599999999999  0.88374  
6109.9  0.88223  
6114.099999999999  0.88121  
6118.400000000001  0.88073  
6122.7  0.88209  
6127.0  0.88574  
6131.3  0.89055  
6135.599999999999  0.89536  
6139.9  0.90051  
6144.2  0.90662  
6148.5  0.91264  
6152.799999999999  0.91743  
6157.1  0.92125  
6161.3  0.92418  
6165.599999999999  0.92616  
6169.9  0.92753  
6174.2  0.92752  
6178.5  0.92588  
6182.799999999999  0.92354  
6187.1  0.92096  
6191.4  0.9183  
6195.700000000001  0.91601  
6200.0  0.91413  
6204.299999999999  0.91218  
6208.6  0.91083  
6212.9  0.91116  
6217.200000000001  0.91216  
6221.5  0.91262  
6225.8  0.91371  
6230.1  0.91629  
6234.400000000001  0.91952  
6238.7  0.92241  
6243.0  0.9249  
6247.3  0.92688  
6251.599999999999  0.92805  
6255.900000000001  0.9287  
6260.2  0.9291  
6264.5  0.92903  
6268.8  0.92791  
6273.099999999999  0.92583  
6277.4  0.92373  
6281.7  0.92142  
6286.0  0.91855  
6290.299999999999  0.91607  
6294.6  0.91416  
6298.9  0.9125  
6303.200000000001  0.91086  
6307.5  0.90944  
6311.799999999999  0.90913  
6316.1  0.90973  
6320.4  0.91024  
6324.8  0.91114  
6329.099999999999  0.91322  
6333.400000000001  0.91567  
6337.7  0.91787  
6342.0  0.91962  
6346.3  0.92105  
6350.599999999999  0.92249  
6354.9  0.92385  
6359.2  0.92472  
6363.5  0.92484  
6367.9  0.92392  
6372.200000000001  0.92228  
6376.5  0.92043  
6380.8  0.91767  
6385.1  0.91398  
6389.400000000001  0.91022  
6393.7  0.90647  
6398.0  0.90245  
6402.4  0.8982  
6406.7  0.89431  
6411.0  0.89093  
6415.299999999999  0.88779  
6419.6  0.88496  
6423.9  0.88272  
6428.3  0.8813  
6432.6  0.88068  
6436.900000000001  0.8809  
6441.2  0.88155  
6445.5  0.88262  
6449.8  0.8844  
6454.2  0.88633  
6458.5  0.88822  
6462.799999999999  0.89067  
6467.1  0.89357  
6471.4  0.89616  
6475.8  0.89827  
6480.1  0.90048  
6484.400000000001  0.90288  
6488.7  0.9046  
6493.099999999999  0.90531  
6497.4  0.90553  
6501.7  0.90562  
6506.0  0.90576  
6510.299999999999  0.90539  
6514.700000000001  0.90379  
6519.0  0.90137  
6523.3  0.89863  
6527.6  0.89556  
6532.0  0.89197  
6536.3  0.88777  
6540.599999999999  0.88321  
6545.0  0.87845  
6549.299999999999  0.87323  
6553.6  0.86797  
6557.9  0.86313  
6562.3  0.85829  
6566.599999999999  0.85376  
6570.900000000001  0.85073  
6575.299999999999  0.84878  
6579.6  0.84711  
6583.9  0.84638  
6588.200000000001  0.84702  
6592.6  0.84886  
6596.900000000001  0.85169  
6601.2  0.85521  
6605.599999999999  0.85951  
6609.9  0.86506  
6614.2  0.8711  
6618.6  0.87684  
6622.9  0.88249  
6627.200000000001  0.88817  
6631.599999999999  0.8937  
6635.900000000001  0.89856  
6640.2  0.90217  
6644.6  0.90471  
6648.9  0.90672  
6653.3  0.90771  
6657.6  0.90726  
6661.900000000001  0.90616  
6666.3  0.90484  
6670.599999999999  0.90271  
6674.9  0.90021  
6679.299999999999  0.89806  
6683.6  0.89603  
6688.0  0.89421  
6692.3  0.89293  
6696.599999999999  0.89259  
6701.0  0.89321  
6705.299999999999  0.89423  
6709.700000000001  0.89568  
6714.0  0.89826  
6718.3  0.90148  
6722.7  0.9044  
6727.0  0.90754  
6731.4  0.91146  
6735.700000000001  0.91513  
6740.1  0.91795  
6744.400000000001  0.92073  
6748.7  0.9235  
6753.099999999999  0.92561  
6757.4  0.9273  
6761.799999999999  0.92842  
6766.1  0.92848  
6770.5  0.92769  
6774.8  0.92653  
6779.2  0.92528  
6783.5  0.92324  
6787.9  0.92007  
6792.200000000001  0.91667  
6796.599999999999  0.91313  
6800.900000000001  0.90903  
6805.299999999999  0.90468  
6809.6  0.90053  
6814.0  0.89683  
6818.3  0.89334  
6822.7  0.89002  
6827.0  0.8872  
6831.4  0.8852  
6835.700000000001  0.88412  
6840.1  0.88365  
6844.400000000001  0.88382  
6848.8  0.88476  
6853.099999999999  0.88636  
6857.5  0.88867  
6861.799999999999  0.89178  
6866.2  0.89542  
6870.5  0.89939  
6874.9  0.90307  
6879.299999999999  0.90603  
6883.6  0.90864  
6888.0  0.91084  
6892.3  0.91207  
6896.7  0.91227  
6901.0  0.91183  
6905.4  0.91027  
6909.8  0.90731  
6914.099999999999  0.9034  
6918.5  0.89806  
6922.799999999999  0.89083  
6927.200000000001  0.88188  
6931.599999999999  0.87085  
6935.900000000001  0.85753  
6940.299999999999  0.84155  
6944.6  0.82262  
6949.0  0.80102  
6953.400000000001  0.77648  
6957.7  0.74816  
6962.1  0.71599  
6966.4  0.68049  
6970.8  0.64206  
6975.2  0.60085  
6979.5  0.55733  
6983.9  0.51274  
6988.3  0.46808  
6992.6  0.42353  
6997.0  0.3794  
7001.4  0.33691  
7005.700000000001  0.29668  
7010.1  0.25882  
7014.5  0.2234  
7018.8  0.19068  
7023.200000000001  0.16119  
7027.6  0.13507  
7031.900000000001  0.112  
7036.3  0.09192  
7040.700000000001  0.07516  
7045.0  0.06149  
7049.400000000001  0.05008  
7053.8  0.04073  
7058.099999999999  0.03358  
7062.5  0.02814  
7066.900000000001  0.02367  
7071.3  0.01997  
7075.599999999999  0.01713  
7080.0  0.01489  
7084.400000000001  0.01301  
7088.7  0.01152  
7093.099999999999  0.01033  
7097.5  0.00923  
7101.900000000001  0.00816  
7106.2  0.00736  
7110.599999999999  0.0068  
7115.0  0.00622  
7119.400000000001  0.00567  
7123.7  0.00531  
7128.099999999999  0.00505  
7132.5  0.0047  
7136.900000000001  0.00426  
7141.2  0.00403  
7145.599999999999  0.00406  
7150.0  0.00395  
7154.400000000001  0.00367  
7158.8  0.00344  
7163.099999999999  0.00332  
7167.5  0.00326  
7171.900000000001  0.00321  
7176.3  0.00315  
7180.700000000001  0.00307  
7185.0  0.00307  
7189.400000000001  0.00307  
7193.8  0.00304  
7198.200000000001  0.00301  
7202.6  0.00291  
7206.900000000001  0.00274  
7211.3  0.00262  
7215.700000000001  0.0027  
7220.1  0.00283  
7224.5  0.00274  
7228.9  0.00259  
7233.200000000001  0.00259  
7237.6  0.00266  
7242.0  0.00269  
7246.4  0.00263  
7250.8  0.00253  
7255.2  0.00243  
7259.5  0.00242  
7263.9  0.00245  
7268.3  0.00249  
7272.7  0.00249  
7277.1  0.00246  
7281.5  0.0024  
7285.900000000001  0.00236  
7290.299999999999  0.00244  
7294.700000000001  0.00249  
7299.0  0.00233  
7303.400000000001  0.00227  
7307.799999999999  0.00251  
7312.200000000001  0.00262  
7316.599999999999  0.00239  
7321.0  0.00228  
7325.4  0.00238  
7329.8  0.00234  
7334.2  0.00228  
7338.6  0.00235  
7342.9  0.00237  
7347.3  0.00232  
7351.7  0.00225  
7356.1  0.00222  
7360.5  0.00225  
7364.9  0.00226  
7369.299999999999  0.00223  
7373.7  0.00228  
7378.099999999999  0.00226  
7382.5  0.00211  
7386.900000000001  0.00202  
7391.3  0.00198  
7395.700000000001  0.00204  

