@MEASUREMENT_RADIUS 6.0 cm
#lambda:
#tr:
#end
5000.6  0.00579  
5004.8  0.00627  
5009.0  0.00645  
5013.1  0.0063  
5017.3  0.00609  
5021.5  0.00598  
5025.7  0.00596  
5029.8  0.00603  
5034.0  0.00608  
5038.2  0.00594  
5042.4  0.00605  
5046.6  0.00628  
5050.8  0.00608  
5054.9  0.00592  
5059.1  0.00592  
5063.3  0.00588  
5067.5  0.00594  
5071.7  0.00603  
5075.9  0.00608  
5080.1  0.006  
5084.2  0.00585  
5088.4  0.00589  
5092.6  0.00599  
5096.8  0.00598  
5101.0  0.00596  
5105.2  0.00596  
5109.4  0.00594  
5113.6  0.00603  
5117.7  0.00591  
5121.900000000001  0.00552  
5126.1  0.00539  
5130.299999999999  0.00569  
5134.5  0.00599  
5138.7  0.00579  
5142.9  0.00553  
5147.1  0.00568  
5151.3  0.00591  
5155.5  0.00592  
5159.700000000001  0.0059  
5163.9  0.00585  
5168.099999999999  0.00582  
5172.3  0.00588  
5176.4  0.00597  
5180.599999999999  0.00596  
5184.8  0.00589  
5189.0  0.00593  
5193.200000000001  0.00589  
5197.4  0.00571  
5201.599999999999  0.00577  
5205.8  0.00604  
5210.0  0.00609  
5214.2  0.00592  
5218.400000000001  0.00568  
5222.6  0.00565  
5226.799999999999  0.00601  
5231.0  0.00624  
5235.2  0.006  
5239.400000000001  0.00571  
5243.6  0.00576  
5247.799999999999  0.00599  
5252.0  0.00611  
5256.3  0.00604  
5260.5  0.00604  
5264.700000000001  0.00616  
5268.9  0.00618  
5273.099999999999  0.00618  
5277.3  0.00637  
5281.5  0.00646  
5285.700000000001  0.00649  
5289.9  0.00678  
5294.099999999999  0.00699  
5298.3  0.00683  
5302.5  0.00674  
5306.7  0.00711  
5310.900000000001  0.00753  
5315.2  0.00746  
5319.400000000001  0.0073  
5323.6  0.0076  
5327.799999999999  0.00816  
5332.0  0.00869  
5336.2  0.00908  
5340.4  0.00953  
5344.6  0.01029  
5348.9  0.01123  
5353.099999999999  0.01214  
5357.3  0.01299  
5361.5  0.01398  
5365.700000000001  0.01513  
5369.9  0.01627  
5374.099999999999  0.01747  
5378.400000000001  0.0191  
5382.6  0.02135  
5386.799999999999  0.02417  
5391.0  0.0279  
5395.2  0.03291  
5399.5  0.0393  
5403.7  0.04743  
5407.9  0.0576  
5412.1  0.06983  
5416.3  0.08464  
5420.599999999999  0.10275  
5424.8  0.12475  
5429.0  0.15143  
5433.200000000001  0.18323  
5437.4  0.22032  
5441.7  0.26307  
5445.900000000001  0.31169  
5450.1  0.36598  
5454.299999999999  0.42524  
5458.6  0.48781  
5462.799999999999  0.55129  
5467.0  0.61289  
5471.2  0.66897  
5475.5  0.715  
5479.700000000001  0.74703  
5483.9  0.76316  
5488.099999999999  0.7645  
5492.4  0.75505  
5496.599999999999  0.74126  
5500.8  0.72919  
5505.1  0.72206  
5509.299999999999  0.7201  
5513.5  0.72162  
5517.799999999999  0.72543  
5522.0  0.73132  
5526.2  0.73855  
5530.4  0.7451  
5534.700000000001  0.75083  
5538.9  0.75728  
5543.099999999999  0.76468  
5547.4  0.77288  
5551.599999999999  0.78236  
5555.8  0.79308  
5560.1  0.80471  
5564.299999999999  0.81735  
5568.6  0.83044  
5572.799999999999  0.84312  
5577.0  0.85507  
5581.3  0.86608  
5585.5  0.8756  
5589.700000000001  0.88305  
5594.0  0.88815  
5598.200000000001  0.89167  
5602.5  0.89442  
5606.7  0.89658  
5610.900000000001  0.89756  
5615.2  0.897  
5619.400000000001  0.89562  
5623.7  0.89403  
5627.9  0.89242  
5632.1  0.8912  
5636.4  0.89056  
5640.599999999999  0.89057  
5644.9  0.89141  
5649.099999999999  0.89287  
5653.400000000001  0.89451  
5657.6  0.89638  
5661.799999999999  0.89927  
5666.1  0.90272  
5670.299999999999  0.90579  
5674.6  0.90863  
5678.8  0.91114  
5683.099999999999  0.91347  
5687.3  0.91621  
5691.599999999999  0.91892  
5695.8  0.92046  
5700.1  0.92049  
5704.299999999999  0.92038  
5708.6  0.92131  
5712.799999999999  0.92204  
5717.1  0.92137  
5721.3  0.92012  
5725.599999999999  0.919  
5729.8  0.91788  
5734.099999999999  0.91677  
5738.3  0.9154  
5742.6  0.9136  
5746.799999999999  0.91145  
5751.1  0.90899  
5755.299999999999  0.90604  
5759.6  0.90252  
5763.9  0.89902  
5768.099999999999  0.89506  
5772.4  0.88981  
5776.599999999999  0.88406  
5780.900000000001  0.87843  
5785.1  0.8727  
5789.400000000001  0.86734  
5793.6  0.86357  
5797.9  0.86083  
5802.200000000001  0.85794  
5806.4  0.85618  
5810.700000000001  0.85674  
5814.9  0.85917  
5819.2  0.86322  
5823.5  0.86891  
5827.7  0.87527  
5832.0  0.88122  
5836.2  0.88773  
5840.5  0.89537  
5844.8  0.90254  
5849.0  0.90852  
5853.3  0.91382  
5857.6  0.91804  
5861.799999999999  0.92071  
5866.1  0.9225  
5870.4  0.92333  
5874.6  0.92229  
5878.9  0.91945  
5883.200000000001  0.91606  
5887.4  0.91182  
5891.7  0.90558  
5896.0  0.89757  
5900.2  0.88898  
5904.5  0.88012  
5908.8  0.87042  
5913.0  0.85992  
5917.3  0.84883  
5921.599999999999  0.83756  
5925.8  0.82732  
5930.1  0.81858  
5934.400000000001  0.8113  
5938.7  0.80587  
5942.9  0.80236  
5947.200000000001  0.80092  
5951.5  0.80194  
5955.700000000001  0.80524  
5960.0  0.81049  
5964.299999999999  0.81743  
5968.6  0.82542  
5972.799999999999  0.83437  
5977.1  0.8443  
5981.4  0.85469  
5985.700000000001  0.86464  
5990.0  0.87362  
5994.2  0.88167  
5998.5  0.88866  
6002.799999999999  0.89456  
6007.1  0.89978  
6011.3  0.90439  
6015.599999999999  0.90779  
6019.9  0.90997  
6024.2  0.91156  
6028.5  0.91284  
6032.7  0.91413  
6037.0  0.91546  
6041.3  0.91639  
6045.599999999999  0.91717  
6049.9  0.91753  
6054.099999999999  0.91669  
6058.400000000001  0.91531  
6062.7  0.91353  
6067.0  0.91029  
6071.3  0.90603  
6075.599999999999  0.90153  
6079.9  0.89662  
6084.099999999999  0.8916  
6088.400000000001  0.88682  
6092.7  0.88225  
6097.0  0.87861  
6101.3  0.87672  
6105.599999999999  0.87626  
6109.9  0.87678  
6114.099999999999  0.87829  
6118.400000000001  0.88107  
6122.7  0.88535  
6127.0  0.89072  
6131.3  0.89628  
6135.599999999999  0.90168  
6139.9  0.90682  
6144.2  0.91139  
6148.5  0.91514  
6152.799999999999  0.91827  
6157.1  0.92057  
6161.3  0.92125  
6165.599999999999  0.92055  
6169.9  0.91921  
6174.2  0.91737  
6178.5  0.91507  
6182.799999999999  0.91232  
6187.1  0.90975  
6191.4  0.90766  
6195.700000000001  0.90601  
6200.0  0.90524  
6204.299999999999  0.90524  
6208.6  0.90619  
6212.9  0.90828  
6217.200000000001  0.91038  
6221.5  0.91199  
6225.8  0.91398  
6230.1  0.91702  
6234.400000000001  0.92026  
6238.7  0.92213  
6243.0  0.92276  
6247.3  0.92307  
6251.599999999999  0.92305  
6255.900000000001  0.92249  
6260.2  0.92168  
6264.5  0.92066  
6268.8  0.91876  
6273.099999999999  0.91576  
6277.4  0.91273  
6281.7  0.91046  
6286.0  0.9086  
6290.299999999999  0.90711  
6294.6  0.90581  
6298.9  0.90459  
6303.200000000001  0.90396  
6307.5  0.90434  
6311.799999999999  0.90554  
6316.1  0.907  
6320.4  0.9082  
6324.8  0.90923  
6329.099999999999  0.91114  
6333.400000000001  0.91366  
6337.7  0.91573  
6342.0  0.91707  
6346.3  0.91758  
6350.599999999999  0.91778  
6354.9  0.91807  
6359.2  0.91765  
6363.5  0.91627  
6367.9  0.91413  
6372.200000000001  0.91099  
6376.5  0.9076  
6380.8  0.90448  
6385.1  0.90098  
6389.400000000001  0.8969  
6393.7  0.89249  
6398.0  0.88825  
6402.4  0.88493  
6406.7  0.88255  
6411.0  0.88035  
6415.299999999999  0.87861  
6419.6  0.8775  
6423.9  0.87629  
6428.3  0.87567  
6432.6  0.87657  
6436.900000000001  0.8784  
6441.2  0.88023  
6445.5  0.88187  
6449.8  0.88381  
6454.2  0.88632  
6458.5  0.88902  
6462.799999999999  0.89146  
6467.1  0.89364  
6471.4  0.89553  
6475.8  0.89716  
6480.1  0.89871  
6484.400000000001  0.8999  
6488.7  0.90052  
6493.099999999999  0.90066  
6497.4  0.90039  
6501.7  0.89948  
6506.0  0.89787  
6510.299999999999  0.89531  
6514.700000000001  0.89205  
6519.0  0.88906  
6523.3  0.88574  
6527.6  0.88126  
6532.0  0.87615  
6536.3  0.87114  
6540.599999999999  0.86638  
6545.0  0.86174  
6549.299999999999  0.85703  
6553.6  0.85227  
6557.9  0.84809  
6562.3  0.84485  
6566.599999999999  0.84254  
6570.900000000001  0.84156  
6575.299999999999  0.84161  
6579.6  0.84241  
6583.9  0.8442  
6588.200000000001  0.84686  
6592.6  0.85056  
6596.900000000001  0.85536  
6601.2  0.86051  
6605.599999999999  0.86593  
6609.9  0.8723  
6614.2  0.87859  
6618.6  0.88358  
6622.9  0.88787  
6627.200000000001  0.89209  
6631.599999999999  0.89604  
6635.900000000001  0.89902  
6640.2  0.90035  
6644.6  0.90058  
6648.9  0.90037  
6653.3  0.89938  
6657.6  0.89754  
6661.900000000001  0.89521  
6666.3  0.89296  
6670.599999999999  0.89098  
6674.9  0.88922  
6679.299999999999  0.88791  
6683.6  0.88696  
6688.0  0.88649  
6692.3  0.88701  
6696.599999999999  0.88871  
6701.0  0.89084  
6705.299999999999  0.89295  
6709.700000000001  0.89545  
6714.0  0.89867  
6718.3  0.90252  
6722.7  0.90642  
6727.0  0.90965  
6731.4  0.91246  
6735.700000000001  0.91505  
6740.1  0.91721  
6744.400000000001  0.91929  
6748.7  0.92095  
6753.099999999999  0.92142  
6757.4  0.92125  
6761.799999999999  0.92061  
6766.1  0.91925  
6770.5  0.91726  
6774.8  0.91472  
6779.2  0.91216  
6783.5  0.90931  
6787.9  0.90555  
6792.200000000001  0.90146  
6796.599999999999  0.8976  
6800.900000000001  0.89382  
6805.299999999999  0.89002  
6809.6  0.88632  
6814.0  0.88326  
6818.3  0.88106  
6822.7  0.87939  
6827.0  0.87808  
6831.4  0.87779  
6835.700000000001  0.87871  
6840.1  0.88  
6844.400000000001  0.88152  
6848.8  0.88384  
6853.099999999999  0.88648  
6857.5  0.88913  
6861.799999999999  0.89262  
6866.2  0.89689  
6870.5  0.90027  
6874.9  0.90175  
6879.299999999999  0.90283  
6883.6  0.90422  
6888.0  0.90417  
6892.3  0.90193  
6896.7  0.89913  
6901.0  0.89628  
6905.4  0.89158  
6909.8  0.88435  
6914.099999999999  0.87547  
6918.5  0.86536  
6922.799999999999  0.85352  
6927.200000000001  0.83954  
6931.599999999999  0.82272  
6935.900000000001  0.80239  
6940.299999999999  0.7789  
6944.6  0.75284  
6949.0  0.72402  
6953.400000000001  0.69167  
6957.7  0.65568  
6962.1  0.61699  
6966.4  0.57626  
6970.8  0.53405  
6975.2  0.49118  
6979.5  0.44766  
6983.9  0.40428  
6988.3  0.36224  
6992.6  0.32201  
6997.0  0.2835  
7001.4  0.24698  
7005.700000000001  0.21313  
7010.1  0.18206  
7014.5  0.15392  
7018.8  0.12898  
7023.200000000001  0.10697  
7027.6  0.08785  
7031.900000000001  0.07183  
7036.3  0.05856  
7040.700000000001  0.04763  
7045.0  0.03889  
7049.400000000001  0.03214  
7053.8  0.02676  
7058.099999999999  0.02245  
7062.5  0.01916  
7066.900000000001  0.0164  
7071.3  0.01411  
7075.599999999999  0.0124  
7080.0  0.01097  
7084.400000000001  0.00967  
7088.7  0.0087  
7093.099999999999  0.00798  
7097.5  0.00726  
7101.900000000001  0.00655  
7106.2  0.00599  
7110.599999999999  0.00555  
7115.0  0.00515  
7119.400000000001  0.00479  
7123.7  0.00447  
7128.099999999999  0.00422  
7132.5  0.004  
7136.900000000001  0.00378  
7141.2  0.00359  
7145.599999999999  0.00356  
7150.0  0.00354  
7154.400000000001  0.00336  
7158.8  0.00313  
7163.099999999999  0.00302  
7167.5  0.00306  
7171.900000000001  0.00303  
7176.3  0.00286  
7180.700000000001  0.0028  
7185.0  0.00289  
7189.400000000001  0.0029  
7193.8  0.00279  
7198.200000000001  0.00269  
7202.6  0.00267  
7206.900000000001  0.00265  
7211.3  0.00263  
7215.700000000001  0.00267  
7220.1  0.00263  
7224.5  0.00249  
7228.9  0.00245  
7233.200000000001  0.00256  
7237.6  0.00261  
7242.0  0.00258  
7246.4  0.0025  
7250.8  0.00239  
7255.2  0.00243  
7259.5  0.00263  
7263.9  0.00269  
7268.3  0.00248  
7272.7  0.00227  
7277.1  0.00234  
7281.5  0.00248  
7285.900000000001  0.00243  
7290.299999999999  0.00231  
7294.700000000001  0.00232  
7299.0  0.00236  
7303.400000000001  0.00231  
7307.799999999999  0.00229  
7312.200000000001  0.0023  
7316.599999999999  0.00229  
7321.0  0.00223  
7325.4  0.00218  
7329.8  0.00222  
7334.2  0.00225  
7338.6  0.00224  
7342.9  0.00221  
7347.3  0.00215  
7351.7  0.00214  
7356.1  0.00225  
7360.5  0.00231  
7364.9  0.00233  
7369.299999999999  0.0023  
7373.7  0.00224  
7378.099999999999  0.00222  
7382.5  0.00216  
7386.900000000001  0.00206  
7391.3  0.002  
7395.700000000001  0.00203  

