@MEASUREMENT_RADIUS 7.0 cm
#lambda:
#tr:
#end
5000.6  0.00615  
5004.8  0.00599  
5009.0  0.00627  
5013.1  0.00643  
5017.3  0.0062  
5021.5  0.00613  
5025.7  0.00619  
5029.8  0.0062  
5034.0  0.00623  
5038.2  0.00614  
5042.4  0.00604  
5046.6  0.00602  
5050.8  0.006  
5054.9  0.00615  
5059.1  0.00632  
5063.3  0.00621  
5067.5  0.00602  
5071.7  0.0058  
5075.9  0.00581  
5080.1  0.00601  
5084.2  0.00604  
5088.4  0.00587  
5092.6  0.00572  
5096.8  0.0057  
5101.0  0.00583  
5105.2  0.00597  
5109.4  0.00583  
5113.6  0.00556  
5117.7  0.00565  
5121.900000000001  0.00592  
5126.1  0.00602  
5130.299999999999  0.00609  
5134.5  0.00599  
5138.7  0.00575  
5142.9  0.00569  
5147.1  0.00578  
5151.3  0.00588  
5155.5  0.00588  
5159.700000000001  0.00581  
5163.9  0.00569  
5168.099999999999  0.00562  
5172.3  0.00564  
5176.4  0.00574  
5180.599999999999  0.0058  
5184.8  0.00572  
5189.0  0.00575  
5193.200000000001  0.00575  
5197.4  0.00566  
5201.599999999999  0.00566  
5205.8  0.00574  
5210.0  0.00588  
5214.2  0.00593  
5218.400000000001  0.00574  
5222.6  0.00557  
5226.799999999999  0.00577  
5231.0  0.00611  
5235.2  0.00615  
5239.400000000001  0.00599  
5243.6  0.00592  
5247.799999999999  0.00589  
5252.0  0.00571  
5256.3  0.00568  
5260.5  0.00602  
5264.700000000001  0.00639  
5268.9  0.00651  
5273.099999999999  0.00645  
5277.3  0.00635  
5281.5  0.00635  
5285.700000000001  0.00659  
5289.9  0.00699  
5294.099999999999  0.00708  
5298.3  0.00695  
5302.5  0.00701  
5306.7  0.00735  
5310.900000000001  0.00768  
5315.2  0.00783  
5319.400000000001  0.00793  
5323.6  0.00837  
5327.799999999999  0.00901  
5332.0  0.00964  
5336.2  0.01027  
5340.4  0.01096  
5344.6  0.01184  
5348.9  0.01279  
5353.099999999999  0.0136  
5357.3  0.01451  
5361.5  0.0158  
5365.700000000001  0.01722  
5369.9  0.0186  
5374.099999999999  0.02038  
5378.400000000001  0.02314  
5382.6  0.02709  
5386.799999999999  0.03226  
5391.0  0.03881  
5395.2  0.04696  
5399.5  0.05688  
5403.7  0.06903  
5407.9  0.08392  
5412.1  0.10186  
5416.3  0.12352  
5420.599999999999  0.1496  
5424.8  0.18079  
5429.0  0.21787  
5433.200000000001  0.26158  
5437.4  0.31196  
5441.7  0.36826  
5445.900000000001  0.42974  
5450.1  0.49483  
5454.299999999999  0.56071  
5458.6  0.62386  
5462.799999999999  0.67973  
5467.0  0.72324  
5471.2  0.75081  
5475.5  0.76167  
5479.700000000001  0.7581  
5483.9  0.74613  
5488.099999999999  0.73315  
5492.4  0.72361  
5496.599999999999  0.71872  
5500.8  0.71827  
5505.1  0.72152  
5509.299999999999  0.72697  
5513.5  0.7334  
5517.799999999999  0.74006  
5522.0  0.74554  
5526.2  0.75047  
5530.4  0.75645  
5534.700000000001  0.76329  
5538.9  0.77072  
5543.099999999999  0.7799  
5547.4  0.79152  
5551.599999999999  0.80466  
5555.8  0.81824  
5560.1  0.83086  
5564.299999999999  0.84214  
5568.6  0.85366  
5572.799999999999  0.86469  
5577.0  0.87299  
5581.3  0.87947  
5585.5  0.88535  
5589.700000000001  0.88982  
5594.0  0.89211  
5598.200000000001  0.89274  
5602.5  0.89243  
5606.7  0.8921  
5610.900000000001  0.89197  
5615.2  0.89102  
5619.400000000001  0.88943  
5623.7  0.88838  
5627.9  0.88816  
5632.1  0.88812  
5636.4  0.88815  
5640.599999999999  0.88919  
5644.9  0.89149  
5649.099999999999  0.89416  
5653.400000000001  0.89685  
5657.6  0.89982  
5661.799999999999  0.90298  
5666.1  0.90562  
5670.299999999999  0.90783  
5674.6  0.91026  
5678.8  0.91269  
5683.099999999999  0.91473  
5687.3  0.91594  
5691.599999999999  0.91626  
5695.8  0.91615  
5700.1  0.91613  
5704.299999999999  0.91628  
5708.6  0.91597  
5712.799999999999  0.91479  
5717.1  0.91357  
5721.3  0.91283  
5725.599999999999  0.9118  
5729.8  0.91015  
5734.099999999999  0.90839  
5738.3  0.90678  
5742.6  0.90458  
5746.799999999999  0.90109  
5751.1  0.8973  
5755.299999999999  0.89387  
5759.6  0.88966  
5763.9  0.88462  
5768.099999999999  0.87954  
5772.4  0.87405  
5776.599999999999  0.8682  
5780.900000000001  0.86289  
5785.1  0.85875  
5789.400000000001  0.85598  
5793.6  0.85457  
5797.9  0.85443  
5802.200000000001  0.85561  
5806.4  0.85802  
5810.700000000001  0.86177  
5814.9  0.86728  
5819.2  0.87399  
5823.5  0.88094  
5827.7  0.88812  
5832.0  0.89546  
5836.2  0.90186  
5840.5  0.90685  
5844.8  0.91139  
5849.0  0.91582  
5853.3  0.91874  
5857.6  0.91936  
5861.799999999999  0.91847  
5866.1  0.91699  
5870.4  0.91492  
5874.6  0.91132  
5878.9  0.9056  
5883.200000000001  0.89879  
5887.4  0.89139  
5891.7  0.88328  
5896.0  0.8744  
5900.2  0.86442  
5904.5  0.85343  
5908.8  0.84248  
5913.0  0.83265  
5917.3  0.82363  
5921.599999999999  0.81484  
5925.8  0.80761  
5930.1  0.80296  
5934.400000000001  0.80033  
5938.7  0.79992  
5942.9  0.80197  
5947.200000000001  0.80564  
5951.5  0.81093  
5955.700000000001  0.81856  
5960.0  0.82791  
5964.299999999999  0.83761  
5968.6  0.84702  
5972.799999999999  0.85649  
5977.1  0.866  
5981.4  0.87483  
5985.700000000001  0.88225  
5990.0  0.88821  
5994.2  0.89327  
5998.5  0.89776  
6002.799999999999  0.90166  
6007.1  0.90454  
6011.3  0.90665  
6015.599999999999  0.90872  
6019.9  0.9105  
6024.2  0.91138  
6028.5  0.91185  
6032.7  0.91296  
6037.0  0.91394  
6041.3  0.9136  
6045.599999999999  0.91266  
6049.9  0.91125  
6054.099999999999  0.9084  
6058.400000000001  0.90459  
6062.7  0.90056  
6067.0  0.896  
6071.3  0.89112  
6075.599999999999  0.88626  
6079.9  0.88138  
6084.099999999999  0.87694  
6088.400000000001  0.87387  
6092.7  0.87278  
6097.0  0.87297  
6101.3  0.87379  
6105.599999999999  0.87611  
6109.9  0.88027  
6114.099999999999  0.88501  
6118.400000000001  0.88952  
6122.7  0.89469  
6127.0  0.90103  
6131.3  0.90696  
6135.599999999999  0.91106  
6139.9  0.91395  
6144.2  0.9163  
6148.5  0.91763  
6152.799999999999  0.91767  
6157.1  0.91648  
6161.3  0.91421  
6165.599999999999  0.91163  
6169.9  0.90924  
6174.2  0.9068  
6178.5  0.90436  
6182.799999999999  0.90217  
6187.1  0.90072  
6191.4  0.90011  
6195.700000000001  0.90071  
6200.0  0.9026  
6204.299999999999  0.90456  
6208.6  0.90661  
6212.9  0.90936  
6217.200000000001  0.9119  
6221.5  0.91387  
6225.8  0.91609  
6230.1  0.91824  
6234.400000000001  0.9195  
6238.7  0.92009  
6243.0  0.92012  
6247.3  0.9191  
6251.599999999999  0.91708  
6255.900000000001  0.91482  
6260.2  0.9129  
6264.5  0.91093  
6268.8  0.90831  
6273.099999999999  0.90584  
6277.4  0.90392  
6281.7  0.90191  
6286.0  0.9004  
6290.299999999999  0.90026  
6294.6  0.90095  
6298.9  0.90186  
6303.200000000001  0.90284  
6307.5  0.90401  
6311.799999999999  0.90567  
6316.1  0.90739  
6320.4  0.9089  
6324.8  0.91103  
6329.099999999999  0.91311  
6333.400000000001  0.91388  
6337.7  0.91431  
6342.0  0.91464  
6346.3  0.91385  
6350.599999999999  0.91231  
6354.9  0.91036  
6359.2  0.90774  
6363.5  0.90502  
6367.9  0.902  
6372.200000000001  0.89782  
6376.5  0.89344  
6380.8  0.88981  
6385.1  0.88625  
6389.400000000001  0.88244  
6393.7  0.87912  
6398.0  0.87692  
6402.4  0.87533  
6406.7  0.87376  
6411.0  0.87261  
6415.299999999999  0.87245  
6419.6  0.87314  
6423.9  0.87409  
6428.3  0.87497  
6432.6  0.87682  
6436.900000000001  0.87979  
6441.2  0.88199  
6445.5  0.88369  
6449.8  0.88657  
6454.2  0.88963  
6458.5  0.89132  
6462.799999999999  0.89279  
6467.1  0.89486  
6471.4  0.89645  
6475.8  0.89721  
6480.1  0.89756  
6484.400000000001  0.89735  
6488.7  0.89659  
6493.099999999999  0.89546  
6497.4  0.89375  
6501.7  0.89128  
6506.0  0.88803  
6510.299999999999  0.88387  
6514.700000000001  0.87928  
6519.0  0.87492  
6523.3  0.87005  
6527.6  0.86434  
6532.0  0.85901  
6536.3  0.85438  
6540.599999999999  0.84945  
6545.0  0.84435  
6549.299999999999  0.84049  
6553.6  0.83812  
6557.9  0.83637  
6562.3  0.83521  
6566.599999999999  0.83527  
6570.900000000001  0.83692  
6575.299999999999  0.83976  
6579.6  0.8432  
6583.9  0.84753  
6588.200000000001  0.85274  
6592.6  0.85832  
6596.900000000001  0.86444  
6601.2  0.87084  
6605.599999999999  0.87692  
6609.9  0.88249  
6614.2  0.88704  
6618.6  0.89043  
6622.9  0.8931  
6627.200000000001  0.89504  
6631.599999999999  0.89591  
6635.900000000001  0.89555  
6640.2  0.89392  
6644.6  0.89205  
6648.9  0.89095  
6653.3  0.88959  
6657.6  0.88703  
6661.900000000001  0.88395  
6666.3  0.88176  
6670.599999999999  0.88109  
6674.9  0.88136  
6679.299999999999  0.88194  
6683.6  0.88265  
6688.0  0.88401  
6692.3  0.88644  
6696.599999999999  0.88953  
6701.0  0.89273  
6705.299999999999  0.89593  
6709.700000000001  0.89941  
6714.0  0.90317  
6718.3  0.90669  
6722.7  0.90953  
6727.0  0.91193  
6731.4  0.91408  
6735.700000000001  0.91531  
6740.1  0.91577  
6744.400000000001  0.91623  
6748.7  0.91606  
6753.099999999999  0.9144  
6757.4  0.91235  
6761.799999999999  0.91075  
6766.1  0.90852  
6770.5  0.90486  
6774.8  0.90081  
6779.2  0.89722  
6783.5  0.8936  
6787.9  0.88973  
6792.200000000001  0.88593  
6796.599999999999  0.88205  
6800.900000000001  0.87826  
6805.299999999999  0.87524  
6809.6  0.8735  
6814.0  0.87267  
6818.3  0.87213  
6822.7  0.87225  
6827.0  0.87322  
6831.4  0.87501  
6835.700000000001  0.87783  
6840.1  0.88115  
6844.400000000001  0.88444  
6848.8  0.88763  
6853.099999999999  0.89047  
6857.5  0.89289  
6861.799999999999  0.89523  
6866.2  0.8973  
6870.5  0.89853  
6874.9  0.89853  
6879.299999999999  0.89763  
6883.6  0.89585  
6888.0  0.8922  
6892.3  0.88673  
6896.7  0.88043  
6901.0  0.87321  
6905.4  0.86393  
6909.8  0.8522  
6914.099999999999  0.83836  
6918.5  0.82197  
6922.799999999999  0.80275  
6927.200000000001  0.78086  
6931.599999999999  0.75555  
6935.900000000001  0.72664  
6940.299999999999  0.6945  
6944.6  0.65911  
6949.0  0.62114  
6953.400000000001  0.58123  
6957.7  0.53947  
6962.1  0.49645  
6966.4  0.45305  
6970.8  0.40987  
6975.2  0.36783  
6979.5  0.32739  
6983.9  0.28872  
6988.3  0.25218  
6992.6  0.2179  
6997.0  0.18594  
7001.4  0.15698  
7005.700000000001  0.1315  
7010.1  0.10912  
7014.5  0.08964  
7018.8  0.0731  
7023.200000000001  0.05941  
7027.6  0.04835  
7031.900000000001  0.03948  
7036.3  0.03239  
7040.700000000001  0.02684  
7045.0  0.0225  
7049.400000000001  0.01907  
7053.8  0.01628  
7058.099999999999  0.0141  
7062.5  0.01249  
7066.900000000001  0.01113  
7071.3  0.00986  
7075.599999999999  0.00874  
7080.0  0.00775  
7084.400000000001  0.00699  
7088.7  0.00657  
7093.099999999999  0.00612  
7097.5  0.00552  
7101.900000000001  0.00506  
7106.2  0.00475  
7110.599999999999  0.00443  
7115.0  0.00406  
7119.400000000001  0.00379  
7123.7  0.00365  
7128.099999999999  0.0035  
7132.5  0.00343  
7136.900000000001  0.00336  
7141.2  0.00317  
7145.599999999999  0.00306  
7150.0  0.00301  
7154.400000000001  0.00295  
7158.8  0.00291  
7163.099999999999  0.00283  
7167.5  0.00284  
7171.900000000001  0.00291  
7176.3  0.0029  
7180.700000000001  0.00275  
7185.0  0.00259  
7189.400000000001  0.00257  
7193.8  0.00263  
7198.200000000001  0.00266  
7202.6  0.00265  
7206.900000000001  0.00255  
7211.3  0.00243  
7215.700000000001  0.00246  
7220.1  0.0026  
7224.5  0.00269  
7228.9  0.00258  
7233.200000000001  0.00235  
7237.6  0.00228  
7242.0  0.0024  
7246.4  0.00245  
7250.8  0.00242  
7255.2  0.00238  
7259.5  0.00235  
7263.9  0.00231  
7268.3  0.00227  
7272.7  0.00231  
7277.1  0.00237  
7281.5  0.00237  
7285.900000000001  0.00225  
7290.299999999999  0.00216  
7294.700000000001  0.00226  
7299.0  0.00235  
7303.400000000001  0.00217  
7307.799999999999  0.00201  
7312.200000000001  0.00216  
7316.599999999999  0.00235  
7321.0  0.00224  
7325.4  0.00204  
7329.8  0.00212  
7334.2  0.0023  
7338.6  0.00224  
7342.9  0.00204  
7347.3  0.00203  
7351.7  0.00219  
7356.1  0.00237  
7360.5  0.00228  
7364.9  0.00195  
7369.299999999999  0.00184  
7373.7  0.00203  
7378.099999999999  0.00214  
7382.5  0.00202  
7386.900000000001  0.00193  
7391.3  0.00197  
7395.700000000001  0.00195  

