@MEASUREMENT_RADIUS 8.0 cm
#lambda:
#tr:
#end
5000.6  0.00595  
5004.8  0.00593  
5009.0  0.00597  
5013.1  0.00614  
5017.3  0.00634  
5021.5  0.00637  
5025.7  0.00617  
5029.8  0.00604  
5034.0  0.00599  
5038.2  0.00579  
5042.4  0.00567  
5046.6  0.00574  
5050.8  0.00594  
5054.9  0.00602  
5059.1  0.00586  
5063.3  0.00561  
5067.5  0.00556  
5071.7  0.00575  
5075.9  0.00594  
5080.1  0.00591  
5084.2  0.0058  
5088.4  0.00585  
5092.6  0.00598  
5096.8  0.00602  
5101.0  0.006  
5105.2  0.006  
5109.4  0.00615  
5113.6  0.00623  
5117.7  0.00599  
5121.900000000001  0.0057  
5126.1  0.00564  
5130.299999999999  0.0058  
5134.5  0.00596  
5138.7  0.00597  
5142.9  0.00586  
5147.1  0.00573  
5151.3  0.00572  
5155.5  0.0058  
5159.700000000001  0.00582  
5163.9  0.00581  
5168.099999999999  0.00579  
5172.3  0.00565  
5176.4  0.0056  
5180.599999999999  0.00583  
5184.8  0.00598  
5189.0  0.00594  
5193.200000000001  0.00581  
5197.4  0.00565  
5201.599999999999  0.00565  
5205.8  0.00587  
5210.0  0.00592  
5214.2  0.00574  
5218.400000000001  0.00569  
5222.6  0.00574  
5226.799999999999  0.00571  
5231.0  0.00579  
5235.2  0.00587  
5239.400000000001  0.00587  
5243.6  0.00585  
5247.799999999999  0.00585  
5252.0  0.00593  
5256.3  0.00594  
5260.5  0.00598  
5264.700000000001  0.00627  
5268.9  0.00666  
5273.099999999999  0.00676  
5277.3  0.00663  
5281.5  0.00659  
5285.700000000001  0.00682  
5289.9  0.00712  
5294.099999999999  0.00715  
5298.3  0.00713  
5302.5  0.00732  
5306.7  0.00749  
5310.900000000001  0.00768  
5315.2  0.00818  
5319.400000000001  0.0087  
5323.6  0.00912  
5327.799999999999  0.00981  
5332.0  0.01059  
5336.2  0.01109  
5340.4  0.01178  
5344.6  0.01292  
5348.9  0.01392  
5353.099999999999  0.01451  
5357.3  0.01526  
5361.5  0.01659  
5365.700000000001  0.01835  
5369.9  0.02062  
5374.099999999999  0.02374  
5378.400000000001  0.02797  
5382.6  0.03354  
5386.799999999999  0.04069  
5391.0  0.04977  
5395.2  0.06085  
5399.5  0.07376  
5403.7  0.08888  
5407.9  0.10724  
5412.1  0.12947  
5416.3  0.15591  
5420.599999999999  0.18762  
5424.8  0.22576  
5429.0  0.27116  
5433.200000000001  0.32471  
5437.4  0.38592  
5441.7  0.45261  
5445.900000000001  0.52202  
5450.1  0.5907  
5454.299999999999  0.65334  
5458.6  0.70444  
5462.799999999999  0.74018  
5467.0  0.75803  
5471.2  0.75945  
5475.5  0.75002  
5479.700000000001  0.73637  
5483.9  0.72466  
5488.099999999999  0.71804  
5492.4  0.71676  
5496.599999999999  0.72014  
5500.8  0.72594  
5505.1  0.73239  
5509.299999999999  0.73888  
5513.5  0.74491  
5517.799999999999  0.75024  
5522.0  0.75456  
5526.2  0.75932  
5530.4  0.76618  
5534.700000000001  0.77465  
5538.9  0.78439  
5543.099999999999  0.79614  
5547.4  0.80938  
5551.599999999999  0.82254  
5555.8  0.83499  
5560.1  0.84632  
5564.299999999999  0.85628  
5568.6  0.86551  
5572.799999999999  0.87376  
5577.0  0.88025  
5581.3  0.88465  
5585.5  0.88703  
5589.700000000001  0.88864  
5594.0  0.88991  
5598.200000000001  0.8901  
5602.5  0.88973  
5606.7  0.88951  
5610.900000000001  0.88847  
5615.2  0.88681  
5619.400000000001  0.88587  
5623.7  0.88588  
5627.9  0.88662  
5632.1  0.88751  
5636.4  0.88861  
5640.599999999999  0.89066  
5644.9  0.89335  
5649.099999999999  0.89648  
5653.400000000001  0.89999  
5657.6  0.90267  
5661.799999999999  0.90467  
5666.1  0.90691  
5670.299999999999  0.90901  
5674.6  0.91061  
5678.8  0.91177  
5683.099999999999  0.91233  
5687.3  0.91245  
5691.599999999999  0.91236  
5695.8  0.91195  
5700.1  0.91121  
5704.299999999999  0.91045  
5708.6  0.90956  
5712.799999999999  0.90823  
5717.1  0.90718  
5721.3  0.9062  
5725.599999999999  0.90443  
5729.8  0.90281  
5734.099999999999  0.90177  
5738.3  0.8999  
5742.6  0.89666  
5746.799999999999  0.89257  
5751.1  0.88815  
5755.299999999999  0.88383  
5759.6  0.87893  
5763.9  0.87338  
5768.099999999999  0.86821  
5772.4  0.86343  
5776.599999999999  0.85875  
5780.900000000001  0.85452  
5785.1  0.85213  
5789.400000000001  0.85236  
5793.6  0.85407  
5797.9  0.85614  
5802.200000000001  0.85902  
5806.4  0.86344  
5810.700000000001  0.86929  
5814.9  0.87659  
5819.2  0.88478  
5823.5  0.89219  
5827.7  0.89808  
5832.0  0.90347  
5836.2  0.90849  
5840.5  0.91194  
5844.8  0.91421  
5849.0  0.91609  
5853.3  0.91669  
5857.6  0.9155  
5861.799999999999  0.91309  
5866.1  0.90983  
5870.4  0.90537  
5874.6  0.89938  
5878.9  0.89214  
5883.200000000001  0.88429  
5887.4  0.8757  
5891.7  0.86612  
5896.0  0.85589  
5900.2  0.8455  
5904.5  0.83546  
5908.8  0.82596  
5913.0  0.81721  
5917.3  0.80996  
5921.599999999999  0.80435  
5925.8  0.80064  
5930.1  0.7993  
5934.400000000001  0.80059  
5938.7  0.80433  
5942.9  0.80992  
5947.200000000001  0.81657  
5951.5  0.82405  
5955.700000000001  0.83293  
5960.0  0.84301  
5964.299999999999  0.85336  
5968.6  0.86326  
5972.799999999999  0.87195  
5977.1  0.8791  
5981.4  0.88523  
5985.700000000001  0.89067  
5990.0  0.89515  
5994.2  0.89881  
5998.5  0.90176  
6002.799999999999  0.90378  
6007.1  0.90528  
6011.3  0.90702  
6015.599999999999  0.90876  
6019.9  0.90997  
6024.2  0.91082  
6028.5  0.91119  
6032.7  0.9113  
6037.0  0.91097  
6041.3  0.90948  
6045.599999999999  0.90699  
6049.9  0.90377  
6054.099999999999  0.89936  
6058.400000000001  0.89425  
6062.7  0.88933  
6067.0  0.88459  
6071.3  0.87976  
6075.599999999999  0.87503  
6079.9  0.87143  
6084.099999999999  0.86974  
6088.400000000001  0.86954  
6092.7  0.87017  
6097.0  0.87195  
6101.3  0.87575  
6105.599999999999  0.88123  
6109.9  0.88704  
6114.099999999999  0.89263  
6118.400000000001  0.89807  
6122.7  0.90343  
6127.0  0.90865  
6131.3  0.91263  
6135.599999999999  0.91472  
6139.9  0.91553  
6144.2  0.9156  
6148.5  0.91462  
6152.799999999999  0.91234  
6157.1  0.90928  
6161.3  0.90581  
6165.599999999999  0.90242  
6169.9  0.90002  
6174.2  0.89809  
6178.5  0.8961  
6182.799999999999  0.89524  
6187.1  0.896  
6191.4  0.89727  
6195.700000000001  0.89889  
6200.0  0.90131  
6204.299999999999  0.90415  
6208.6  0.90715  
6212.9  0.91048  
6217.200000000001  0.91313  
6221.5  0.91433  
6225.8  0.91533  
6230.1  0.91663  
6234.400000000001  0.91705  
6238.7  0.91636  
6243.0  0.91501  
6247.3  0.91243  
6251.599999999999  0.90901  
6255.900000000001  0.90635  
6260.2  0.90439  
6264.5  0.90213  
6268.8  0.90017  
6273.099999999999  0.89908  
6277.4  0.89811  
6281.7  0.89731  
6286.0  0.89749  
6290.299999999999  0.89838  
6294.6  0.89936  
6298.9  0.90072  
6303.200000000001  0.90278  
6307.5  0.90508  
6311.799999999999  0.90711  
6316.1  0.90882  
6320.4  0.90989  
6324.8  0.91073  
6329.099999999999  0.91201  
6333.400000000001  0.91246  
6337.7  0.91136  
6342.0  0.90948  
6346.3  0.90718  
6350.599999999999  0.90436  
6354.9  0.90139  
6359.2  0.89798  
6363.5  0.89373  
6367.9  0.88969  
6372.200000000001  0.88607  
6376.5  0.88217  
6380.8  0.87856  
6385.1  0.87552  
6389.400000000001  0.8728  
6393.7  0.87061  
6398.0  0.86945  
6402.4  0.86894  
6406.7  0.86844  
6411.0  0.8685  
6415.299999999999  0.86964  
6419.6  0.87142  
6423.9  0.87345  
6428.3  0.87559  
6432.6  0.87802  
6436.900000000001  0.88071  
6441.2  0.88313  
6445.5  0.88549  
6449.8  0.88805  
6454.2  0.89036  
6458.5  0.89208  
6462.799999999999  0.89362  
6467.1  0.89509  
6471.4  0.89592  
6475.8  0.89615  
6480.1  0.89623  
6484.400000000001  0.8953  
6488.7  0.89296  
6493.099999999999  0.89031  
6497.4  0.8876  
6501.7  0.88409  
6506.0  0.87947  
6510.299999999999  0.87406  
6514.700000000001  0.86817  
6519.0  0.86226  
6523.3  0.85652  
6527.6  0.85072  
6532.0  0.84524  
6536.3  0.84027  
6540.599999999999  0.83558  
6545.0  0.83151  
6549.299999999999  0.82897  
6553.6  0.82807  
6557.9  0.82807  
6562.3  0.82925  
6566.599999999999  0.83181  
6570.900000000001  0.83534  
6575.299999999999  0.84002  
6579.6  0.84595  
6583.9  0.85214  
6588.200000000001  0.85811  
6592.6  0.86434  
6596.900000000001  0.87088  
6601.2  0.87702  
6605.599999999999  0.88223  
6609.9  0.88654  
6614.2  0.88968  
6618.6  0.89174  
6622.9  0.89256  
6627.200000000001  0.89187  
6631.599999999999  0.89079  
6635.900000000001  0.88967  
6640.2  0.88725  
6644.6  0.88397  
6648.9  0.88166  
6653.3  0.88016  
6657.6  0.87838  
6661.900000000001  0.87664  
6666.3  0.87572  
6670.599999999999  0.87588  
6674.9  0.87715  
6679.299999999999  0.87905  
6683.6  0.88109  
6688.0  0.88364  
6692.3  0.88694  
6696.599999999999  0.89061  
6701.0  0.89431  
6705.299999999999  0.89806  
6709.700000000001  0.90154  
6714.0  0.90454  
6718.3  0.90705  
6722.7  0.90915  
6727.0  0.911  
6731.4  0.91234  
6735.700000000001  0.91228  
6740.1  0.91119  
6744.400000000001  0.91042  
6748.7  0.90949  
6753.099999999999  0.90719  
6757.4  0.90419  
6761.799999999999  0.90111  
6766.1  0.89778  
6770.5  0.89381  
6774.8  0.88922  
6779.2  0.88459  
6783.5  0.88051  
6787.9  0.87704  
6792.200000000001  0.87354  
6796.599999999999  0.87004  
6800.900000000001  0.86733  
6805.299999999999  0.86553  
6809.6  0.86461  
6814.0  0.8651  
6818.3  0.86683  
6822.7  0.86903  
6827.0  0.87153  
6831.4  0.87448  
6835.700000000001  0.87796  
6840.1  0.8821  
6844.400000000001  0.88612  
6848.8  0.88919  
6853.099999999999  0.89166  
6857.5  0.89362  
6861.799999999999  0.89451  
6866.2  0.89453  
6870.5  0.89401  
6874.9  0.89246  
6879.299999999999  0.88928  
6883.6  0.88462  
6888.0  0.87875  
6892.3  0.87126  
6896.7  0.86228  
6901.0  0.85194  
6905.4  0.83931  
6909.8  0.82358  
6914.099999999999  0.80487  
6918.5  0.78343  
6922.799999999999  0.75845  
6927.200000000001  0.72972  
6931.599999999999  0.69745  
6935.900000000001  0.66152  
6940.299999999999  0.62261  
6944.6  0.58164  
6949.0  0.53892  
6953.400000000001  0.49498  
6957.7  0.45062  
6962.1  0.40668  
6966.4  0.36369  
6970.8  0.32197  
6975.2  0.28222  
6979.5  0.2448  
6983.9  0.21006  
6988.3  0.17813  
6992.6  0.14917  
6997.0  0.12358  
7001.4  0.10152  
7005.700000000001  0.0828  
7010.1  0.06715  
7014.5  0.05433  
7018.8  0.04411  
7023.200000000001  0.03604  
7027.6  0.02961  
7031.900000000001  0.02468  
7036.3  0.021  
7040.700000000001  0.01799  
7045.0  0.01531  
7049.400000000001  0.01321  
7053.8  0.01168  
7058.099999999999  0.01037  
7062.5  0.00921  
7066.900000000001  0.00832  
7071.3  0.00759  
7075.599999999999  0.00692  
7080.0  0.00631  
7084.400000000001  0.00571  
7088.7  0.00527  
7093.099999999999  0.00498  
7097.5  0.00462  
7101.900000000001  0.00423  
7106.2  0.00392  
7110.599999999999  0.00368  
7115.0  0.00351  
7119.400000000001  0.00341  
7123.7  0.00334  
7128.099999999999  0.00325  
7132.5  0.00311  
7136.900000000001  0.00303  
7141.2  0.00306  
7145.599999999999  0.00304  
7150.0  0.00283  
7154.400000000001  0.00269  
7158.8  0.00275  
7163.099999999999  0.00275  
7167.5  0.00259  
7171.900000000001  0.00252  
7176.3  0.0026  
7180.700000000001  0.00262  
7185.0  0.00263  
7189.400000000001  0.00264  
7193.8  0.00257  
7198.200000000001  0.00248  
7202.6  0.00241  
7206.900000000001  0.0024  
7211.3  0.00245  
7215.700000000001  0.00244  
7220.1  0.00234  
7224.5  0.00234  
7228.9  0.00244  
7233.200000000001  0.00239  
7237.6  0.00227  
7242.0  0.00229  
7246.4  0.0023  
7250.8  0.00221  
7255.2  0.00217  
7259.5  0.00221  
7263.9  0.00225  
7268.3  0.00226  
7272.7  0.00223  
7277.1  0.0022  
7281.5  0.00218  
7285.900000000001  0.00213  
7290.299999999999  0.00216  
7294.700000000001  0.00223  
7299.0  0.00216  
7303.400000000001  0.00199  
7307.799999999999  0.00199  
7312.200000000001  0.00217  
7316.599999999999  0.00228  
7321.0  0.00221  
7325.4  0.00203  
7329.8  0.00195  
7334.2  0.00207  
7338.6  0.00223  
7342.9  0.00222  
7347.3  0.0021  
7351.7  0.00199  
7356.1  0.00202  
7360.5  0.00208  
7364.9  0.00212  
7369.299999999999  0.00212  
7373.7  0.00202  
7378.099999999999  0.00192  
7382.5  0.00206  
7386.900000000001  0.00221  
7391.3  0.00206  
7395.700000000001  0.00183  

