@MEASUREMENT_RADIUS 9.0 cm
#lambda:
#tr:
#end
5000.6  0.00612  
5004.8  0.00633  
5009.0  0.00648  
5013.1  0.00626  
5017.3  0.00616  
5021.5  0.00623  
5025.7  0.00611  
5029.8  0.006  
5034.0  0.00612  
5038.2  0.00618  
5042.4  0.00595  
5046.6  0.00574  
5050.8  0.00567  
5054.9  0.00564  
5059.1  0.00592  
5063.3  0.00622  
5067.5  0.00608  
5071.7  0.00578  
5075.9  0.00581  
5080.1  0.00608  
5084.2  0.00606  
5088.4  0.00577  
5092.6  0.00574  
5096.8  0.00578  
5101.0  0.00579  
5105.2  0.0059  
5109.4  0.00592  
5113.6  0.00596  
5117.7  0.00598  
5121.900000000001  0.00568  
5126.1  0.00548  
5130.299999999999  0.00576  
5134.5  0.00603  
5138.7  0.00588  
5142.9  0.0057  
5147.1  0.00573  
5151.3  0.00587  
5155.5  0.00588  
5159.700000000001  0.00575  
5163.9  0.00581  
5168.099999999999  0.00613  
5172.3  0.00621  
5176.4  0.00595  
5180.599999999999  0.00576  
5184.8  0.00578  
5189.0  0.00583  
5193.200000000001  0.00597  
5197.4  0.00615  
5201.599999999999  0.00596  
5205.8  0.00557  
5210.0  0.00546  
5214.2  0.00565  
5218.400000000001  0.00594  
5222.6  0.00603  
5226.799999999999  0.00583  
5231.0  0.00575  
5235.2  0.0059  
5239.400000000001  0.00607  
5243.6  0.00614  
5247.799999999999  0.00609  
5252.0  0.00603  
5256.3  0.00605  
5260.5  0.00621  
5264.700000000001  0.00633  
5268.9  0.0063  
5273.099999999999  0.0065  
5277.3  0.00676  
5281.5  0.0068  
5285.700000000001  0.0069  
5289.9  0.00692  
5294.099999999999  0.00677  
5298.3  0.00692  
5302.5  0.00733  
5306.7  0.00762  
5310.900000000001  0.00783  
5315.2  0.00819  
5319.400000000001  0.00869  
5323.6  0.0093  
5327.799999999999  0.00993  
5332.0  0.01053  
5336.2  0.01121  
5340.4  0.0119  
5344.6  0.01246  
5348.9  0.01328  
5353.099999999999  0.01439  
5357.3  0.01536  
5361.5  0.01645  
5365.700000000001  0.01819  
5369.9  0.02082  
5374.099999999999  0.02448  
5378.400000000001  0.02936  
5382.6  0.03564  
5386.799999999999  0.04364  
5391.0  0.05345  
5395.2  0.06505  
5399.5  0.07866  
5403.7  0.09472  
5407.9  0.11418  
5412.1  0.13755  
5416.3  0.16481  
5420.599999999999  0.19709  
5424.8  0.236  
5429.0  0.28201  
5433.200000000001  0.33549  
5437.4  0.39635  
5441.7  0.46211  
5445.900000000001  0.52918  
5450.1  0.59427  
5454.299999999999  0.65377  
5458.6  0.70298  
5462.799999999999  0.73768  
5467.0  0.75563  
5471.2  0.75793  
5475.5  0.74948  
5479.700000000001  0.73706  
5483.9  0.72642  
5488.099999999999  0.72036  
5492.4  0.71987  
5496.599999999999  0.72338  
5500.8  0.72825  
5505.1  0.73446  
5509.299999999999  0.74164  
5513.5  0.74809  
5517.799999999999  0.75339  
5522.0  0.75791  
5526.2  0.76287  
5530.4  0.76973  
5534.700000000001  0.77828  
5538.9  0.78754  
5543.099999999999  0.79775  
5547.4  0.80928  
5551.599999999999  0.82108  
5555.8  0.83238  
5560.1  0.84329  
5564.299999999999  0.85326  
5568.6  0.86175  
5572.799999999999  0.86896  
5577.0  0.87447  
5581.3  0.87888  
5585.5  0.88306  
5589.700000000001  0.88606  
5594.0  0.88682  
5598.200000000001  0.88648  
5602.5  0.8864  
5606.7  0.88638  
5610.900000000001  0.88592  
5615.2  0.88539  
5619.400000000001  0.88477  
5623.7  0.88399  
5627.9  0.88425  
5632.1  0.88579  
5636.4  0.88754  
5640.599999999999  0.88938  
5644.9  0.89187  
5649.099999999999  0.89479  
5653.400000000001  0.89756  
5657.6  0.90026  
5661.799999999999  0.90295  
5666.1  0.90526  
5670.299999999999  0.90678  
5674.6  0.90794  
5678.8  0.90886  
5683.099999999999  0.90906  
5687.3  0.90879  
5691.599999999999  0.90814  
5695.8  0.90717  
5700.1  0.9063  
5704.299999999999  0.90531  
5708.6  0.90365  
5712.799999999999  0.90198  
5717.1  0.90126  
5721.3  0.90043  
5725.599999999999  0.89848  
5729.8  0.89651  
5734.099999999999  0.8953  
5738.3  0.89361  
5742.6  0.8902  
5746.799999999999  0.8862  
5751.1  0.88282  
5755.299999999999  0.87895  
5759.6  0.87397  
5763.9  0.86927  
5768.099999999999  0.86509  
5772.4  0.86089  
5776.599999999999  0.85692  
5780.900000000001  0.8539  
5785.1  0.85262  
5789.400000000001  0.85294  
5793.6  0.85453  
5797.9  0.85719  
5802.200000000001  0.86079  
5806.4  0.86567  
5810.700000000001  0.87158  
5814.9  0.87786  
5819.2  0.8845  
5823.5  0.89141  
5827.7  0.89764  
5832.0  0.90262  
5836.2  0.90667  
5840.5  0.90964  
5844.8  0.91147  
5849.0  0.91227  
5853.3  0.9118  
5857.6  0.91003  
5861.799999999999  0.90755  
5866.1  0.90423  
5870.4  0.89922  
5874.6  0.89303  
5878.9  0.88642  
5883.200000000001  0.87902  
5887.4  0.87021  
5891.7  0.86084  
5896.0  0.85161  
5900.2  0.84213  
5904.5  0.83252  
5908.8  0.82328  
5913.0  0.81533  
5917.3  0.80944  
5921.599999999999  0.80504  
5925.8  0.80215  
5930.1  0.80147  
5934.400000000001  0.80301  
5938.7  0.80665  
5942.9  0.81236  
5947.200000000001  0.81925  
5951.5  0.82716  
5955.700000000001  0.83619  
5960.0  0.84556  
5964.299999999999  0.85488  
5968.6  0.8636  
5972.799999999999  0.87166  
5977.1  0.87913  
5981.4  0.88534  
5985.700000000001  0.89001  
5990.0  0.8939  
5994.2  0.89742  
5998.5  0.9  
6002.799999999999  0.90182  
6007.1  0.90319  
6011.3  0.90413  
6015.599999999999  0.90529  
6019.9  0.90666  
6024.2  0.90731  
6028.5  0.9072  
6032.7  0.90698  
6037.0  0.90642  
6041.3  0.90475  
6045.599999999999  0.90203  
6049.9  0.89854  
6054.099999999999  0.89436  
6058.400000000001  0.88995  
6062.7  0.88507  
6067.0  0.87998  
6071.3  0.87597  
6075.599999999999  0.87251  
6079.9  0.86912  
6084.099999999999  0.86729  
6088.400000000001  0.86767  
6092.7  0.86945  
6097.0  0.87181  
6101.3  0.87495  
6105.599999999999  0.8798  
6109.9  0.88615  
6114.099999999999  0.8922  
6118.400000000001  0.89723  
6122.7  0.90185  
6127.0  0.90627  
6131.3  0.90987  
6135.599999999999  0.91178  
6139.9  0.91217  
6144.2  0.91181  
6148.5  0.91032  
6152.799999999999  0.90756  
6157.1  0.90446  
6161.3  0.90147  
6165.599999999999  0.89843  
6169.9  0.89544  
6174.2  0.89324  
6178.5  0.89228  
6182.799999999999  0.89202  
6187.1  0.89228  
6191.4  0.89321  
6195.700000000001  0.89505  
6200.0  0.89761  
6204.299999999999  0.90032  
6208.6  0.90327  
6212.9  0.90647  
6217.200000000001  0.90866  
6221.5  0.90942  
6225.8  0.91014  
6230.1  0.91144  
6234.400000000001  0.91226  
6238.7  0.9118  
6243.0  0.91013  
6247.3  0.90763  
6251.599999999999  0.90528  
6255.900000000001  0.90307  
6260.2  0.90052  
6264.5  0.89836  
6268.8  0.89706  
6273.099999999999  0.89585  
6277.4  0.89467  
6281.7  0.8946  
6286.0  0.89554  
6290.299999999999  0.89664  
6294.6  0.89772  
6298.9  0.89907  
6303.200000000001  0.90099  
6307.5  0.90342  
6311.799999999999  0.90516  
6316.1  0.90601  
6320.4  0.90694  
6324.8  0.90789  
6329.099999999999  0.90811  
6333.400000000001  0.90729  
6337.7  0.90584  
6342.0  0.90374  
6346.3  0.90108  
6350.599999999999  0.89849  
6354.9  0.89549  
6359.2  0.89144  
6363.5  0.88716  
6367.9  0.88335  
6372.200000000001  0.87989  
6376.5  0.87653  
6380.8  0.87318  
6385.1  0.87033  
6389.400000000001  0.86819  
6393.7  0.86623  
6398.0  0.86526  
6402.4  0.86556  
6406.7  0.86569  
6411.0  0.8656  
6415.299999999999  0.86657  
6419.6  0.86868  
6423.9  0.87094  
6428.3  0.87306  
6432.6  0.87549  
6436.900000000001  0.87821  
6441.2  0.88063  
6445.5  0.88308  
6449.8  0.88591  
6454.2  0.88836  
6458.5  0.88985  
6462.799999999999  0.89092  
6467.1  0.89225  
6471.4  0.8936  
6475.8  0.8942  
6480.1  0.89384  
6484.400000000001  0.89259  
6488.7  0.89038  
6493.099999999999  0.88737  
6497.4  0.88386  
6501.7  0.87972  
6506.0  0.87478  
6510.299999999999  0.86923  
6514.700000000001  0.86322  
6519.0  0.85719  
6523.3  0.85129  
6527.6  0.84522  
6532.0  0.83944  
6536.3  0.83453  
6540.599999999999  0.83034  
6545.0  0.82705  
6549.299999999999  0.82476  
6553.6  0.82345  
6557.9  0.82347  
6562.3  0.82478  
6566.599999999999  0.8276  
6570.900000000001  0.83194  
6575.299999999999  0.83694  
6579.6  0.84251  
6583.9  0.84873  
6588.200000000001  0.85536  
6592.6  0.86201  
6596.900000000001  0.86807  
6601.2  0.87364  
6605.599999999999  0.87866  
6609.9  0.88264  
6614.2  0.88547  
6618.6  0.88713  
6622.9  0.8875  
6627.200000000001  0.8871  
6631.599999999999  0.88619  
6635.900000000001  0.88435  
6640.2  0.88171  
6644.6  0.87933  
6648.9  0.87746  
6653.3  0.87552  
6657.6  0.87359  
6661.900000000001  0.87187  
6666.3  0.87107  
6670.599999999999  0.87185  
6674.9  0.87353  
6679.299999999999  0.87523  
6683.6  0.87728  
6688.0  0.87993  
6692.3  0.88294  
6696.599999999999  0.88645  
6701.0  0.89  
6705.299999999999  0.89343  
6709.700000000001  0.89674  
6714.0  0.89925  
6718.3  0.90131  
6722.7  0.90364  
6727.0  0.90578  
6731.4  0.90696  
6735.700000000001  0.90673  
6740.1  0.90565  
6744.400000000001  0.90452  
6748.7  0.90296  
6753.099999999999  0.90049  
6757.4  0.8978  
6761.799999999999  0.89494  
6766.1  0.89119  
6770.5  0.88668  
6774.8  0.882  
6779.2  0.87745  
6783.5  0.87359  
6787.9  0.87057  
6792.200000000001  0.8675  
6796.599999999999  0.8641  
6800.900000000001  0.86134  
6805.299999999999  0.86015  
6809.6  0.86026  
6814.0  0.86102  
6818.3  0.86225  
6822.7  0.86419  
6827.0  0.86672  
6831.4  0.86971  
6835.700000000001  0.87355  
6840.1  0.87783  
6844.400000000001  0.88153  
6848.8  0.88421  
6853.099999999999  0.88599  
6857.5  0.88728  
6861.799999999999  0.88828  
6866.2  0.88854  
6870.5  0.88755  
6874.9  0.88499  
6879.299999999999  0.88101  
6883.6  0.876  
6888.0  0.86948  
6892.3  0.86095  
6896.7  0.85104  
6901.0  0.83978  
6905.4  0.82597  
6909.8  0.80914  
6914.099999999999  0.78947  
6918.5  0.76678  
6922.799999999999  0.74089  
6927.200000000001  0.71164  
6931.599999999999  0.67847  
6935.900000000001  0.64161  
6940.299999999999  0.60243  
6944.6  0.56139  
6949.0  0.51843  
6953.400000000001  0.47432  
6957.7  0.43014  
6962.1  0.3866  
6966.4  0.34392  
6970.8  0.30255  
6975.2  0.26355  
6979.5  0.22739  
6983.9  0.19395  
6988.3  0.1634  
6992.6  0.13614  
6997.0  0.11232  
7001.4  0.09188  
7005.700000000001  0.07474  
7010.1  0.06054  
7014.5  0.04909  
7018.8  0.04001  
7023.200000000001  0.03278  
7027.6  0.02712  
7031.900000000001  0.02273  
7036.3  0.01927  
7040.700000000001  0.01649  
7045.0  0.0141  
7049.400000000001  0.01223  
7053.8  0.01092  
7058.099999999999  0.00983  
7062.5  0.00881  
7066.900000000001  0.00791  
7071.3  0.00715  
7075.599999999999  0.00652  
7080.0  0.00602  
7084.400000000001  0.00559  
7088.7  0.00513  
7093.099999999999  0.00469  
7097.5  0.00444  
7101.900000000001  0.00429  
7106.2  0.00403  
7110.599999999999  0.00375  
7115.0  0.00359  
7119.400000000001  0.00342  
7123.7  0.00318  
7128.099999999999  0.0031  
7132.5  0.00313  
7136.900000000001  0.00307  
7141.2  0.0029  
7145.599999999999  0.0028  
7150.0  0.00282  
7154.400000000001  0.00284  
7158.8  0.00282  
7163.099999999999  0.00276  
7167.5  0.0026  
7171.900000000001  0.00249  
7176.3  0.0026  
7180.700000000001  0.00272  
7185.0  0.00268  
7189.400000000001  0.00249  
7193.8  0.00236  
7198.200000000001  0.00237  
7202.6  0.00246  
7206.900000000001  0.00247  
7211.3  0.0024  
7215.700000000001  0.00237  
7220.1  0.00237  
7224.5  0.0024  
7228.9  0.00244  
7233.200000000001  0.00245  
7237.6  0.00233  
7242.0  0.00219  
7246.4  0.00222  
7250.8  0.00233  
7255.2  0.0023  
7259.5  0.00228  
7263.9  0.00233  
7268.3  0.00228  
7272.7  0.00221  
7277.1  0.00222  
7281.5  0.00224  
7285.900000000001  0.00226  
7290.299999999999  0.00226  
7294.700000000001  0.00221  
7299.0  0.00223  
7303.400000000001  0.00224  
7307.799999999999  0.00214  
7312.200000000001  0.0021  
7316.599999999999  0.0021  
7321.0  0.00204  
7325.4  0.00207  
7329.8  0.00216  
7334.2  0.00219  
7338.6  0.00219  
7342.9  0.00221  
7347.3  0.00218  
7351.7  0.00205  
7356.1  0.00197  
7360.5  0.00205  
7364.9  0.00216  
7369.299999999999  0.00212  
7373.7  0.00208  
7378.099999999999  0.00211  
7382.5  0.00206  
7386.900000000001  0.00197  
7391.3  0.00192  
7395.700000000001  0.00186  

