@MEASUREMENT_RADIUS 10.0 cm
#lambda:
#tr:
#end
5000.6  0.00589  
5004.8  0.00611  
5009.0  0.00607  
5013.1  0.00582  
5017.3  0.0058  
5021.5  0.00606  
5025.7  0.00617  
5029.8  0.006  
5034.0  0.00582  
5038.2  0.00589  
5042.4  0.00597  
5046.6  0.0058  
5050.8  0.00568  
5054.9  0.00575  
5059.1  0.006  
5063.3  0.00606  
5067.5  0.00582  
5071.7  0.0057  
5075.9  0.00569  
5080.1  0.00562  
5084.2  0.00578  
5088.4  0.00599  
5092.6  0.00598  
5096.8  0.00593  
5101.0  0.00584  
5105.2  0.00581  
5109.4  0.00594  
5113.6  0.00604  
5117.7  0.00594  
5121.900000000001  0.00578  
5126.1  0.0058  
5130.299999999999  0.0058  
5134.5  0.0056  
5138.7  0.00565  
5142.9  0.0059  
5147.1  0.0059  
5151.3  0.00585  
5155.5  0.0059  
5159.700000000001  0.00587  
5163.9  0.00573  
5168.099999999999  0.00567  
5172.3  0.00569  
5176.4  0.00572  
5180.599999999999  0.00577  
5184.8  0.00571  
5189.0  0.0056  
5193.200000000001  0.00557  
5197.4  0.00562  
5201.599999999999  0.00565  
5205.8  0.00573  
5210.0  0.00585  
5214.2  0.00586  
5218.400000000001  0.00578  
5222.6  0.00567  
5226.799999999999  0.00565  
5231.0  0.00583  
5235.2  0.00602  
5239.400000000001  0.00587  
5243.6  0.00568  
5247.799999999999  0.00577  
5252.0  0.00599  
5256.3  0.00622  
5260.5  0.00637  
5264.700000000001  0.00625  
5268.9  0.00612  
5273.099999999999  0.00628  
5277.3  0.00656  
5281.5  0.00682  
5285.700000000001  0.00694  
5289.9  0.00698  
5294.099999999999  0.00713  
5298.3  0.00724  
5302.5  0.00734  
5306.7  0.00758  
5310.900000000001  0.00774  
5315.2  0.0081  
5319.400000000001  0.0087  
5323.6  0.00916  
5327.799999999999  0.00949  
5332.0  0.00995  
5336.2  0.01065  
5340.4  0.01138  
5344.6  0.0119  
5348.9  0.01233  
5353.099999999999  0.0129  
5357.3  0.01388  
5361.5  0.01541  
5365.700000000001  0.01719  
5369.9  0.01916  
5374.099999999999  0.02185  
5378.400000000001  0.02601  
5382.6  0.03208  
5386.799999999999  0.03985  
5391.0  0.04898  
5395.2  0.05982  
5399.5  0.07303  
5403.7  0.08872  
5407.9  0.10695  
5412.1  0.12806  
5416.3  0.15285  
5420.599999999999  0.18222  
5424.8  0.21663  
5429.0  0.25676  
5433.200000000001  0.30391  
5437.4  0.35839  
5441.7  0.41847  
5445.900000000001  0.48193  
5450.1  0.54681  
5454.299999999999  0.61028  
5458.6  0.6675  
5462.799999999999  0.71309  
5467.0  0.74369  
5471.2  0.75794  
5475.5  0.75748  
5479.700000000001  0.74764  
5483.9  0.73525  
5488.099999999999  0.72586  
5492.4  0.72181  
5496.599999999999  0.72231  
5500.8  0.7255  
5505.1  0.73136  
5509.299999999999  0.73926  
5513.5  0.74647  
5517.799999999999  0.75172  
5522.0  0.75621  
5526.2  0.76101  
5530.4  0.76606  
5534.700000000001  0.77216  
5538.9  0.77982  
5543.099999999999  0.78866  
5547.4  0.79881  
5551.599999999999  0.80964  
5555.8  0.82019  
5560.1  0.83049  
5564.299999999999  0.84043  
5568.6  0.8499  
5572.799999999999  0.85837  
5577.0  0.86511  
5581.3  0.8707  
5585.5  0.87549  
5589.700000000001  0.87892  
5594.0  0.88062  
5598.200000000001  0.88143  
5602.5  0.88287  
5606.7  0.88411  
5610.900000000001  0.8837  
5615.2  0.8828  
5619.400000000001  0.88232  
5623.7  0.88176  
5627.9  0.88146  
5632.1  0.88205  
5636.4  0.88326  
5640.599999999999  0.88504  
5644.9  0.88777  
5649.099999999999  0.89075  
5653.400000000001  0.89332  
5657.6  0.89599  
5661.799999999999  0.8987  
5666.1  0.90085  
5670.299999999999  0.90232  
5674.6  0.90326  
5678.8  0.90407  
5683.099999999999  0.90469  
5687.3  0.90491  
5691.599999999999  0.9043  
5695.8  0.90311  
5700.1  0.90201  
5704.299999999999  0.90077  
5708.6  0.89925  
5712.799999999999  0.89797  
5717.1  0.89687  
5721.3  0.89533  
5725.599999999999  0.89337  
5729.8  0.89171  
5734.099999999999  0.89064  
5738.3  0.88931  
5742.6  0.88694  
5746.799999999999  0.88365  
5751.1  0.88034  
5755.299999999999  0.87713  
5759.6  0.87329  
5763.9  0.86914  
5768.099999999999  0.86536  
5772.4  0.86189  
5776.599999999999  0.85824  
5780.900000000001  0.85501  
5785.1  0.85332  
5789.400000000001  0.85287  
5793.6  0.85344  
5797.9  0.85516  
5802.200000000001  0.85774  
5806.4  0.8615  
5810.700000000001  0.86678  
5814.9  0.87287  
5819.2  0.87916  
5823.5  0.88542  
5827.7  0.89068  
5832.0  0.89491  
5836.2  0.89946  
5840.5  0.90372  
5844.8  0.90611  
5849.0  0.90729  
5853.3  0.90785  
5857.6  0.90706  
5861.799999999999  0.90512  
5866.1  0.90236  
5870.4  0.89843  
5874.6  0.89327  
5878.9  0.88721  
5883.200000000001  0.88088  
5887.4  0.87369  
5891.7  0.86506  
5896.0  0.85573  
5900.2  0.84668  
5904.5  0.83782  
5908.8  0.82893  
5913.0  0.82084  
5917.3  0.81394  
5921.599999999999  0.80832  
5925.8  0.80469  
5930.1  0.80302  
5934.400000000001  0.80314  
5938.7  0.80514  
5942.9  0.8088  
5947.200000000001  0.81437  
5951.5  0.82191  
5955.700000000001  0.83004  
5960.0  0.83827  
5964.299999999999  0.84724  
5968.6  0.8563  
5972.799999999999  0.86457  
5977.1  0.87214  
5981.4  0.87901  
5985.700000000001  0.88442  
5990.0  0.88836  
5994.2  0.89192  
5998.5  0.89509  
6002.799999999999  0.89742  
6007.1  0.89908  
6011.3  0.90017  
6015.599999999999  0.90107  
6019.9  0.90192  
6024.2  0.90239  
6028.5  0.90231  
6032.7  0.90211  
6037.0  0.90219  
6041.3  0.9018  
6045.599999999999  0.90018  
6049.9  0.89724  
6054.099999999999  0.8937  
6058.400000000001  0.89027  
6062.7  0.88587  
6067.0  0.88049  
6071.3  0.87602  
6075.599999999999  0.87266  
6079.9  0.86971  
6084.099999999999  0.8673  
6088.400000000001  0.86602  
6092.7  0.86633  
6097.0  0.86815  
6101.3  0.87109  
6105.599999999999  0.87508  
6109.9  0.88032  
6114.099999999999  0.88585  
6118.400000000001  0.89066  
6122.7  0.89522  
6127.0  0.89973  
6131.3  0.90343  
6135.599999999999  0.90612  
6139.9  0.90782  
6144.2  0.90849  
6148.5  0.90772  
6152.799999999999  0.90545  
6157.1  0.90266  
6161.3  0.89972  
6165.599999999999  0.89655  
6169.9  0.89348  
6174.2  0.8908  
6178.5  0.8889  
6182.799999999999  0.88775  
6187.1  0.8871  
6191.4  0.88706  
6195.700000000001  0.88846  
6200.0  0.89115  
6204.299999999999  0.89388  
6208.6  0.89632  
6212.9  0.89881  
6217.200000000001  0.90136  
6221.5  0.90353  
6225.8  0.90524  
6230.1  0.90658  
6234.400000000001  0.90725  
6238.7  0.90729  
6243.0  0.90661  
6247.3  0.90507  
6251.599999999999  0.90318  
6255.900000000001  0.90113  
6260.2  0.89887  
6264.5  0.89683  
6268.8  0.89524  
6273.099999999999  0.89382  
6277.4  0.89274  
6281.7  0.8922  
6286.0  0.89226  
6290.299999999999  0.89305  
6294.6  0.89437  
6298.9  0.89557  
6303.200000000001  0.89673  
6307.5  0.89851  
6311.799999999999  0.90034  
6316.1  0.90179  
6320.4  0.9027  
6324.8  0.90331  
6329.099999999999  0.90384  
6333.400000000001  0.90323  
6337.7  0.90189  
6342.0  0.9007  
6346.3  0.89869  
6350.599999999999  0.89558  
6354.9  0.89212  
6359.2  0.8886  
6363.5  0.88526  
6367.9  0.88175  
6372.200000000001  0.87764  
6376.5  0.87381  
6380.8  0.87095  
6385.1  0.86837  
6389.400000000001  0.86575  
6393.7  0.86353  
6398.0  0.86204  
6402.4  0.86152  
6406.7  0.86194  
6411.0  0.86244  
6415.299999999999  0.86293  
6419.6  0.86431  
6423.9  0.86625  
6428.3  0.86806  
6432.6  0.87037  
6436.900000000001  0.87318  
6441.2  0.87561  
6445.5  0.87808  
6449.8  0.88071  
6454.2  0.88287  
6458.5  0.88504  
6462.799999999999  0.88728  
6467.1  0.88888  
6471.4  0.88969  
6475.8  0.89021  
6480.1  0.89059  
6484.400000000001  0.89016  
6488.7  0.88894  
6493.099999999999  0.88697  
6497.4  0.88341  
6501.7  0.87889  
6506.0  0.87476  
6510.299999999999  0.87033  
6514.700000000001  0.86436  
6519.0  0.85755  
6523.3  0.85114  
6527.6  0.84521  
6532.0  0.83937  
6536.3  0.83386  
6540.599999999999  0.82919  
6545.0  0.82522  
6549.299999999999  0.82164  
6553.6  0.81918  
6557.9  0.8188  
6562.3  0.81967  
6566.599999999999  0.82118  
6570.900000000001  0.82423  
6575.299999999999  0.82879  
6579.6  0.83384  
6583.9  0.83929  
6588.200000000001  0.84574  
6592.6  0.85246  
6596.900000000001  0.85862  
6601.2  0.86434  
6605.599999999999  0.86969  
6609.9  0.8748  
6614.2  0.87883  
6618.6  0.88127  
6622.9  0.88264  
6627.200000000001  0.88313  
6631.599999999999  0.88296  
6635.900000000001  0.88216  
6640.2  0.88026  
6644.6  0.87742  
6648.9  0.87502  
6653.3  0.87333  
6657.6  0.87115  
6661.900000000001  0.86879  
6666.3  0.86765  
6670.599999999999  0.86782  
6674.9  0.8686  
6679.299999999999  0.86962  
6683.6  0.87074  
6688.0  0.8724  
6692.3  0.87513  
6696.599999999999  0.87848  
6701.0  0.88188  
6705.299999999999  0.8855  
6709.700000000001  0.88874  
6714.0  0.8913  
6718.3  0.89399  
6722.7  0.8966  
6727.0  0.89835  
6731.4  0.89945  
6735.700000000001  0.90001  
6740.1  0.90005  
6744.400000000001  0.89966  
6748.7  0.89842  
6753.099999999999  0.89612  
6757.4  0.89385  
6761.799999999999  0.89176  
6766.1  0.88876  
6770.5  0.88462  
6774.8  0.88006  
6779.2  0.87605  
6783.5  0.8724  
6787.9  0.86841  
6792.200000000001  0.86458  
6796.599999999999  0.86134  
6800.900000000001  0.85854  
6805.299999999999  0.85664  
6809.6  0.85564  
6814.0  0.85528  
6818.3  0.85578  
6822.7  0.85718  
6827.0  0.85949  
6831.4  0.86241  
6835.700000000001  0.86564  
6840.1  0.86896  
6844.400000000001  0.87234  
6848.8  0.87573  
6853.099999999999  0.87841  
6857.5  0.88034  
6861.799999999999  0.88206  
6866.2  0.88304  
6870.5  0.88269  
6874.9  0.88073  
6879.299999999999  0.87733  
6883.6  0.87308  
6888.0  0.86746  
6892.3  0.8597  
6896.7  0.85035  
6901.0  0.84028  
6905.4  0.82838  
6909.8  0.81336  
6914.099999999999  0.79589  
6918.5  0.77607  
6922.799999999999  0.75287  
6927.200000000001  0.72615  
6931.599999999999  0.69635  
6935.900000000001  0.6634  
6940.299999999999  0.62695  
6944.6  0.5875  
6949.0  0.54616  
6953.400000000001  0.50352  
6957.7  0.4598  
6962.1  0.41571  
6966.4  0.37228  
6970.8  0.33012  
6975.2  0.2898  
6979.5  0.25176  
6983.9  0.21637  
6988.3  0.18377  
6992.6  0.15416  
6997.0  0.12794  
7001.4  0.10529  
7005.700000000001  0.08606  
7010.1  0.06997  
7014.5  0.05678  
7018.8  0.04605  
7023.200000000001  0.03747  
7027.6  0.03086  
7031.900000000001  0.02576  
7036.3  0.02173  
7040.700000000001  0.01855  
7045.0  0.01589  
7049.400000000001  0.01366  
7053.8  0.01194  
7058.099999999999  0.01061  
7062.5  0.00953  
7066.900000000001  0.0086  
7071.3  0.00773  
7075.599999999999  0.00697  
7080.0  0.00635  
7084.400000000001  0.00577  
7088.7  0.00526  
7093.099999999999  0.00489  
7097.5  0.00464  
7101.900000000001  0.00436  
7106.2  0.004  
7110.599999999999  0.00372  
7115.0  0.0036  
7119.400000000001  0.00353  
7123.7  0.00343  
7128.099999999999  0.00335  
7132.5  0.0032  
7136.900000000001  0.00296  
7141.2  0.00283  
7145.599999999999  0.00291  
7150.0  0.00294  
7154.400000000001  0.00289  
7158.8  0.00287  
7163.099999999999  0.00275  
7167.5  0.00259  
7171.900000000001  0.00256  
7176.3  0.00258  
7180.700000000001  0.00258  
7185.0  0.00258  
7189.400000000001  0.00257  
7193.8  0.00257  
7198.200000000001  0.00254  
7202.6  0.00252  
7206.900000000001  0.00251  
7211.3  0.00246  
7215.700000000001  0.00233  
7220.1  0.00227  
7224.5  0.00239  
7228.9  0.00243  
7233.200000000001  0.00233  
7237.6  0.00232  
7242.0  0.00237  
7246.4  0.00234  
7250.8  0.00228  
7255.2  0.00221  
7259.5  0.00218  
7263.9  0.00223  
7268.3  0.00228  
7272.7  0.00224  
7277.1  0.00213  
7281.5  0.00207  
7285.900000000001  0.00216  
7290.299999999999  0.00229  
7294.700000000001  0.00227  
7299.0  0.00218  
7303.400000000001  0.00213  
7307.799999999999  0.00211  
7312.200000000001  0.00216  
7316.599999999999  0.00224  
7321.0  0.00224  
7325.4  0.00215  
7329.8  0.00206  
7334.2  0.00202  
7338.6  0.00204  
7342.9  0.00209  
7347.3  0.0022  
7351.7  0.00223  
7356.1  0.00206  
7360.5  0.00192  
7364.9  0.00194  
7369.299999999999  0.00213  
7373.7  0.00228  
7378.099999999999  0.00221  
7382.5  0.0021  
7386.900000000001  0.00201  
7391.3  0.00193  
7395.700000000001  0.0019  

