@MEASUREMENT_RADIUS 11.0 cm
#lambda:
#tr:
#end
5000.6  0.00613  
5004.8  0.00584  
5009.0  0.00564  
5013.1  0.00559  
5017.3  0.00571  
5021.5  0.00596  
5025.7  0.00598  
5029.8  0.00597  
5034.0  0.00612  
5038.2  0.0061  
5042.4  0.0058  
5046.6  0.00561  
5050.8  0.00566  
5054.9  0.00576  
5059.1  0.00585  
5063.3  0.00582  
5067.5  0.00577  
5071.7  0.00577  
5075.9  0.00572  
5080.1  0.00556  
5084.2  0.00559  
5088.4  0.00581  
5092.6  0.00583  
5096.8  0.00566  
5101.0  0.00564  
5105.2  0.00585  
5109.4  0.00607  
5113.6  0.00597  
5117.7  0.00554  
5121.900000000001  0.00542  
5126.1  0.0057  
5130.299999999999  0.00573  
5134.5  0.00563  
5138.7  0.00572  
5142.9  0.00581  
5147.1  0.00567  
5151.3  0.00553  
5155.5  0.00556  
5159.700000000001  0.00553  
5163.9  0.0054  
5168.099999999999  0.00555  
5172.3  0.00572  
5176.4  0.00573  
5180.599999999999  0.00584  
5184.8  0.0059  
5189.0  0.0058  
5193.200000000001  0.00572  
5197.4  0.00566  
5201.599999999999  0.00562  
5205.8  0.00561  
5210.0  0.00573  
5214.2  0.00598  
5218.400000000001  0.00604  
5222.6  0.00593  
5226.799999999999  0.00581  
5231.0  0.00567  
5235.2  0.00573  
5239.400000000001  0.00591  
5243.6  0.00603  
5247.799999999999  0.00596  
5252.0  0.00573  
5256.3  0.0057  
5260.5  0.00589  
5264.700000000001  0.00595  
5268.9  0.00602  
5273.099999999999  0.00622  
5277.3  0.00634  
5281.5  0.00643  
5285.700000000001  0.0066  
5289.9  0.00678  
5294.099999999999  0.00678  
5298.3  0.00691  
5302.5  0.00724  
5306.7  0.00737  
5310.900000000001  0.00742  
5315.2  0.00782  
5319.400000000001  0.0084  
5323.6  0.00877  
5327.799999999999  0.00905  
5332.0  0.00956  
5336.2  0.01013  
5340.4  0.01049  
5344.6  0.01094  
5348.9  0.01163  
5353.099999999999  0.01236  
5357.3  0.0132  
5361.5  0.01431  
5365.700000000001  0.01535  
5369.9  0.01644  
5374.099999999999  0.01833  
5378.400000000001  0.02157  
5382.6  0.02625  
5386.799999999999  0.03249  
5391.0  0.04036  
5395.2  0.04995  
5399.5  0.06127  
5403.7  0.07432  
5407.9  0.08993  
5412.1  0.1087  
5416.3  0.1304  
5420.599999999999  0.15555  
5424.8  0.18474  
5429.0  0.21822  
5433.200000000001  0.25698  
5437.4  0.30162  
5441.7  0.35199  
5445.900000000001  0.40799  
5450.1  0.4688  
5454.299999999999  0.53189  
5458.6  0.59379  
5462.799999999999  0.65094  
5467.0  0.69925  
5471.2  0.73476  
5475.5  0.75466  
5479.700000000001  0.75916  
5483.9  0.75259  
5488.099999999999  0.74124  
5492.4  0.73081  
5496.599999999999  0.72476  
5500.8  0.72347  
5505.1  0.72636  
5509.299999999999  0.7323  
5513.5  0.73932  
5517.799999999999  0.74596  
5522.0  0.75138  
5526.2  0.75582  
5530.4  0.76014  
5534.700000000001  0.76492  
5538.9  0.7703  
5543.099999999999  0.77668  
5547.4  0.78425  
5551.599999999999  0.79278  
5555.8  0.80226  
5560.1  0.8123  
5564.299999999999  0.82238  
5568.6  0.83255  
5572.799999999999  0.84236  
5577.0  0.85102  
5581.3  0.85843  
5585.5  0.86461  
5589.700000000001  0.86969  
5594.0  0.87379  
5598.200000000001  0.87693  
5602.5  0.87914  
5606.7  0.88032  
5610.900000000001  0.88042  
5615.2  0.88028  
5619.400000000001  0.88045  
5623.7  0.88034  
5627.9  0.87994  
5632.1  0.8796  
5636.4  0.87969  
5640.599999999999  0.88127  
5644.9  0.88378  
5649.099999999999  0.88595  
5653.400000000001  0.88833  
5657.6  0.89098  
5661.799999999999  0.89377  
5666.1  0.89655  
5670.299999999999  0.89827  
5674.6  0.89906  
5678.8  0.8999  
5683.099999999999  0.90109  
5687.3  0.90202  
5691.599999999999  0.90182  
5695.8  0.90071  
5700.1  0.89947  
5704.299999999999  0.89856  
5708.6  0.89733  
5712.799999999999  0.89529  
5717.1  0.89334  
5721.3  0.89203  
5725.599999999999  0.89098  
5729.8  0.88965  
5734.099999999999  0.88819  
5738.3  0.88659  
5742.6  0.88444  
5746.799999999999  0.88218  
5751.1  0.88032  
5755.299999999999  0.87817  
5759.6  0.87493  
5763.9  0.87131  
5768.099999999999  0.86803  
5772.4  0.86466  
5776.599999999999  0.86145  
5780.900000000001  0.85867  
5785.1  0.85577  
5789.400000000001  0.85364  
5793.6  0.85369  
5797.9  0.85504  
5802.200000000001  0.85619  
5806.4  0.85779  
5810.700000000001  0.86102  
5814.9  0.86602  
5819.2  0.87191  
5823.5  0.87739  
5827.7  0.8824  
5832.0  0.88762  
5836.2  0.89269  
5840.5  0.89644  
5844.8  0.89914  
5849.0  0.90175  
5853.3  0.90373  
5857.6  0.90425  
5861.799999999999  0.9034  
5866.1  0.90139  
5870.4  0.89855  
5874.6  0.89544  
5878.9  0.89167  
5883.200000000001  0.88647  
5887.4  0.88028  
5891.7  0.87363  
5896.0  0.86624  
5900.2  0.85803  
5904.5  0.84944  
5908.8  0.84079  
5913.0  0.8323  
5917.3  0.82439  
5921.599999999999  0.81734  
5925.8  0.81151  
5930.1  0.80734  
5934.400000000001  0.80519  
5938.7  0.80484  
5942.9  0.80606  
5947.200000000001  0.80926  
5951.5  0.81443  
5955.700000000001  0.82091  
5960.0  0.82826  
5964.299999999999  0.83627  
5968.6  0.84454  
5972.799999999999  0.85303  
5977.1  0.86152  
5981.4  0.86907  
5985.700000000001  0.87543  
5990.0  0.88111  
5994.2  0.88576  
5998.5  0.88909  
6002.799999999999  0.89184  
6007.1  0.89425  
6011.3  0.89593  
6015.599999999999  0.89718  
6019.9  0.89835  
6024.2  0.89892  
6028.5  0.89888  
6032.7  0.89913  
6037.0  0.89952  
6041.3  0.89916  
6045.599999999999  0.89815  
6049.9  0.89685  
6054.099999999999  0.89469  
6058.400000000001  0.89184  
6062.7  0.88838  
6067.0  0.884  
6071.3  0.87979  
6075.599999999999  0.87646  
6079.9  0.87309  
6084.099999999999  0.86943  
6088.400000000001  0.86645  
6092.7  0.86507  
6097.0  0.86545  
6101.3  0.86704  
6105.599999999999  0.86986  
6109.9  0.87375  
6114.099999999999  0.87757  
6118.400000000001  0.88156  
6122.7  0.88695  
6127.0  0.8926  
6131.3  0.89681  
6135.599999999999  0.90033  
6139.9  0.90326  
6144.2  0.90466  
6148.5  0.90478  
6152.799999999999  0.9041  
6157.1  0.90274  
6161.3  0.90062  
6165.599999999999  0.89751  
6169.9  0.8943  
6174.2  0.89162  
6178.5  0.88893  
6182.799999999999  0.88613  
6187.1  0.88418  
6191.4  0.88346  
6195.700000000001  0.88403  
6200.0  0.88546  
6204.299999999999  0.88704  
6208.6  0.8891  
6212.9  0.8919  
6217.200000000001  0.89495  
6221.5  0.89738  
6225.8  0.8991  
6230.1  0.90084  
6234.400000000001  0.90254  
6238.7  0.90369  
6243.0  0.90431  
6247.3  0.9039  
6251.599999999999  0.90233  
6255.900000000001  0.9003  
6260.2  0.89859  
6264.5  0.89739  
6268.8  0.896  
6273.099999999999  0.89401  
6277.4  0.89196  
6281.7  0.89081  
6286.0  0.89082  
6290.299999999999  0.89111  
6294.6  0.89128  
6298.9  0.89197  
6303.200000000001  0.89316  
6307.5  0.89478  
6311.799999999999  0.89662  
6316.1  0.8979  
6320.4  0.89857  
6324.8  0.89932  
6329.099999999999  0.90015  
6333.400000000001  0.90048  
6337.7  0.90035  
6342.0  0.89952  
6346.3  0.89757  
6350.599999999999  0.8951  
6354.9  0.8925  
6359.2  0.88938  
6363.5  0.88576  
6367.9  0.88196  
6372.200000000001  0.8781  
6376.5  0.87442  
6380.8  0.87117  
6385.1  0.86812  
6389.400000000001  0.86521  
6393.7  0.86258  
6398.0  0.86071  
6402.4  0.85975  
6406.7  0.85921  
6411.0  0.85909  
6415.299999999999  0.85971  
6419.6  0.86081  
6423.9  0.86201  
6428.3  0.86327  
6432.6  0.86526  
6436.900000000001  0.86815  
6441.2  0.87096  
6445.5  0.87327  
6449.8  0.87571  
6454.2  0.87844  
6458.5  0.88066  
6462.799999999999  0.88222  
6467.1  0.88404  
6471.4  0.8861  
6475.8  0.88749  
6480.1  0.88841  
6484.400000000001  0.88869  
6488.7  0.88757  
6493.099999999999  0.88591  
6497.4  0.88415  
6501.7  0.88165  
6506.0  0.87826  
6510.299999999999  0.87372  
6514.700000000001  0.8681  
6519.0  0.86242  
6523.3  0.85684  
6527.6  0.85073  
6532.0  0.84432  
6536.3  0.83807  
6540.599999999999  0.83233  
6545.0  0.82732  
6549.299999999999  0.82288  
6553.6  0.81923  
6557.9  0.81695  
6562.3  0.81602  
6566.599999999999  0.81608  
6570.900000000001  0.8175  
6575.299999999999  0.8202  
6579.6  0.82396  
6583.9  0.82889  
6588.200000000001  0.83443  
6592.6  0.8402  
6596.900000000001  0.8466  
6601.2  0.85314  
6605.599999999999  0.85919  
6609.9  0.865  
6614.2  0.87012  
6618.6  0.87391  
6622.9  0.87678  
6627.200000000001  0.87895  
6631.599999999999  0.88038  
6635.900000000001  0.88071  
6640.2  0.87942  
6644.6  0.87732  
6648.9  0.87577  
6653.3  0.87437  
6657.6  0.87188  
6661.900000000001  0.86886  
6666.3  0.86649  
6670.599999999999  0.8652  
6674.9  0.86498  
6679.299999999999  0.86523  
6683.6  0.86565  
6688.0  0.86642  
6692.3  0.86798  
6696.599999999999  0.87048  
6701.0  0.87335  
6705.299999999999  0.87652  
6709.700000000001  0.87979  
6714.0  0.88258  
6718.3  0.88519  
6722.7  0.88804  
6727.0  0.89056  
6731.4  0.89245  
6735.700000000001  0.89382  
6740.1  0.89459  
6744.400000000001  0.89523  
6748.7  0.89557  
6753.099999999999  0.89456  
6757.4  0.89258  
6761.799999999999  0.89045  
6766.1  0.88809  
6770.5  0.88479  
6774.8  0.88078  
6779.2  0.87706  
6783.5  0.87345  
6787.9  0.86975  
6792.200000000001  0.86609  
6796.599999999999  0.86213  
6800.900000000001  0.85847  
6805.299999999999  0.85571  
6809.6  0.85375  
6814.0  0.85253  
6818.3  0.85179  
6822.7  0.85205  
6827.0  0.85367  
6831.4  0.85559  
6835.700000000001  0.85753  
6840.1  0.86042  
6844.400000000001  0.86406  
6848.8  0.86728  
6853.099999999999  0.86992  
6857.5  0.87266  
6861.799999999999  0.87535  
6866.2  0.87713  
6870.5  0.87798  
6874.9  0.87765  
6879.299999999999  0.8758  
6883.6  0.87309  
6888.0  0.86941  
6892.3  0.86355  
6896.7  0.85572  
6901.0  0.84741  
6905.4  0.83799  
6909.8  0.82565  
6914.099999999999  0.81087  
6918.5  0.79462  
6922.799999999999  0.77609  
6927.200000000001  0.7543  
6931.599999999999  0.72891  
6935.900000000001  0.70005  
6940.299999999999  0.66851  
6944.6  0.63423  
6949.0  0.59686  
6953.400000000001  0.55718  
6957.7  0.5155  
6962.1  0.47221  
6966.4  0.42823  
6970.8  0.38464  
6975.2  0.34257  
6979.5  0.30223  
6983.9  0.26371  
6988.3  0.22742  
6992.6  0.19378  
6997.0  0.1633  
7001.4  0.13622  
7005.700000000001  0.11265  
7010.1  0.09246  
7014.5  0.07539  
7018.8  0.06118  
7023.200000000001  0.04971  
7027.6  0.04061  
7031.900000000001  0.03333  
7036.3  0.02756  
7040.700000000001  0.02323  
7045.0  0.01981  
7049.400000000001  0.01673  
7053.8  0.01425  
7058.099999999999  0.01258  
7062.5  0.01126  
7066.900000000001  0.00994  
7071.3  0.0088  
7075.599999999999  0.00792  
7080.0  0.00719  
7084.400000000001  0.00649  
7088.7  0.00591  
7093.099999999999  0.00546  
7097.5  0.00507  
7101.900000000001  0.00475  
7106.2  0.00447  
7110.599999999999  0.00419  
7115.0  0.00395  
7119.400000000001  0.0037  
7123.7  0.00347  
7128.099999999999  0.00339  
7132.5  0.00339  
7136.900000000001  0.0033  
7141.2  0.00312  
7145.599999999999  0.003  
7150.0  0.00287  
7154.400000000001  0.00271  
7158.8  0.00273  
7163.099999999999  0.00283  
7167.5  0.00276  
7171.900000000001  0.00267  
7176.3  0.00261  
7180.700000000001  0.00255  
7185.0  0.00254  
7189.400000000001  0.00253  
7193.8  0.00255  
7198.200000000001  0.00257  
7202.6  0.00247  
7206.900000000001  0.00238  
7211.3  0.0024  
7215.700000000001  0.00245  
7220.1  0.00249  
7224.5  0.00244  
7228.9  0.00228  
7233.200000000001  0.00222  
7237.6  0.00228  
7242.0  0.00232  
7246.4  0.00232  
7250.8  0.00233  
7255.2  0.00232  
7259.5  0.00231  
7263.9  0.00229  
7268.3  0.0023  
7272.7  0.00232  
7277.1  0.0023  
7281.5  0.00225  
7285.900000000001  0.00221  
7290.299999999999  0.00229  
7294.700000000001  0.0024  
7299.0  0.00234  
7303.400000000001  0.00217  
7307.799999999999  0.00216  
7312.200000000001  0.00222  
7316.599999999999  0.00217  
7321.0  0.00205  
7325.4  0.00206  
7329.8  0.00214  
7334.2  0.00215  
7338.6  0.00211  
7342.9  0.00211  
7347.3  0.00218  
7351.7  0.00215  
7356.1  0.00208  
7360.5  0.00212  
7364.9  0.00211  
7369.299999999999  0.00203  
7373.7  0.00201  
7378.099999999999  0.00204  
7382.5  0.00205  
7386.900000000001  0.00204  
7391.3  0.00202  
7395.700000000001  0.00194  

