@MEASUREMENT_RADIUS 12.0 cm
#lambda:
#tr:
#end
5000.6  0.00604  
5004.8  0.00594  
5009.0  0.00588  
5013.1  0.00605  
5017.3  0.00635  
5021.5  0.00608  
5025.7  0.00552  
5029.8  0.00566  
5034.0  0.00598  
5038.2  0.00588  
5042.4  0.00587  
5046.6  0.00606  
5050.8  0.00599  
5054.9  0.00579  
5059.1  0.00585  
5063.3  0.00592  
5067.5  0.00588  
5071.7  0.00578  
5075.9  0.00566  
5080.1  0.00576  
5084.2  0.00611  
5088.4  0.00611  
5092.6  0.00573  
5096.8  0.00561  
5101.0  0.00569  
5105.2  0.00579  
5109.4  0.00579  
5113.6  0.00564  
5117.7  0.00568  
5121.900000000001  0.00596  
5126.1  0.00584  
5130.299999999999  0.00557  
5134.5  0.00569  
5138.7  0.00568  
5142.9  0.0055  
5147.1  0.0056  
5151.3  0.00578  
5155.5  0.00581  
5159.700000000001  0.00584  
5163.9  0.0058  
5168.099999999999  0.00581  
5172.3  0.00602  
5176.4  0.00596  
5180.599999999999  0.00552  
5184.8  0.00538  
5189.0  0.00574  
5193.200000000001  0.00603  
5197.4  0.00599  
5201.599999999999  0.00582  
5205.8  0.00583  
5210.0  0.00576  
5214.2  0.00549  
5218.400000000001  0.0055  
5222.6  0.00579  
5226.799999999999  0.00585  
5231.0  0.00572  
5235.2  0.00576  
5239.400000000001  0.0059  
5243.6  0.00591  
5247.799999999999  0.00582  
5252.0  0.00591  
5256.3  0.00611  
5260.5  0.00609  
5264.700000000001  0.00598  
5268.9  0.0061  
5273.099999999999  0.00621  
5277.3  0.00605  
5281.5  0.0061  
5285.700000000001  0.00645  
5289.9  0.00654  
5294.099999999999  0.0065  
5298.3  0.00666  
5302.5  0.00689  
5306.7  0.00711  
5310.900000000001  0.00731  
5315.2  0.00754  
5319.400000000001  0.00785  
5323.6  0.00826  
5327.799999999999  0.0086  
5332.0  0.00887  
5336.2  0.0093  
5340.4  0.0098  
5344.6  0.0102  
5348.9  0.01073  
5353.099999999999  0.01128  
5357.3  0.01169  
5361.5  0.01241  
5365.700000000001  0.01337  
5369.9  0.01425  
5374.099999999999  0.01551  
5378.400000000001  0.01758  
5382.6  0.02069  
5386.799999999999  0.02513  
5391.0  0.03092  
5395.2  0.03834  
5399.5  0.04778  
5403.7  0.0591  
5407.9  0.07229  
5412.1  0.08774  
5416.3  0.10582  
5420.599999999999  0.12661  
5424.8  0.15027  
5429.0  0.17768  
5433.200000000001  0.20963  
5437.4  0.24625  
5441.7  0.28777  
5445.900000000001  0.33475  
5450.1  0.3875  
5454.299999999999  0.44548  
5458.6  0.50659  
5462.799999999999  0.56753  
5467.0  0.62545  
5471.2  0.67769  
5475.5  0.71956  
5479.700000000001  0.7464  
5483.9  0.75776  
5488.099999999999  0.7569  
5492.4  0.74843  
5496.599999999999  0.73737  
5500.8  0.72858  
5505.1  0.72538  
5509.299999999999  0.72715  
5513.5  0.73162  
5517.799999999999  0.73753  
5522.0  0.74365  
5526.2  0.74939  
5530.4  0.75496  
5534.700000000001  0.75975  
5538.9  0.76308  
5543.099999999999  0.76643  
5547.4  0.77182  
5551.599999999999  0.77893  
5555.8  0.78634  
5560.1  0.79422  
5564.299999999999  0.80353  
5568.6  0.81424  
5572.799999999999  0.82498  
5577.0  0.83454  
5581.3  0.84362  
5585.5  0.85236  
5589.700000000001  0.85925  
5594.0  0.86427  
5598.200000000001  0.86891  
5602.5  0.87303  
5606.7  0.87604  
5610.900000000001  0.87807  
5615.2  0.87904  
5619.400000000001  0.87902  
5623.7  0.87893  
5627.9  0.87905  
5632.1  0.87888  
5636.4  0.87874  
5640.599999999999  0.8792  
5644.9  0.88067  
5649.099999999999  0.88285  
5653.400000000001  0.88474  
5657.6  0.88697  
5661.799999999999  0.88984  
5666.1  0.89201  
5670.299999999999  0.8939  
5674.6  0.89638  
5678.8  0.89876  
5683.099999999999  0.90004  
5687.3  0.90054  
5691.599999999999  0.90064  
5695.8  0.89981  
5700.1  0.8985  
5704.299999999999  0.89771  
5708.6  0.89693  
5712.799999999999  0.89535  
5717.1  0.89331  
5721.3  0.89116  
5725.599999999999  0.88904  
5729.8  0.88744  
5734.099999999999  0.88663  
5738.3  0.88592  
5742.6  0.88411  
5746.799999999999  0.8815  
5751.1  0.87954  
5755.299999999999  0.87778  
5759.6  0.87537  
5763.9  0.87336  
5768.099999999999  0.87168  
5772.4  0.86889  
5776.599999999999  0.86554  
5780.900000000001  0.86238  
5785.1  0.85913  
5789.400000000001  0.85703  
5793.6  0.8564  
5797.9  0.8561  
5802.200000000001  0.85626  
5806.4  0.85696  
5810.700000000001  0.85866  
5814.9  0.86223  
5819.2  0.86676  
5823.5  0.87134  
5827.7  0.87622  
5832.0  0.88122  
5836.2  0.88614  
5840.5  0.89069  
5844.8  0.89432  
5849.0  0.89762  
5853.3  0.90047  
5857.6  0.90161  
5861.799999999999  0.90155  
5866.1  0.90156  
5870.4  0.9007  
5874.6  0.8982  
5878.9  0.89515  
5883.200000000001  0.89151  
5887.4  0.88661  
5891.7  0.88076  
5896.0  0.87446  
5900.2  0.86788  
5904.5  0.8608  
5908.8  0.85308  
5913.0  0.84501  
5917.3  0.83669  
5921.599999999999  0.8285  
5925.8  0.82158  
5930.1  0.81574  
5934.400000000001  0.8107  
5938.7  0.80755  
5942.9  0.80698  
5947.200000000001  0.80817  
5951.5  0.8103  
5955.700000000001  0.81375  
5960.0  0.81892  
5964.299999999999  0.82583  
5968.6  0.8339  
5972.799999999999  0.84224  
5977.1  0.8505  
5981.4  0.85856  
5985.700000000001  0.86593  
5990.0  0.87254  
5994.2  0.87858  
5998.5  0.88365  
6002.799999999999  0.88727  
6007.1  0.8899  
6011.3  0.89227  
6015.599999999999  0.8942  
6019.9  0.89558  
6024.2  0.89647  
6028.5  0.89665  
6032.7  0.89704  
6037.0  0.89784  
6041.3  0.89788  
6045.599999999999  0.89733  
6049.9  0.89675  
6054.099999999999  0.89569  
6058.400000000001  0.89425  
6062.7  0.8922  
6067.0  0.88906  
6071.3  0.88531  
6075.599999999999  0.88128  
6079.9  0.87733  
6084.099999999999  0.87377  
6088.400000000001  0.87072  
6092.7  0.86828  
6097.0  0.86639  
6101.3  0.86581  
6105.599999999999  0.86699  
6109.9  0.86958  
6114.099999999999  0.87288  
6118.400000000001  0.87616  
6122.7  0.87964  
6127.0  0.88392  
6131.3  0.889  
6135.599999999999  0.8939  
6139.9  0.89756  
6144.2  0.90008  
6148.5  0.90196  
6152.799999999999  0.90292  
6157.1  0.90237  
6161.3  0.90072  
6165.599999999999  0.89911  
6169.9  0.89723  
6174.2  0.89394  
6178.5  0.88995  
6182.799999999999  0.88692  
6187.1  0.88483  
6191.4  0.88279  
6195.700000000001  0.88141  
6200.0  0.88135  
6204.299999999999  0.8822  
6208.6  0.88366  
6212.9  0.88567  
6217.200000000001  0.88777  
6221.5  0.8899  
6225.8  0.89278  
6230.1  0.89591  
6234.400000000001  0.89834  
6238.7  0.90026  
6243.0  0.90145  
6247.3  0.90165  
6251.599999999999  0.90127  
6255.900000000001  0.90083  
6260.2  0.90061  
6264.5  0.89976  
6268.8  0.89761  
6273.099999999999  0.89543  
6277.4  0.89379  
6281.7  0.89214  
6286.0  0.8909  
6290.299999999999  0.8905  
6294.6  0.89044  
6298.9  0.89059  
6303.200000000001  0.89107  
6307.5  0.89202  
6311.799999999999  0.89324  
6316.1  0.89449  
6320.4  0.89553  
6324.8  0.89681  
6329.099999999999  0.89847  
6333.400000000001  0.89906  
6337.7  0.89874  
6342.0  0.89841  
6346.3  0.8976  
6350.599999999999  0.89601  
6354.9  0.89362  
6359.2  0.89089  
6363.5  0.88823  
6367.9  0.88491  
6372.200000000001  0.88094  
6376.5  0.87742  
6380.8  0.87395  
6385.1  0.87018  
6389.400000000001  0.86661  
6393.7  0.86371  
6398.0  0.86192  
6402.4  0.86045  
6406.7  0.85877  
6411.0  0.85795  
6415.299999999999  0.85812  
6419.6  0.85885  
6423.9  0.85971  
6428.3  0.86034  
6432.6  0.86168  
6436.900000000001  0.86438  
6441.2  0.86714  
6445.5  0.86938  
6449.8  0.872  
6454.2  0.87461  
6458.5  0.87666  
6462.799999999999  0.87886  
6467.1  0.88136  
6471.4  0.88354  
6475.8  0.88551  
6480.1  0.88721  
6484.400000000001  0.88791  
6488.7  0.88772  
6493.099999999999  0.88717  
6497.4  0.88594  
6501.7  0.88396  
6506.0  0.88157  
6510.299999999999  0.87825  
6514.700000000001  0.87378  
6519.0  0.8689  
6523.3  0.86381  
6527.6  0.85788  
6532.0  0.85124  
6536.3  0.84486  
6540.599999999999  0.83885  
6545.0  0.83297  
6549.299999999999  0.82763  
6553.6  0.82303  
6557.9  0.81912  
6562.3  0.81617  
6566.599999999999  0.81459  
6570.900000000001  0.8145  
6575.299999999999  0.81537  
6579.6  0.81744  
6583.9  0.82098  
6588.200000000001  0.82527  
6592.6  0.83019  
6596.900000000001  0.83576  
6601.2  0.84185  
6605.599999999999  0.84841  
6609.9  0.85509  
6614.2  0.86108  
6618.6  0.86586  
6622.9  0.87005  
6627.200000000001  0.87417  
6631.599999999999  0.87768  
6635.900000000001  0.87972  
6640.2  0.87978  
6644.6  0.87857  
6648.9  0.87756  
6653.3  0.87664  
6657.6  0.87466  
6661.900000000001  0.87186  
6666.3  0.86926  
6670.599999999999  0.86703  
6674.9  0.86544  
6679.299999999999  0.86454  
6683.6  0.86371  
6688.0  0.86316  
6692.3  0.86368  
6696.599999999999  0.8653  
6701.0  0.86715  
6705.299999999999  0.8692  
6709.700000000001  0.87169  
6714.0  0.8745  
6718.3  0.87781  
6722.7  0.88125  
6727.0  0.88397  
6731.4  0.88625  
6735.700000000001  0.88833  
6740.1  0.89021  
6744.400000000001  0.89183  
6748.7  0.89278  
6753.099999999999  0.89263  
6757.4  0.89161  
6761.799999999999  0.89052  
6766.1  0.88916  
6770.5  0.88683  
6774.8  0.88368  
6779.2  0.88044  
6783.5  0.87709  
6787.9  0.87317  
6792.200000000001  0.86892  
6796.599999999999  0.86492  
6800.900000000001  0.8612  
6805.299999999999  0.85748  
6809.6  0.85429  
6814.0  0.8524  
6818.3  0.85131  
6822.7  0.85039  
6827.0  0.84999  
6831.4  0.85057  
6835.700000000001  0.85243  
6840.1  0.85494  
6844.400000000001  0.85729  
6848.8  0.86008  
6853.099999999999  0.86353  
6857.5  0.86667  
6861.799999999999  0.86929  
6866.2  0.87199  
6870.5  0.8744  
6874.9  0.87543  
6879.299999999999  0.87521  
6883.6  0.8743  
6888.0  0.87211  
6892.3  0.86787  
6896.7  0.86242  
6901.0  0.85654  
6905.4  0.84892  
6909.8  0.83865  
6914.099999999999  0.82636  
6918.5  0.81297  
6922.799999999999  0.79786  
6927.200000000001  0.77976  
6931.599999999999  0.75862  
6935.900000000001  0.7347  
6940.299999999999  0.70791  
6944.6  0.67801  
6949.0  0.64516  
6953.400000000001  0.6096  
6957.7  0.57121  
6962.1  0.53043  
6966.4  0.48803  
6970.8  0.44488  
6975.2  0.40185  
6979.5  0.35949  
6983.9  0.31851  
6988.3  0.27923  
6992.6  0.24208  
6997.0  0.20761  
7001.4  0.17611  
7005.700000000001  0.1479  
7010.1  0.12299  
7014.5  0.1013  
7018.8  0.0829  
7023.200000000001  0.06765  
7027.6  0.05504  
7031.900000000001  0.04484  
7036.3  0.03683  
7040.700000000001  0.03054  
7045.0  0.02548  
7049.400000000001  0.02133  
7053.8  0.01804  
7058.099999999999  0.01561  
7062.5  0.01371  
7066.900000000001  0.01201  
7071.3  0.01055  
7075.599999999999  0.00937  
7080.0  0.00833  
7084.400000000001  0.00743  
7088.7  0.00682  
7093.099999999999  0.00636  
7097.5  0.00587  
7101.900000000001  0.00537  
7106.2  0.00496  
7110.599999999999  0.00469  
7115.0  0.00442  
7119.400000000001  0.00407  
7123.7  0.00377  
7128.099999999999  0.0036  
7132.5  0.00352  
7136.900000000001  0.00349  
7141.2  0.0033  
7145.599999999999  0.00305  
7150.0  0.00301  
7154.400000000001  0.00303  
7158.8  0.00296  
7163.099999999999  0.0029  
7167.5  0.00286  
7171.900000000001  0.00282  
7176.3  0.00276  
7180.700000000001  0.00267  
7185.0  0.00263  
7189.400000000001  0.00266  
7193.8  0.00264  
7198.200000000001  0.00256  
7202.6  0.00246  
7206.900000000001  0.00245  
7211.3  0.00253  
7215.700000000001  0.00258  
7220.1  0.00255  
7224.5  0.00247  
7228.9  0.00239  
7233.200000000001  0.00243  
7237.6  0.00252  
7242.0  0.00241  
7246.4  0.00225  
7250.8  0.00235  
7255.2  0.00251  
7259.5  0.00247  
7263.9  0.00231  
7268.3  0.00223  
7272.7  0.00222  
7277.1  0.00227  
7281.5  0.00231  
7285.900000000001  0.00225  
7290.299999999999  0.00222  
7294.700000000001  0.00226  
7299.0  0.00228  
7303.400000000001  0.00228  
7307.799999999999  0.00223  
7312.200000000001  0.00225  
7316.599999999999  0.00226  
7321.0  0.00216  
7325.4  0.00214  
7329.8  0.00221  
7334.2  0.00217  
7338.6  0.00213  
7342.9  0.00223  
7347.3  0.00234  
7351.7  0.00218  
7356.1  0.00187  
7360.5  0.00183  
7364.9  0.00199  
7369.299999999999  0.00203  
7373.7  0.00202  
7378.099999999999  0.00204  
7382.5  0.002  
7386.900000000001  0.00197  
7391.3  0.00201  
7395.700000000001  0.00205  

