@MEASUREMENT_RADIUS 13.0 cm
#lambda:
#tr:
#end
5000.6  0.00583  
5004.8  0.00595  
5009.0  0.00586  
5013.1  0.0057  
5017.3  0.00575  
5021.5  0.00587  
5025.7  0.00582  
5029.8  0.00572  
5034.0  0.00581  
5038.2  0.00613  
5042.4  0.00623  
5046.6  0.00605  
5050.8  0.00584  
5054.9  0.00573  
5059.1  0.00593  
5063.3  0.00613  
5067.5  0.00599  
5071.7  0.00593  
5075.9  0.00605  
5080.1  0.00593  
5084.2  0.00587  
5088.4  0.00599  
5092.6  0.00591  
5096.8  0.00572  
5101.0  0.00568  
5105.2  0.00581  
5109.4  0.00614  
5113.6  0.00625  
5117.7  0.00583  
5121.900000000001  0.00554  
5126.1  0.00569  
5130.299999999999  0.00589  
5134.5  0.00601  
5138.7  0.00584  
5142.9  0.00558  
5147.1  0.00569  
5151.3  0.00587  
5155.5  0.00575  
5159.700000000001  0.00579  
5163.9  0.00596  
5168.099999999999  0.00584  
5172.3  0.0056  
5176.4  0.0055  
5180.599999999999  0.0056  
5184.8  0.00581  
5189.0  0.00591  
5193.200000000001  0.00583  
5197.4  0.00579  
5201.599999999999  0.00575  
5205.8  0.00559  
5210.0  0.00553  
5214.2  0.00568  
5218.400000000001  0.00572  
5222.6  0.00568  
5226.799999999999  0.00577  
5231.0  0.0058  
5235.2  0.00591  
5239.400000000001  0.00608  
5243.6  0.00603  
5247.799999999999  0.00586  
5252.0  0.00585  
5256.3  0.00594  
5260.5  0.00599  
5264.700000000001  0.00609  
5268.9  0.00604  
5273.099999999999  0.0059  
5277.3  0.00606  
5281.5  0.0062  
5285.700000000001  0.00622  
5289.9  0.00644  
5294.099999999999  0.00668  
5298.3  0.00673  
5302.5  0.00682  
5306.7  0.00709  
5310.900000000001  0.00723  
5315.2  0.00721  
5319.400000000001  0.00742  
5323.6  0.0079  
5327.799999999999  0.00835  
5332.0  0.00869  
5336.2  0.009  
5340.4  0.00936  
5344.6  0.00982  
5348.9  0.01033  
5353.099999999999  0.01073  
5357.3  0.01101  
5361.5  0.01137  
5365.700000000001  0.01196  
5369.9  0.01283  
5374.099999999999  0.01379  
5378.400000000001  0.01512  
5382.6  0.01724  
5386.799999999999  0.0203  
5391.0  0.02486  
5395.2  0.03127  
5399.5  0.03942  
5403.7  0.04926  
5407.9  0.06093  
5412.1  0.07448  
5416.3  0.09001  
5420.599999999999  0.10784  
5424.8  0.12843  
5429.0  0.1523  
5433.200000000001  0.18001  
5437.4  0.21192  
5441.7  0.2482  
5445.900000000001  0.28973  
5450.1  0.33763  
5454.299999999999  0.3919  
5458.6  0.45106  
5462.799999999999  0.51262  
5467.0  0.57343  
5471.2  0.63035  
5475.5  0.68054  
5479.700000000001  0.72072  
5483.9  0.74724  
5488.099999999999  0.75832  
5492.4  0.75625  
5496.599999999999  0.74704  
5500.8  0.73696  
5505.1  0.72998  
5509.299999999999  0.72743  
5513.5  0.72886  
5517.799999999999  0.73341  
5522.0  0.73995  
5526.2  0.74645  
5530.4  0.75131  
5534.700000000001  0.75512  
5538.9  0.75854  
5543.099999999999  0.76179  
5547.4  0.76561  
5551.599999999999  0.77036  
5555.8  0.77592  
5560.1  0.78273  
5564.299999999999  0.79172  
5568.6  0.8022  
5572.799999999999  0.81264  
5577.0  0.82252  
5581.3  0.83228  
5585.5  0.84222  
5589.700000000001  0.85107  
5594.0  0.85782  
5598.200000000001  0.86354  
5602.5  0.86881  
5606.7  0.87269  
5610.900000000001  0.87515  
5615.2  0.87699  
5619.400000000001  0.87774  
5623.7  0.87777  
5627.9  0.87842  
5632.1  0.879  
5636.4  0.87847  
5640.599999999999  0.87827  
5644.9  0.87934  
5649.099999999999  0.8806  
5653.400000000001  0.88196  
5657.6  0.88436  
5661.799999999999  0.88741  
5666.1  0.88985  
5670.299999999999  0.8916  
5674.6  0.89377  
5678.8  0.8964  
5683.099999999999  0.89831  
5687.3  0.899  
5691.599999999999  0.89923  
5695.8  0.89946  
5700.1  0.89895  
5704.299999999999  0.89749  
5708.6  0.89579  
5712.799999999999  0.89463  
5717.1  0.89365  
5721.3  0.89157  
5725.599999999999  0.88881  
5729.8  0.88675  
5734.099999999999  0.88575  
5738.3  0.88479  
5742.6  0.8831  
5746.799999999999  0.88107  
5751.1  0.87916  
5755.299999999999  0.87752  
5759.6  0.87564  
5763.9  0.8735  
5768.099999999999  0.87162  
5772.4  0.86981  
5776.599999999999  0.86757  
5780.900000000001  0.86476  
5785.1  0.86204  
5789.400000000001  0.86019  
5793.6  0.85891  
5797.9  0.85765  
5802.200000000001  0.85691  
5806.4  0.85727  
5810.700000000001  0.85857  
5814.9  0.86136  
5819.2  0.86564  
5823.5  0.86973  
5827.7  0.87323  
5832.0  0.87775  
5836.2  0.88345  
5840.5  0.88811  
5844.8  0.89125  
5849.0  0.89439  
5853.3  0.89797  
5857.6  0.90071  
5861.799999999999  0.90147  
5866.1  0.90106  
5870.4  0.90049  
5874.6  0.89968  
5878.9  0.89797  
5883.200000000001  0.89478  
5887.4  0.8905  
5891.7  0.88605  
5896.0  0.88122  
5900.2  0.87535  
5904.5  0.86823  
5908.8  0.86023  
5913.0  0.85226  
5917.3  0.84462  
5921.599999999999  0.83673  
5925.8  0.82894  
5930.1  0.82223  
5934.400000000001  0.81687  
5938.7  0.81261  
5942.9  0.80964  
5947.200000000001  0.8083  
5951.5  0.80882  
5955.700000000001  0.81142  
5960.0  0.81559  
5964.299999999999  0.82113  
5968.6  0.82791  
5972.799999999999  0.83549  
5977.1  0.84359  
5981.4  0.85185  
5985.700000000001  0.85994  
5990.0  0.86781  
5994.2  0.87452  
5998.5  0.87939  
6002.799999999999  0.88353  
6007.1  0.88768  
6011.3  0.89105  
6015.599999999999  0.89306  
6019.9  0.89394  
6024.2  0.89382  
6028.5  0.89387  
6032.7  0.89513  
6037.0  0.89637  
6041.3  0.89655  
6045.599999999999  0.89679  
6049.9  0.89688  
6054.099999999999  0.89583  
6058.400000000001  0.89462  
6062.7  0.89323  
6067.0  0.89087  
6071.3  0.8879  
6075.599999999999  0.88427  
6079.9  0.88045  
6084.099999999999  0.87718  
6088.400000000001  0.874  
6092.7  0.87063  
6097.0  0.86783  
6101.3  0.8667  
6105.599999999999  0.86717  
6109.9  0.86861  
6114.099999999999  0.87049  
6118.400000000001  0.87256  
6122.7  0.87577  
6127.0  0.88076  
6131.3  0.88592  
6135.599999999999  0.88997  
6139.9  0.89363  
6144.2  0.89738  
6148.5  0.90024  
6152.799999999999  0.90176  
6157.1  0.90225  
6161.3  0.90143  
6165.599999999999  0.89967  
6169.9  0.89763  
6174.2  0.8951  
6178.5  0.89188  
6182.799999999999  0.88849  
6187.1  0.88526  
6191.4  0.88247  
6195.700000000001  0.88091  
6200.0  0.88049  
6204.299999999999  0.88059  
6208.6  0.88143  
6212.9  0.88308  
6217.200000000001  0.88495  
6221.5  0.88672  
6225.8  0.88907  
6230.1  0.89248  
6234.400000000001  0.8958  
6238.7  0.89808  
6243.0  0.8994  
6247.3  0.90006  
6251.599999999999  0.90057  
6255.900000000001  0.90094  
6260.2  0.90074  
6264.5  0.90006  
6268.8  0.89857  
6273.099999999999  0.89638  
6277.4  0.89445  
6281.7  0.89314  
6286.0  0.89227  
6290.299999999999  0.89168  
6294.6  0.89092  
6298.9  0.89021  
6303.200000000001  0.89041  
6307.5  0.89142  
6311.799999999999  0.89252  
6316.1  0.89337  
6320.4  0.89414  
6324.8  0.89526  
6329.099999999999  0.89674  
6333.400000000001  0.89807  
6337.7  0.89874  
6342.0  0.8985  
6346.3  0.89765  
6350.599999999999  0.89643  
6354.9  0.89458  
6359.2  0.89209  
6363.5  0.88946  
6367.9  0.88657  
6372.200000000001  0.88309  
6376.5  0.8794  
6380.8  0.87552  
6385.1  0.87151  
6389.400000000001  0.8679  
6393.7  0.86491  
6398.0  0.86259  
6402.4  0.86076  
6406.7  0.85913  
6411.0  0.85773  
6415.299999999999  0.85718  
6419.6  0.85767  
6423.9  0.85849  
6428.3  0.8594  
6432.6  0.86087  
6436.900000000001  0.86316  
6441.2  0.8656  
6445.5  0.86779  
6449.8  0.87011  
6454.2  0.87261  
6458.5  0.87513  
6462.799999999999  0.87788  
6467.1  0.88074  
6471.4  0.88297  
6475.8  0.88453  
6480.1  0.88593  
6484.400000000001  0.88712  
6488.7  0.88788  
6493.099999999999  0.88786  
6497.4  0.88679  
6501.7  0.88514  
6506.0  0.88327  
6510.299999999999  0.88051  
6514.700000000001  0.87664  
6519.0  0.87231  
6523.3  0.86766  
6527.6  0.86199  
6532.0  0.85542  
6536.3  0.849  
6540.599999999999  0.84303  
6545.0  0.83708  
6549.299999999999  0.8312  
6553.6  0.82566  
6557.9  0.82095  
6562.3  0.81731  
6566.599999999999  0.81474  
6570.900000000001  0.8136  
6575.299999999999  0.81362  
6579.6  0.81474  
6583.9  0.81714  
6588.200000000001  0.82044  
6592.6  0.82465  
6596.900000000001  0.83031  
6601.2  0.8365  
6605.599999999999  0.8424  
6609.9  0.84879  
6614.2  0.85546  
6618.6  0.86134  
6622.9  0.86643  
6627.200000000001  0.8711  
6631.599999999999  0.87518  
6635.900000000001  0.87793  
6640.2  0.87905  
6644.6  0.87961  
6648.9  0.87987  
6653.3  0.87876  
6657.6  0.8766  
6661.900000000001  0.87428  
6666.3  0.87172  
6670.599999999999  0.86915  
6674.9  0.86708  
6679.299999999999  0.86524  
6683.6  0.86338  
6688.0  0.86223  
6692.3  0.86205  
6696.599999999999  0.86251  
6701.0  0.86394  
6705.299999999999  0.86614  
6709.700000000001  0.86803  
6714.0  0.87002  
6718.3  0.87285  
6722.7  0.87607  
6727.0  0.87919  
6731.4  0.88217  
6735.700000000001  0.88453  
6740.1  0.88646  
6744.400000000001  0.88841  
6748.7  0.88996  
6753.099999999999  0.89062  
6757.4  0.8909  
6761.799999999999  0.89093  
6766.1  0.88976  
6770.5  0.8874  
6774.8  0.88482  
6779.2  0.88209  
6783.5  0.87876  
6787.9  0.87522  
6792.200000000001  0.87167  
6796.599999999999  0.86737  
6800.900000000001  0.86255  
6805.299999999999  0.85861  
6809.6  0.85583  
6814.0  0.85366  
6818.3  0.85159  
6822.7  0.84971  
6827.0  0.84879  
6831.4  0.84916  
6835.700000000001  0.85021  
6840.1  0.85188  
6844.400000000001  0.8544  
6848.8  0.85724  
6853.099999999999  0.85992  
6857.5  0.86272  
6861.799999999999  0.86599  
6866.2  0.86942  
6870.5  0.87249  
6874.9  0.87435  
6879.299999999999  0.87459  
6883.6  0.8739  
6888.0  0.87256  
6892.3  0.8699  
6896.7  0.86601  
6901.0  0.86113  
6905.4  0.85442  
6909.8  0.84539  
6914.099999999999  0.8347  
6918.5  0.82283  
6922.799999999999  0.80914  
6927.200000000001  0.79294  
6931.599999999999  0.77388  
6935.900000000001  0.75197  
6940.299999999999  0.72745  
6944.6  0.69985  
6949.0  0.6692  
6953.400000000001  0.63622  
6957.7  0.60035  
6962.1  0.56122  
6966.4  0.51995  
6970.8  0.47766  
6975.2  0.43508  
6979.5  0.3925  
6983.9  0.35047  
6988.3  0.30987  
6992.6  0.27136  
6997.0  0.23511  
7001.4  0.20142  
7005.700000000001  0.17072  
7010.1  0.14304  
7014.5  0.11857  
7018.8  0.09766  
7023.200000000001  0.07999  
7027.6  0.0651  
7031.900000000001  0.05293  
7036.3  0.0433  
7040.700000000001  0.03563  
7045.0  0.02946  
7049.400000000001  0.0246  
7053.8  0.02081  
7058.099999999999  0.01779  
7062.5  0.01541  
7066.900000000001  0.01336  
7071.3  0.01149  
7075.599999999999  0.01001  
7080.0  0.00899  
7084.400000000001  0.00824  
7088.7  0.00754  
7093.099999999999  0.00682  
7097.5  0.00618  
7101.900000000001  0.00569  
7106.2  0.00522  
7110.599999999999  0.00484  
7115.0  0.00459  
7119.400000000001  0.00436  
7123.7  0.00417  
7128.099999999999  0.00393  
7132.5  0.00361  
7136.900000000001  0.00339  
7141.2  0.00331  
7145.599999999999  0.00327  
7150.0  0.00317  
7154.400000000001  0.00309  
7158.8  0.00309  
7163.099999999999  0.00301  
7167.5  0.00288  
7171.900000000001  0.00283  
7176.3  0.00278  
7180.700000000001  0.00271  
7185.0  0.00277  
7189.400000000001  0.00283  
7193.8  0.0027  
7198.200000000001  0.00252  
7202.6  0.00251  
7206.900000000001  0.00262  
7211.3  0.0026  
7215.700000000001  0.00242  
7220.1  0.00239  
7224.5  0.0025  
7228.9  0.00248  
7233.200000000001  0.00234  
7237.6  0.00228  
7242.0  0.00229  
7246.4  0.00241  
7250.8  0.00246  
7255.2  0.00224  
7259.5  0.00211  
7263.9  0.0022  
7268.3  0.00226  
7272.7  0.0023  
7277.1  0.00232  
7281.5  0.00228  
7285.900000000001  0.0022  
7290.299999999999  0.00219  
7294.700000000001  0.00228  
7299.0  0.00228  
7303.400000000001  0.00215  
7307.799999999999  0.00209  
7312.200000000001  0.00215  
7316.599999999999  0.00227  
7321.0  0.00228  
7325.4  0.00217  
7329.8  0.00216  
7334.2  0.00218  
7338.6  0.00212  
7342.9  0.00217  
7347.3  0.00221  
7351.7  0.00212  
7356.1  0.00206  
7360.5  0.00208  
7364.9  0.0021  
7369.299999999999  0.00213  
7373.7  0.00216  
7378.099999999999  0.0021  
7382.5  0.00201  
7386.900000000001  0.00199  
7391.3  0.00205  
7395.700000000001  0.00208  

