@MEASUREMENT_RADIUS 14.0 cm
#lambda:
#tr:
#end
5000.6  0.00601  
5004.8  0.00605  
5009.0  0.00596  
5013.1  0.00603  
5017.3  0.00632  
5021.5  0.0064  
5025.7  0.00614  
5029.8  0.00596  
5034.0  0.00603  
5038.2  0.00611  
5042.4  0.00606  
5046.6  0.00589  
5050.8  0.00577  
5054.9  0.00603  
5059.1  0.00634  
5063.3  0.00603  
5067.5  0.00561  
5071.7  0.00571  
5075.9  0.00606  
5080.1  0.00607  
5084.2  0.00579  
5088.4  0.00555  
5092.6  0.00548  
5096.8  0.00579  
5101.0  0.00606  
5105.2  0.0058  
5109.4  0.0055  
5113.6  0.00549  
5117.7  0.00571  
5121.900000000001  0.00606  
5126.1  0.00595  
5130.299999999999  0.00547  
5134.5  0.00532  
5138.7  0.00563  
5142.9  0.00587  
5147.1  0.00575  
5151.3  0.00568  
5155.5  0.00584  
5159.700000000001  0.00586  
5163.9  0.00578  
5168.099999999999  0.00587  
5172.3  0.00591  
5176.4  0.00568  
5180.599999999999  0.00542  
5184.8  0.00529  
5189.0  0.00532  
5193.200000000001  0.0056  
5197.4  0.00592  
5201.599999999999  0.00588  
5205.8  0.00561  
5210.0  0.0055  
5214.2  0.00565  
5218.400000000001  0.00572  
5222.6  0.00557  
5226.799999999999  0.00553  
5231.0  0.0057  
5235.2  0.0059  
5239.400000000001  0.00592  
5243.6  0.00582  
5247.799999999999  0.00579  
5252.0  0.00585  
5256.3  0.00586  
5260.5  0.00588  
5264.700000000001  0.00595  
5268.9  0.00603  
5273.099999999999  0.00613  
5277.3  0.00617  
5281.5  0.00615  
5285.700000000001  0.00621  
5289.9  0.00633  
5294.099999999999  0.0065  
5298.3  0.00672  
5302.5  0.00681  
5306.7  0.00692  
5310.900000000001  0.00713  
5315.2  0.00733  
5319.400000000001  0.00754  
5323.6  0.00774  
5327.799999999999  0.00796  
5332.0  0.00832  
5336.2  0.0087  
5340.4  0.0091  
5344.6  0.00952  
5348.9  0.00979  
5353.099999999999  0.00997  
5357.3  0.01053  
5361.5  0.01144  
5365.700000000001  0.01192  
5369.9  0.01214  
5374.099999999999  0.01277  
5378.400000000001  0.01402  
5382.6  0.01595  
5386.799999999999  0.01874  
5391.0  0.02272  
5395.2  0.02852  
5399.5  0.0365  
5403.7  0.0463  
5407.9  0.05771  
5412.1  0.07074  
5416.3  0.08559  
5420.599999999999  0.10278  
5424.8  0.12253  
5429.0  0.14487  
5433.200000000001  0.17061  
5437.4  0.20048  
5441.7  0.23454  
5445.900000000001  0.27381  
5450.1  0.32007  
5454.299999999999  0.37382  
5458.6  0.43351  
5462.799999999999  0.49645  
5467.0  0.55947  
5471.2  0.61904  
5475.5  0.67185  
5479.700000000001  0.7144  
5483.9  0.74303  
5488.099999999999  0.75633  
5492.4  0.75648  
5496.599999999999  0.74819  
5500.8  0.73719  
5505.1  0.7294  
5509.299999999999  0.72736  
5513.5  0.7295  
5517.799999999999  0.73397  
5522.0  0.73967  
5526.2  0.74565  
5530.4  0.75105  
5534.700000000001  0.75477  
5538.9  0.75699  
5543.099999999999  0.75941  
5547.4  0.7624  
5551.599999999999  0.76601  
5555.8  0.77098  
5560.1  0.77789  
5564.299999999999  0.78671  
5568.6  0.79657  
5572.799999999999  0.80702  
5577.0  0.81802  
5581.3  0.82909  
5585.5  0.83932  
5589.700000000001  0.84785  
5594.0  0.85507  
5598.200000000001  0.8619  
5602.5  0.86774  
5606.7  0.87193  
5610.900000000001  0.87489  
5615.2  0.87684  
5619.400000000001  0.87771  
5623.7  0.87811  
5627.9  0.87844  
5632.1  0.87849  
5636.4  0.87836  
5640.599999999999  0.8787  
5644.9  0.87947  
5649.099999999999  0.88023  
5653.400000000001  0.88169  
5657.6  0.88418  
5661.799999999999  0.88695  
5666.1  0.88937  
5670.299999999999  0.89176  
5674.6  0.89421  
5678.8  0.89634  
5683.099999999999  0.89789  
5687.3  0.8989  
5691.599999999999  0.89943  
5695.8  0.89931  
5700.1  0.89849  
5704.299999999999  0.8974  
5708.6  0.89618  
5712.799999999999  0.89427  
5717.1  0.89174  
5721.3  0.88962  
5725.599999999999  0.88806  
5729.8  0.8864  
5734.099999999999  0.88443  
5738.3  0.88225  
5742.6  0.88054  
5746.799999999999  0.87954  
5751.1  0.87833  
5755.299999999999  0.87638  
5759.6  0.8744  
5763.9  0.873  
5768.099999999999  0.87153  
5772.4  0.86989  
5776.599999999999  0.86792  
5780.900000000001  0.8651  
5785.1  0.86223  
5789.400000000001  0.86053  
5793.6  0.85985  
5797.9  0.85906  
5802.200000000001  0.85798  
5806.4  0.85769  
5810.700000000001  0.85887  
5814.9  0.86173  
5819.2  0.86575  
5823.5  0.87002  
5827.7  0.874  
5832.0  0.87802  
5836.2  0.88248  
5840.5  0.88681  
5844.8  0.89068  
5849.0  0.89431  
5853.3  0.89763  
5857.6  0.89989  
5861.799999999999  0.90102  
5866.1  0.90126  
5870.4  0.90064  
5874.6  0.89951  
5878.9  0.89777  
5883.200000000001  0.8951  
5887.4  0.89157  
5891.7  0.88736  
5896.0  0.88238  
5900.2  0.8765  
5904.5  0.87006  
5908.8  0.86309  
5913.0  0.85536  
5917.3  0.84723  
5921.599999999999  0.83899  
5925.8  0.83141  
5930.1  0.82478  
5934.400000000001  0.8188  
5938.7  0.81389  
5942.9  0.81075  
5947.200000000001  0.80936  
5951.5  0.80958  
5955.700000000001  0.81155  
5960.0  0.81554  
5964.299999999999  0.82113  
5968.6  0.82743  
5972.799999999999  0.83485  
5977.1  0.84335  
5981.4  0.85145  
5985.700000000001  0.85865  
5990.0  0.86592  
5994.2  0.87312  
5998.5  0.87869  
6002.799999999999  0.88275  
6007.1  0.88641  
6011.3  0.88933  
6015.599999999999  0.89115  
6019.9  0.89263  
6024.2  0.89394  
6028.5  0.8944  
6032.7  0.89459  
6037.0  0.89543  
6041.3  0.89616  
6045.599999999999  0.89624  
6049.9  0.89631  
6054.099999999999  0.89591  
6058.400000000001  0.89446  
6062.7  0.8925  
6067.0  0.8906  
6071.3  0.88843  
6075.599999999999  0.8852  
6079.9  0.88123  
6084.099999999999  0.87756  
6088.400000000001  0.87432  
6092.7  0.87132  
6097.0  0.86887  
6101.3  0.86741  
6105.599999999999  0.86726  
6109.9  0.86851  
6114.099999999999  0.87046  
6118.400000000001  0.87271  
6122.7  0.87587  
6127.0  0.88011  
6131.3  0.88488  
6135.599999999999  0.8898  
6139.9  0.89418  
6144.2  0.89734  
6148.5  0.8993  
6152.799999999999  0.90087  
6157.1  0.90172  
6161.3  0.90112  
6165.599999999999  0.89991  
6169.9  0.89791  
6174.2  0.89415  
6178.5  0.89001  
6182.799999999999  0.88695  
6187.1  0.88443  
6191.4  0.88177  
6195.700000000001  0.87973  
6200.0  0.87885  
6204.299999999999  0.8787  
6208.6  0.87976  
6212.9  0.88196  
6217.200000000001  0.88388  
6221.5  0.8855  
6225.8  0.88822  
6230.1  0.89183  
6234.400000000001  0.89483  
6238.7  0.89696  
6243.0  0.89889  
6247.3  0.90041  
6251.599999999999  0.90112  
6255.900000000001  0.90113  
6260.2  0.90083  
6264.5  0.90025  
6268.8  0.8987  
6273.099999999999  0.89668  
6277.4  0.89487  
6281.7  0.89313  
6286.0  0.89177  
6290.299999999999  0.8911  
6294.6  0.89083  
6298.9  0.89055  
6303.200000000001  0.89038  
6307.5  0.89115  
6311.799999999999  0.8926  
6316.1  0.89393  
6320.4  0.89481  
6324.8  0.89574  
6329.099999999999  0.89732  
6333.400000000001  0.89861  
6337.7  0.89871  
6342.0  0.89784  
6346.3  0.89675  
6350.599999999999  0.89583  
6354.9  0.89456  
6359.2  0.89235  
6363.5  0.88944  
6367.9  0.88625  
6372.200000000001  0.88268  
6376.5  0.87884  
6380.8  0.87494  
6385.1  0.871  
6389.400000000001  0.86764  
6393.7  0.86494  
6398.0  0.86239  
6402.4  0.86003  
6406.7  0.85811  
6411.0  0.85693  
6415.299999999999  0.8568  
6419.6  0.85751  
6423.9  0.85827  
6428.3  0.859  
6432.6  0.8605  
6436.900000000001  0.86297  
6441.2  0.86555  
6445.5  0.86776  
6449.8  0.8703  
6454.2  0.87339  
6458.5  0.87621  
6462.799999999999  0.87868  
6467.1  0.88097  
6471.4  0.88299  
6475.8  0.88497  
6480.1  0.88702  
6484.400000000001  0.88835  
6488.7  0.88857  
6493.099999999999  0.888  
6497.4  0.88718  
6501.7  0.88611  
6506.0  0.88407  
6510.299999999999  0.88075  
6514.700000000001  0.87649  
6519.0  0.87181  
6523.3  0.86682  
6527.6  0.86148  
6532.0  0.85559  
6536.3  0.84922  
6540.599999999999  0.84274  
6545.0  0.83627  
6549.299999999999  0.83032  
6553.6  0.82528  
6557.9  0.8207  
6562.3  0.81656  
6566.599999999999  0.81385  
6570.900000000001  0.81306  
6575.299999999999  0.81318  
6579.6  0.81408  
6583.9  0.81633  
6588.200000000001  0.81978  
6592.6  0.82449  
6596.900000000001  0.8299  
6601.2  0.83559  
6605.599999999999  0.84189  
6609.9  0.84849  
6614.2  0.8549  
6618.6  0.86099  
6622.9  0.86635  
6627.200000000001  0.87089  
6631.599999999999  0.87522  
6635.900000000001  0.87873  
6640.2  0.88042  
6644.6  0.88076  
6648.9  0.88049  
6653.3  0.8795  
6657.6  0.87743  
6661.900000000001  0.87463  
6666.3  0.87167  
6670.599999999999  0.86894  
6674.9  0.86683  
6679.299999999999  0.86485  
6683.6  0.86275  
6688.0  0.86135  
6692.3  0.86108  
6696.599999999999  0.8617  
6701.0  0.86284  
6705.299999999999  0.86422  
6709.700000000001  0.86604  
6714.0  0.86854  
6718.3  0.8713  
6722.7  0.87404  
6727.0  0.87713  
6731.4  0.88082  
6735.700000000001  0.88393  
6740.1  0.88592  
6744.400000000001  0.88768  
6748.7  0.88923  
6753.099999999999  0.89002  
6757.4  0.89025  
6761.799999999999  0.89004  
6766.1  0.88937  
6770.5  0.88784  
6774.8  0.8851  
6779.2  0.88217  
6783.5  0.87934  
6787.9  0.8757  
6792.200000000001  0.87144  
6796.599999999999  0.86713  
6800.900000000001  0.86298  
6805.299999999999  0.85935  
6809.6  0.85609  
6814.0  0.85307  
6818.3  0.85063  
6822.7  0.84915  
6827.0  0.84863  
6831.4  0.84892  
6835.700000000001  0.84996  
6840.1  0.85197  
6844.400000000001  0.85464  
6848.8  0.85721  
6853.099999999999  0.85964  
6857.5  0.86276  
6861.799999999999  0.86662  
6866.2  0.86982  
6870.5  0.87205  
6874.9  0.87366  
6879.299999999999  0.87459  
6883.6  0.8744  
6888.0  0.87261  
6892.3  0.86965  
6896.7  0.86592  
6901.0  0.8609  
6905.4  0.85397  
6909.8  0.84535  
6914.099999999999  0.83545  
6918.5  0.82381  
6922.799999999999  0.80985  
6927.200000000001  0.79336  
6931.599999999999  0.77414  
6935.900000000001  0.75227  
6940.299999999999  0.72761  
6944.6  0.69983  
6949.0  0.66901  
6953.400000000001  0.63543  
6957.7  0.59887  
6962.1  0.55968  
6966.4  0.51878  
6970.8  0.47653  
6975.2  0.43346  
6979.5  0.39052  
6983.9  0.34877  
6988.3  0.30836  
6992.6  0.26946  
6997.0  0.23297  
7001.4  0.19941  
7005.700000000001  0.16876  
7010.1  0.14134  
7014.5  0.11732  
7018.8  0.09649  
7023.200000000001  0.07878  
7027.6  0.06413  
7031.900000000001  0.05232  
7036.3  0.04293  
7040.700000000001  0.03523  
7045.0  0.02887  
7049.400000000001  0.02406  
7053.8  0.02057  
7058.099999999999  0.01778  
7062.5  0.01532  
7066.900000000001  0.01315  
7071.3  0.01152  
7075.599999999999  0.01038  
7080.0  0.00937  
7084.400000000001  0.00832  
7088.7  0.00743  
7093.099999999999  0.00682  
7097.5  0.00624  
7101.900000000001  0.00566  
7106.2  0.00527  
7110.599999999999  0.00495  
7115.0  0.00457  
7119.400000000001  0.00426  
7123.7  0.00403  
7128.099999999999  0.0038  
7132.5  0.00359  
7136.900000000001  0.00344  
7141.2  0.00335  
7145.599999999999  0.00327  
7150.0  0.00315  
7154.400000000001  0.00307  
7158.8  0.00295  
7163.099999999999  0.00282  
7167.5  0.00278  
7171.900000000001  0.0028  
7176.3  0.00275  
7180.700000000001  0.00265  
7185.0  0.00263  
7189.400000000001  0.00267  
7193.8  0.00265  
7198.200000000001  0.00255  
7202.6  0.00255  
7206.900000000001  0.0026  
7211.3  0.00259  
7215.700000000001  0.00254  
7220.1  0.00244  
7224.5  0.00247  
7228.9  0.00259  
7233.200000000001  0.00259  
7237.6  0.00238  
7242.0  0.00218  
7246.4  0.00217  
7250.8  0.00225  
7255.2  0.00232  
7259.5  0.00232  
7263.9  0.0022  
7268.3  0.00212  
7272.7  0.0022  
7277.1  0.00228  
7281.5  0.00231  
7285.900000000001  0.00232  
7290.299999999999  0.00226  
7294.700000000001  0.00216  
7299.0  0.00212  
7303.400000000001  0.00223  
7307.799999999999  0.00231  
7312.200000000001  0.00226  
7316.599999999999  0.00222  
7321.0  0.00224  
7325.4  0.00217  
7329.8  0.00207  
7334.2  0.00212  
7338.6  0.00221  
7342.9  0.00213  
7347.3  0.00207  
7351.7  0.0021  
7356.1  0.00206  
7360.5  0.00195  
7364.9  0.00195  
7369.299999999999  0.0021  
7373.7  0.00211  
7378.099999999999  0.00195  
7382.5  0.00193  
7386.900000000001  0.00208  
7391.3  0.00204  
7395.700000000001  0.00189  

