@MEASUREMENT_RADIUS 15.0 cm
#lambda:
#tr:
#end
5000.6  0.006  
5004.8  0.0059  
5009.0  0.00602  
5013.1  0.00621  
5017.3  0.00618  
5021.5  0.00615  
5025.7  0.0061  
5029.8  0.00594  
5034.0  0.00589  
5038.2  0.00588  
5042.4  0.00585  
5046.6  0.00589  
5050.8  0.00584  
5054.9  0.00598  
5059.1  0.00636  
5063.3  0.0063  
5067.5  0.00605  
5071.7  0.00611  
5075.9  0.0063  
5080.1  0.00622  
5084.2  0.00602  
5088.4  0.0059  
5092.6  0.00584  
5096.8  0.00581  
5101.0  0.00573  
5105.2  0.00573  
5109.4  0.0059  
5113.6  0.0059  
5117.7  0.00568  
5121.900000000001  0.00564  
5126.1  0.00577  
5130.299999999999  0.00581  
5134.5  0.00572  
5138.7  0.00559  
5142.9  0.00552  
5147.1  0.0056  
5151.3  0.00569  
5155.5  0.00558  
5159.700000000001  0.00556  
5163.9  0.00565  
5168.099999999999  0.00549  
5172.3  0.00538  
5176.4  0.00574  
5180.599999999999  0.00592  
5184.8  0.00562  
5189.0  0.00553  
5193.200000000001  0.00579  
5197.4  0.00591  
5201.599999999999  0.00575  
5205.8  0.00564  
5210.0  0.00555  
5214.2  0.00555  
5218.400000000001  0.00577  
5222.6  0.0058  
5226.799999999999  0.00567  
5231.0  0.00562  
5235.2  0.00555  
5239.400000000001  0.00553  
5243.6  0.00572  
5247.799999999999  0.006  
5252.0  0.00604  
5256.3  0.00575  
5260.5  0.00574  
5264.700000000001  0.0059  
5268.9  0.00584  
5273.099999999999  0.0058  
5277.3  0.00591  
5281.5  0.00614  
5285.700000000001  0.00631  
5289.9  0.0063  
5294.099999999999  0.00634  
5298.3  0.00654  
5302.5  0.00669  
5306.7  0.0068  
5310.900000000001  0.00696  
5315.2  0.00717  
5319.400000000001  0.00741  
5323.6  0.00764  
5327.799999999999  0.00791  
5332.0  0.00838  
5336.2  0.0088  
5340.4  0.00917  
5344.6  0.00955  
5348.9  0.00975  
5353.099999999999  0.01002  
5357.3  0.01058  
5361.5  0.01106  
5365.700000000001  0.01117  
5369.9  0.01149  
5374.099999999999  0.0125  
5378.400000000001  0.01377  
5382.6  0.01523  
5386.799999999999  0.01766  
5391.0  0.02158  
5395.2  0.02713  
5399.5  0.03441  
5403.7  0.04351  
5407.9  0.05457  
5412.1  0.06751  
5416.3  0.08221  
5420.599999999999  0.09913  
5424.8  0.11845  
5429.0  0.14003  
5433.200000000001  0.16489  
5437.4  0.19353  
5441.7  0.22571  
5445.900000000001  0.26304  
5450.1  0.30785  
5454.299999999999  0.36054  
5458.6  0.41942  
5462.799999999999  0.48204  
5467.0  0.54587  
5471.2  0.60777  
5475.5  0.66376  
5479.700000000001  0.70891  
5483.9  0.73927  
5488.099999999999  0.75398  
5492.4  0.75533  
5496.599999999999  0.74761  
5500.8  0.73649  
5505.1  0.72827  
5509.299999999999  0.72564  
5513.5  0.72781  
5517.799999999999  0.73324  
5522.0  0.73928  
5526.2  0.74504  
5530.4  0.75083  
5534.700000000001  0.75504  
5538.9  0.75699  
5543.099999999999  0.75834  
5547.4  0.76037  
5551.599999999999  0.76345  
5555.8  0.7677  
5560.1  0.77361  
5564.299999999999  0.78171  
5568.6  0.79194  
5572.799999999999  0.80302  
5577.0  0.81393  
5581.3  0.82493  
5585.5  0.83565  
5589.700000000001  0.84532  
5594.0  0.8531  
5598.200000000001  0.85948  
5602.5  0.8658  
5606.7  0.87125  
5610.900000000001  0.87458  
5615.2  0.87641  
5619.400000000001  0.87738  
5623.7  0.87794  
5627.9  0.87845  
5632.1  0.87849  
5636.4  0.87793  
5640.599999999999  0.87786  
5644.9  0.87903  
5649.099999999999  0.88043  
5653.400000000001  0.88179  
5657.6  0.88367  
5661.799999999999  0.88595  
5666.1  0.8885  
5670.299999999999  0.89133  
5674.6  0.89391  
5678.8  0.89568  
5683.099999999999  0.89686  
5687.3  0.89808  
5691.599999999999  0.89914  
5695.8  0.89915  
5700.1  0.89813  
5704.299999999999  0.89698  
5708.6  0.89568  
5712.799999999999  0.8936  
5717.1  0.89125  
5721.3  0.88929  
5725.599999999999  0.88718  
5729.8  0.8849  
5734.099999999999  0.88316  
5738.3  0.88152  
5742.6  0.87959  
5746.799999999999  0.87784  
5751.1  0.87647  
5755.299999999999  0.87515  
5759.6  0.87345  
5763.9  0.872  
5768.099999999999  0.87106  
5772.4  0.86977  
5776.599999999999  0.86763  
5780.900000000001  0.86471  
5785.1  0.86237  
5789.400000000001  0.8616  
5793.6  0.8611  
5797.9  0.85997  
5802.200000000001  0.8592  
5806.4  0.85953  
5810.700000000001  0.86059  
5814.9  0.8627  
5819.2  0.86616  
5823.5  0.87009  
5827.7  0.874  
5832.0  0.87824  
5836.2  0.88277  
5840.5  0.88698  
5844.8  0.89085  
5849.0  0.89483  
5853.3  0.89824  
5857.6  0.89991  
5861.799999999999  0.90019  
5866.1  0.90067  
5870.4  0.90131  
5874.6  0.90031  
5878.9  0.89775  
5883.200000000001  0.89494  
5887.4  0.89174  
5891.7  0.88793  
5896.0  0.88329  
5900.2  0.8772  
5904.5  0.87041  
5908.8  0.86408  
5913.0  0.85742  
5917.3  0.84922  
5921.599999999999  0.84063  
5925.8  0.83349  
5930.1  0.82713  
5934.400000000001  0.82089  
5938.7  0.81581  
5942.9  0.81234  
5947.200000000001  0.81032  
5951.5  0.81034  
5955.700000000001  0.81266  
5960.0  0.81647  
5964.299999999999  0.82145  
5968.6  0.82758  
5972.799999999999  0.83468  
5977.1  0.84259  
5981.4  0.85056  
5985.700000000001  0.85832  
5990.0  0.86599  
5994.2  0.87272  
5998.5  0.87793  
6002.799999999999  0.88207  
6007.1  0.88579  
6011.3  0.889  
6015.599999999999  0.89125  
6019.9  0.89231  
6024.2  0.89226  
6028.5  0.89257  
6032.7  0.89409  
6037.0  0.895  
6041.3  0.89487  
6045.599999999999  0.8955  
6049.9  0.8963  
6054.099999999999  0.89559  
6058.400000000001  0.89422  
6062.7  0.89301  
6067.0  0.89124  
6071.3  0.88856  
6075.599999999999  0.88525  
6079.9  0.88174  
6084.099999999999  0.8784  
6088.400000000001  0.87534  
6092.7  0.87204  
6097.0  0.86895  
6101.3  0.86758  
6105.599999999999  0.8677  
6109.9  0.86864  
6114.099999999999  0.87033  
6118.400000000001  0.87268  
6122.7  0.876  
6127.0  0.88052  
6131.3  0.88537  
6135.599999999999  0.88965  
6139.9  0.89348  
6144.2  0.897  
6148.5  0.89956  
6152.799999999999  0.90109  
6157.1  0.90185  
6161.3  0.90133  
6165.599999999999  0.89946  
6169.9  0.89698  
6174.2  0.89406  
6178.5  0.89054  
6182.799999999999  0.88672  
6187.1  0.88342  
6191.4  0.8807  
6195.700000000001  0.87867  
6200.0  0.87807  
6204.299999999999  0.87833  
6208.6  0.87892  
6212.9  0.8805  
6217.200000000001  0.88278  
6221.5  0.88487  
6225.8  0.8875  
6230.1  0.89105  
6234.400000000001  0.89429  
6238.7  0.8968  
6243.0  0.899  
6247.3  0.90032  
6251.599999999999  0.90082  
6255.900000000001  0.90092  
6260.2  0.90037  
6264.5  0.89964  
6268.8  0.8988  
6273.099999999999  0.89721  
6277.4  0.8953  
6281.7  0.89354  
6286.0  0.89197  
6290.299999999999  0.89078  
6294.6  0.89013  
6298.9  0.89055  
6303.200000000001  0.89139  
6307.5  0.89179  
6311.799999999999  0.89265  
6316.1  0.89391  
6320.4  0.89447  
6324.8  0.89536  
6329.099999999999  0.89734  
6333.400000000001  0.89855  
6337.7  0.89848  
6342.0  0.89804  
6346.3  0.89727  
6350.599999999999  0.89594  
6354.9  0.89416  
6359.2  0.8917  
6363.5  0.88846  
6367.9  0.88496  
6372.200000000001  0.8816  
6376.5  0.87855  
6380.8  0.87501  
6385.1  0.87058  
6389.400000000001  0.86659  
6393.7  0.86361  
6398.0  0.86139  
6402.4  0.85962  
6406.7  0.85785  
6411.0  0.85653  
6415.299999999999  0.85634  
6419.6  0.85702  
6423.9  0.85775  
6428.3  0.8585  
6432.6  0.86055  
6436.900000000001  0.86362  
6441.2  0.86593  
6445.5  0.86788  
6449.8  0.87078  
6454.2  0.874  
6458.5  0.87654  
6462.799999999999  0.879  
6467.1  0.88186  
6471.4  0.88441  
6475.8  0.88644  
6480.1  0.88807  
6484.400000000001  0.88857  
6488.7  0.88828  
6493.099999999999  0.88822  
6497.4  0.88789  
6501.7  0.88645  
6506.0  0.88386  
6510.299999999999  0.88018  
6514.700000000001  0.87602  
6519.0  0.87175  
6523.3  0.8665  
6527.6  0.86044  
6532.0  0.85456  
6536.3  0.84854  
6540.599999999999  0.8422  
6545.0  0.83611  
6549.299999999999  0.83037  
6553.6  0.82514  
6557.9  0.82048  
6562.3  0.81635  
6566.599999999999  0.81374  
6570.900000000001  0.8129  
6575.299999999999  0.81285  
6579.6  0.81398  
6583.9  0.81665  
6588.200000000001  0.81991  
6592.6  0.82385  
6596.900000000001  0.82918  
6601.2  0.8353  
6605.599999999999  0.8417  
6609.9  0.84861  
6614.2  0.85535  
6618.6  0.86154  
6622.9  0.86718  
6627.200000000001  0.87181  
6631.599999999999  0.87591  
6635.900000000001  0.87944  
6640.2  0.88113  
6644.6  0.88133  
6648.9  0.88103  
6653.3  0.88002  
6657.6  0.87815  
6661.900000000001  0.87543  
6666.3  0.87217  
6670.599999999999  0.86919  
6674.9  0.86712  
6679.299999999999  0.86542  
6683.6  0.86333  
6688.0  0.86131  
6692.3  0.86037  
6696.599999999999  0.86085  
6701.0  0.86213  
6705.299999999999  0.86351  
6709.700000000001  0.86497  
6714.0  0.86708  
6718.3  0.86998  
6722.7  0.87317  
6727.0  0.87633  
6731.4  0.87962  
6735.700000000001  0.88245  
6740.1  0.88447  
6744.400000000001  0.8865  
6748.7  0.88835  
6753.099999999999  0.88931  
6757.4  0.88977  
6761.799999999999  0.88994  
6766.1  0.8894  
6770.5  0.88772  
6774.8  0.88519  
6779.2  0.88217  
6783.5  0.8788  
6787.9  0.87533  
6792.200000000001  0.87163  
6796.599999999999  0.86748  
6800.900000000001  0.86319  
6805.299999999999  0.85934  
6809.6  0.85596  
6814.0  0.85309  
6818.3  0.85078  
6822.7  0.84919  
6827.0  0.84856  
6831.4  0.84861  
6835.700000000001  0.84945  
6840.1  0.85144  
6844.400000000001  0.85423  
6848.8  0.85723  
6853.099999999999  0.86016  
6857.5  0.86311  
6861.799999999999  0.8665  
6866.2  0.87004  
6870.5  0.87261  
6874.9  0.87371  
6879.299999999999  0.87407  
6883.6  0.87409  
6888.0  0.87288  
6892.3  0.86981  
6896.7  0.86509  
6901.0  0.85928  
6905.4  0.8527  
6909.8  0.8446  
6914.099999999999  0.83413  
6918.5  0.82173  
6922.799999999999  0.80792  
6927.200000000001  0.79197  
6931.599999999999  0.77275  
6935.900000000001  0.75028  
6940.299999999999  0.72511  
6944.6  0.69707  
6949.0  0.66616  
6953.400000000001  0.63235  
6957.7  0.59532  
6962.1  0.55564  
6966.4  0.51397  
6970.8  0.47091  
6975.2  0.42769  
6979.5  0.38497  
6983.9  0.34294  
6988.3  0.30219  
6992.6  0.26365  
6997.0  0.22757  
7001.4  0.19396  
7005.700000000001  0.16347  
7010.1  0.13663  
7014.5  0.11323  
7018.8  0.0928  
7023.200000000001  0.07549  
7027.6  0.06164  
7031.900000000001  0.05068  
7036.3  0.04154  
7040.700000000001  0.03403  
7045.0  0.02829  
7049.400000000001  0.02371  
7053.8  0.01991  
7058.099999999999  0.01704  
7062.5  0.0148  
7066.900000000001  0.01288  
7071.3  0.01131  
7075.599999999999  0.01009  
7080.0  0.00903  
7084.400000000001  0.008  
7088.7  0.00717  
7093.099999999999  0.00659  
7097.5  0.00604  
7101.900000000001  0.00553  
7106.2  0.00512  
7110.599999999999  0.00472  
7115.0  0.00437  
7119.400000000001  0.00414  
7123.7  0.00395  
7128.099999999999  0.00383  
7132.5  0.00371  
7136.900000000001  0.00354  
7141.2  0.00339  
7145.599999999999  0.0033  
7150.0  0.0032  
7154.400000000001  0.00301  
7158.8  0.00285  
7163.099999999999  0.0029  
7167.5  0.00293  
7171.900000000001  0.00282  
7176.3  0.0027  
7180.700000000001  0.00275  
7185.0  0.00289  
7189.400000000001  0.00281  
7193.8  0.00268  
7198.200000000001  0.00269  
7202.6  0.00273  
7206.900000000001  0.00263  
7211.3  0.00241  
7215.700000000001  0.00233  
7220.1  0.00243  
7224.5  0.00247  
7228.9  0.00246  
7233.200000000001  0.00244  
7237.6  0.0024  
7242.0  0.0024  
7246.4  0.00233  
7250.8  0.00227  
7255.2  0.0023  
7259.5  0.00228  
7263.9  0.00226  
7268.3  0.00233  
7272.7  0.00235  
7277.1  0.0023  
7281.5  0.00221  
7285.900000000001  0.00219  
7290.299999999999  0.00219  
7294.700000000001  0.0022  
7299.0  0.00227  
7303.400000000001  0.0023  
7307.799999999999  0.00225  
7312.200000000001  0.00212  
7316.599999999999  0.00205  
7321.0  0.00211  
7325.4  0.00216  
7329.8  0.00215  
7334.2  0.00216  
7338.6  0.00218  
7342.9  0.0022  
7347.3  0.00218  
7351.7  0.00208  
7356.1  0.00202  
7360.5  0.0021  
7364.9  0.00219  
7369.299999999999  0.00213  
7373.7  0.00206  
7378.099999999999  0.00213  
7382.5  0.00215  
7386.900000000001  0.00206  
7391.3  0.00206  
7395.700000000001  0.00199  

