@MEASUREMENT_RADIUS 16.0 cm
#lambda:
#tr:
#end
5000.6  0.00589  
5004.8  0.00578  
5009.0  0.00598  
5013.1  0.00606  
5017.3  0.00571  
5021.5  0.00562  
5025.7  0.00584  
5029.8  0.006  
5034.0  0.00609  
5038.2  0.00613  
5042.4  0.0061  
5046.6  0.006  
5050.8  0.00575  
5054.9  0.00557  
5059.1  0.00569  
5063.3  0.00593  
5067.5  0.00598  
5071.7  0.00579  
5075.9  0.00568  
5080.1  0.00577  
5084.2  0.00595  
5088.4  0.006  
5092.6  0.00595  
5096.8  0.0059  
5101.0  0.00571  
5105.2  0.00556  
5109.4  0.00562  
5113.6  0.00561  
5117.7  0.00565  
5121.900000000001  0.00583  
5126.1  0.00576  
5130.299999999999  0.00559  
5134.5  0.00567  
5138.7  0.00577  
5142.9  0.00567  
5147.1  0.00557  
5151.3  0.00568  
5155.5  0.00592  
5159.700000000001  0.00597  
5163.9  0.00566  
5168.099999999999  0.00553  
5172.3  0.00574  
5176.4  0.00588  
5180.599999999999  0.00573  
5184.8  0.00554  
5189.0  0.00569  
5193.200000000001  0.00585  
5197.4  0.00566  
5201.599999999999  0.0056  
5205.8  0.00603  
5210.0  0.00625  
5214.2  0.00591  
5218.400000000001  0.00566  
5222.6  0.0058  
5226.799999999999  0.0059  
5231.0  0.00579  
5235.2  0.00569  
5239.400000000001  0.00573  
5243.6  0.00589  
5247.799999999999  0.00595  
5252.0  0.00582  
5256.3  0.0057  
5260.5  0.00574  
5264.700000000001  0.00585  
5268.9  0.00586  
5273.099999999999  0.00578  
5277.3  0.00584  
5281.5  0.00611  
5285.700000000001  0.0064  
5289.9  0.0064  
5294.099999999999  0.00628  
5298.3  0.00631  
5302.5  0.00651  
5306.7  0.00685  
5310.900000000001  0.00706  
5315.2  0.00714  
5319.400000000001  0.00717  
5323.6  0.00721  
5327.799999999999  0.00761  
5332.0  0.00822  
5336.2  0.00856  
5340.4  0.00875  
5344.6  0.00905  
5348.9  0.00945  
5353.099999999999  0.00986  
5357.3  0.0102  
5361.5  0.01054  
5365.700000000001  0.01097  
5369.9  0.01146  
5374.099999999999  0.01202  
5378.400000000001  0.01298  
5382.6  0.01448  
5386.799999999999  0.01677  
5391.0  0.02037  
5395.2  0.02536  
5399.5  0.03175  
5403.7  0.04007  
5407.9  0.05063  
5412.1  0.06299  
5416.3  0.07669  
5420.599999999999  0.0921  
5424.8  0.11001  
5429.0  0.13081  
5433.200000000001  0.15458  
5437.4  0.18167  
5441.7  0.21292  
5445.900000000001  0.2489  
5450.1  0.29051  
5454.299999999999  0.33924  
5458.6  0.39478  
5462.799999999999  0.45444  
5467.0  0.51555  
5471.2  0.57588  
5475.5  0.63237  
5479.700000000001  0.68125  
5483.9  0.71906  
5488.099999999999  0.74303  
5492.4  0.75232  
5496.599999999999  0.74986  
5500.8  0.74082  
5505.1  0.73134  
5509.299999999999  0.72621  
5513.5  0.72662  
5517.799999999999  0.73051  
5522.0  0.73547  
5526.2  0.74135  
5530.4  0.74755  
5534.700000000001  0.75198  
5538.9  0.75466  
5543.099999999999  0.75716  
5547.4  0.75948  
5551.599999999999  0.7614  
5555.8  0.76423  
5560.1  0.76908  
5564.299999999999  0.77589  
5568.6  0.78486  
5572.799999999999  0.79573  
5577.0  0.80723  
5581.3  0.81839  
5585.5  0.82903  
5589.700000000001  0.83941  
5594.0  0.84855  
5598.200000000001  0.85587  
5602.5  0.86203  
5606.7  0.86715  
5610.900000000001  0.87139  
5615.2  0.87475  
5619.400000000001  0.87664  
5623.7  0.87689  
5627.9  0.87682  
5632.1  0.87714  
5636.4  0.8773  
5640.599999999999  0.87766  
5644.9  0.87829  
5649.099999999999  0.87904  
5653.400000000001  0.88035  
5657.6  0.88208  
5661.799999999999  0.88425  
5666.1  0.88678  
5670.299999999999  0.88909  
5674.6  0.89129  
5678.8  0.89379  
5683.099999999999  0.89617  
5687.3  0.89759  
5691.599999999999  0.8981  
5695.8  0.89818  
5700.1  0.89778  
5704.299999999999  0.89655  
5708.6  0.89472  
5712.799999999999  0.89317  
5717.1  0.89163  
5721.3  0.88959  
5725.599999999999  0.88727  
5729.8  0.88519  
5734.099999999999  0.88339  
5738.3  0.88122  
5742.6  0.87881  
5746.799999999999  0.87699  
5751.1  0.87565  
5755.299999999999  0.87431  
5759.6  0.87279  
5763.9  0.87149  
5768.099999999999  0.87035  
5772.4  0.86884  
5776.599999999999  0.86681  
5780.900000000001  0.86493  
5785.1  0.86361  
5789.400000000001  0.86247  
5793.6  0.86161  
5797.9  0.86091  
5802.200000000001  0.86013  
5806.4  0.85985  
5810.700000000001  0.86074  
5814.9  0.86299  
5819.2  0.86635  
5823.5  0.86994  
5827.7  0.87322  
5832.0  0.87698  
5836.2  0.88146  
5840.5  0.88563  
5844.8  0.88917  
5849.0  0.89274  
5853.3  0.89624  
5857.6  0.89853  
5861.799999999999  0.89954  
5866.1  0.90017  
5870.4  0.90032  
5874.6  0.89942  
5878.9  0.89758  
5883.200000000001  0.89522  
5887.4  0.89229  
5891.7  0.88891  
5896.0  0.88476  
5900.2  0.8794  
5904.5  0.87295  
5908.8  0.86599  
5913.0  0.85939  
5917.3  0.85283  
5921.599999999999  0.8451  
5925.8  0.83674  
5930.1  0.82976  
5934.400000000001  0.82451  
5938.7  0.81983  
5942.9  0.81573  
5947.200000000001  0.81306  
5951.5  0.81224  
5955.700000000001  0.81348  
5960.0  0.81646  
5964.299999999999  0.82084  
5968.6  0.8266  
5972.799999999999  0.83322  
5977.1  0.84031  
5981.4  0.8478  
5985.700000000001  0.8555  
5990.0  0.86276  
5994.2  0.86894  
5998.5  0.87422  
6002.799999999999  0.87912  
6007.1  0.88362  
6011.3  0.8871  
6015.599999999999  0.88928  
6019.9  0.89065  
6024.2  0.89178  
6028.5  0.89253  
6032.7  0.89291  
6037.0  0.89332  
6041.3  0.89394  
6045.599999999999  0.89452  
6049.9  0.89433  
6054.099999999999  0.89357  
6058.400000000001  0.89324  
6062.7  0.89254  
6067.0  0.8905  
6071.3  0.88828  
6075.599999999999  0.88596  
6079.9  0.8827  
6084.099999999999  0.87927  
6088.400000000001  0.87618  
6092.7  0.87327  
6097.0  0.87088  
6101.3  0.8693  
6105.599999999999  0.86876  
6109.9  0.86933  
6114.099999999999  0.87057  
6118.400000000001  0.87233  
6122.7  0.87524  
6127.0  0.87934  
6131.3  0.88354  
6135.599999999999  0.8875  
6139.9  0.89121  
6144.2  0.89436  
6148.5  0.89719  
6152.799999999999  0.89946  
6157.1  0.90034  
6161.3  0.89979  
6165.599999999999  0.8984  
6169.9  0.89644  
6174.2  0.8938  
6178.5  0.8906  
6182.799999999999  0.88693  
6187.1  0.8833  
6191.4  0.88074  
6195.700000000001  0.87948  
6200.0  0.8788  
6204.299999999999  0.87812  
6208.6  0.87813  
6212.9  0.87976  
6217.200000000001  0.88207  
6221.5  0.88388  
6225.8  0.88591  
6230.1  0.88891  
6234.400000000001  0.89229  
6238.7  0.89529  
6243.0  0.89751  
6247.3  0.8988  
6251.599999999999  0.89954  
6255.900000000001  0.9  
6260.2  0.89997  
6264.5  0.89931  
6268.8  0.89812  
6273.099999999999  0.89672  
6277.4  0.89534  
6281.7  0.89406  
6286.0  0.89277  
6290.299999999999  0.8918  
6294.6  0.89108  
6298.9  0.89041  
6303.200000000001  0.89031  
6307.5  0.89124  
6311.799999999999  0.89267  
6316.1  0.89392  
6320.4  0.89461  
6324.8  0.89531  
6329.099999999999  0.89651  
6333.400000000001  0.89728  
6337.7  0.8974  
6342.0  0.8972  
6346.3  0.89647  
6350.599999999999  0.89515  
6354.9  0.89342  
6359.2  0.8913  
6363.5  0.88864  
6367.9  0.88528  
6372.200000000001  0.8814  
6376.5  0.87782  
6380.8  0.87472  
6385.1  0.87121  
6389.400000000001  0.86749  
6393.7  0.86416  
6398.0  0.86135  
6402.4  0.85918  
6406.7  0.85769  
6411.0  0.8565  
6415.299999999999  0.85569  
6419.6  0.85603  
6423.9  0.85726  
6428.3  0.85868  
6432.6  0.86058  
6436.900000000001  0.86298  
6441.2  0.86525  
6445.5  0.86744  
6449.8  0.87022  
6454.2  0.87344  
6458.5  0.87637  
6462.799999999999  0.87899  
6467.1  0.88155  
6471.4  0.88403  
6475.8  0.88586  
6480.1  0.88711  
6484.400000000001  0.88814  
6488.7  0.8887  
6493.099999999999  0.88843  
6497.4  0.88703  
6501.7  0.88518  
6506.0  0.88309  
6510.299999999999  0.87978  
6514.700000000001  0.87571  
6519.0  0.87168  
6523.3  0.8665  
6527.6  0.86042  
6532.0  0.85483  
6536.3  0.84916  
6540.599999999999  0.84294  
6545.0  0.83691  
6549.299999999999  0.83148  
6553.6  0.82647  
6557.9  0.82193  
6562.3  0.81801  
6566.599999999999  0.81509  
6570.900000000001  0.81386  
6575.299999999999  0.81404  
6579.6  0.81499  
6583.9  0.81654  
6588.200000000001  0.81915  
6592.6  0.82327  
6596.900000000001  0.82853  
6601.2  0.83421  
6605.599999999999  0.84024  
6609.9  0.84681  
6614.2  0.85332  
6618.6  0.85929  
6622.9  0.86466  
6627.200000000001  0.86935  
6631.599999999999  0.87372  
6635.900000000001  0.8777  
6640.2  0.88  
6644.6  0.88031  
6648.9  0.88019  
6653.3  0.88008  
6657.6  0.87884  
6661.900000000001  0.87634  
6666.3  0.87345  
6670.599999999999  0.8706  
6674.9  0.86813  
6679.299999999999  0.86603  
6683.6  0.86386  
6688.0  0.86175  
6692.3  0.8604  
6696.599999999999  0.86012  
6701.0  0.86067  
6705.299999999999  0.8618  
6709.700000000001  0.86346  
6714.0  0.86577  
6718.3  0.86828  
6722.7  0.87061  
6727.0  0.87335  
6731.4  0.87661  
6735.700000000001  0.87969  
6740.1  0.88227  
6744.400000000001  0.88459  
6748.7  0.88671  
6753.099999999999  0.88801  
6757.4  0.8886  
6761.799999999999  0.88888  
6766.1  0.88843  
6770.5  0.8871  
6774.8  0.8852  
6779.2  0.88254  
6783.5  0.87937  
6787.9  0.87624  
6792.200000000001  0.87276  
6796.599999999999  0.86879  
6800.900000000001  0.86459  
6805.299999999999  0.86035  
6809.6  0.85684  
6814.0  0.85452  
6818.3  0.8525  
6822.7  0.85047  
6827.0  0.8493  
6831.4  0.84927  
6835.700000000001  0.85019  
6840.1  0.85181  
6844.400000000001  0.85411  
6848.8  0.85658  
6853.099999999999  0.85893  
6857.5  0.86164  
6861.799999999999  0.86511  
6866.2  0.86855  
6870.5  0.87088  
6874.9  0.87175  
6879.299999999999  0.87217  
6883.6  0.87267  
6888.0  0.87166  
6892.3  0.86847  
6896.7  0.86427  
6901.0  0.85917  
6905.4  0.85232  
6909.8  0.84382  
6914.099999999999  0.83358  
6918.5  0.82102  
6922.799999999999  0.80664  
6927.200000000001  0.7908  
6931.599999999999  0.77236  
6935.900000000001  0.75039  
6940.299999999999  0.72564  
6944.6  0.69847  
6949.0  0.66809  
6953.400000000001  0.63422  
6957.7  0.59749  
6962.1  0.55892  
6966.4  0.51855  
6970.8  0.47633  
6975.2  0.43368  
6979.5  0.39132  
6983.9  0.34953  
6988.3  0.309  
6992.6  0.27042  
6997.0  0.23421  
7001.4  0.2005  
7005.700000000001  0.1698  
7010.1  0.14268  
7014.5  0.11879  
7018.8  0.09781  
7023.200000000001  0.08005  
7027.6  0.06545  
7031.900000000001  0.05344  
7036.3  0.04379  
7040.700000000001  0.03626  
7045.0  0.03036  
7049.400000000001  0.02533  
7053.8  0.02098  
7058.099999999999  0.01772  
7062.5  0.01544  
7066.900000000001  0.01351  
7071.3  0.01169  
7075.599999999999  0.01023  
7080.0  0.00917  
7084.400000000001  0.00825  
7088.7  0.00743  
7093.099999999999  0.00669  
7097.5  0.00608  
7101.900000000001  0.0057  
7106.2  0.00542  
7110.599999999999  0.00508  
7115.0  0.00461  
7119.400000000001  0.00422  
7123.7  0.00401  
7128.099999999999  0.00386  
7132.5  0.00367  
7136.900000000001  0.00355  
7141.2  0.00343  
7145.599999999999  0.00328  
7150.0  0.0031  
7154.400000000001  0.00298  
7158.8  0.003  
7163.099999999999  0.00305  
7167.5  0.00299  
7171.900000000001  0.0028  
7176.3  0.00277  
7180.700000000001  0.00288  
7185.0  0.00281  
7189.400000000001  0.0026  
7193.8  0.00254  
7198.200000000001  0.00261  
7202.6  0.00259  
7206.900000000001  0.00252  
7211.3  0.00253  
7215.700000000001  0.00259  
7220.1  0.00259  
7224.5  0.00253  
7228.9  0.00247  
7233.200000000001  0.0024  
7237.6  0.00236  
7242.0  0.00234  
7246.4  0.00229  
7250.8  0.00237  
7255.2  0.00252  
7259.5  0.00247  
7263.9  0.00233  
7268.3  0.00233  
7272.7  0.00241  
7277.1  0.00249  
7281.5  0.00245  
7285.900000000001  0.00231  
7290.299999999999  0.00229  
7294.700000000001  0.0023  
7299.0  0.00223  
7303.400000000001  0.00219  
7307.799999999999  0.00219  
7312.200000000001  0.00222  
7316.599999999999  0.00223  
7321.0  0.0022  
7325.4  0.00214  
7329.8  0.00207  
7334.2  0.00206  
7338.6  0.0021  
7342.9  0.00213  
7347.3  0.00221  
7351.7  0.00221  
7356.1  0.00206  
7360.5  0.00197  
7364.9  0.00201  
7369.299999999999  0.00202  
7373.7  0.00198  
7378.099999999999  0.00203  
7382.5  0.00211  
7386.900000000001  0.00208  
7391.3  0.00199  
7395.700000000001  0.00198  

