@MEASUREMENT_RADIUS 17.0 cm
#lambda:
#tr:
#end
5000.6  0.00619  
5004.8  0.00637  
5009.0  0.00619  
5013.1  0.00603  
5017.3  0.00606  
5021.5  0.00601  
5025.7  0.00576  
5029.8  0.00557  
5034.0  0.00578  
5038.2  0.00632  
5042.4  0.00646  
5046.6  0.00614  
5050.8  0.00609  
5054.9  0.0062  
5059.1  0.00606  
5063.3  0.00595  
5067.5  0.00608  
5071.7  0.00603  
5075.9  0.00576  
5080.1  0.0057  
5084.2  0.00585  
5088.4  0.00579  
5092.6  0.00566  
5096.8  0.0059  
5101.0  0.0061  
5105.2  0.00599  
5109.4  0.00584  
5113.6  0.00569  
5117.7  0.00555  
5121.900000000001  0.00545  
5126.1  0.0056  
5130.299999999999  0.0059  
5134.5  0.00577  
5138.7  0.00537  
5142.9  0.00541  
5147.1  0.00577  
5151.3  0.00571  
5155.5  0.0054  
5159.700000000001  0.00553  
5163.9  0.00582  
5168.099999999999  0.00574  
5172.3  0.00553  
5176.4  0.00551  
5180.599999999999  0.0056  
5184.8  0.00571  
5189.0  0.00573  
5193.200000000001  0.00558  
5197.4  0.00552  
5201.599999999999  0.00564  
5205.8  0.00579  
5210.0  0.00587  
5214.2  0.00574  
5218.400000000001  0.00558  
5222.6  0.00572  
5226.799999999999  0.00592  
5231.0  0.00588  
5235.2  0.00574  
5239.400000000001  0.00563  
5243.6  0.00573  
5247.799999999999  0.00593  
5252.0  0.006  
5256.3  0.00595  
5260.5  0.006  
5264.700000000001  0.00609  
5268.9  0.00599  
5273.099999999999  0.0059  
5277.3  0.00609  
5281.5  0.00616  
5285.700000000001  0.00599  
5289.9  0.00606  
5294.099999999999  0.00633  
5298.3  0.00663  
5302.5  0.00687  
5306.7  0.00674  
5310.900000000001  0.00654  
5315.2  0.0069  
5319.400000000001  0.00741  
5323.6  0.00749  
5327.799999999999  0.0075  
5332.0  0.00776  
5336.2  0.00823  
5340.4  0.00875  
5344.6  0.00918  
5348.9  0.00949  
5353.099999999999  0.00973  
5357.3  0.01001  
5361.5  0.01048  
5365.700000000001  0.01095  
5369.9  0.01124  
5374.099999999999  0.0117  
5378.400000000001  0.01272  
5382.6  0.01409  
5386.799999999999  0.01595  
5391.0  0.01897  
5395.2  0.02352  
5399.5  0.02961  
5403.7  0.03748  
5407.9  0.04742  
5412.1  0.05907  
5416.3  0.0722  
5420.599999999999  0.08734  
5424.8  0.10465  
5429.0  0.12401  
5433.200000000001  0.14613  
5437.4  0.17189  
5441.7  0.20176  
5445.900000000001  0.23619  
5450.1  0.27625  
5454.299999999999  0.32342  
5458.6  0.37776  
5462.799999999999  0.43761  
5467.0  0.50007  
5471.2  0.56172  
5475.5  0.61972  
5479.700000000001  0.67112  
5483.9  0.71209  
5488.099999999999  0.73912  
5492.4  0.751  
5496.599999999999  0.74974  
5500.8  0.74096  
5505.1  0.73177  
5509.299999999999  0.72633  
5513.5  0.72566  
5517.799999999999  0.72881  
5522.0  0.73386  
5526.2  0.73975  
5530.4  0.74548  
5534.700000000001  0.75048  
5538.9  0.75422  
5543.099999999999  0.7559  
5547.4  0.75674  
5551.599999999999  0.75857  
5555.8  0.76132  
5560.1  0.76538  
5564.299999999999  0.7722  
5568.6  0.78156  
5572.799999999999  0.79201  
5577.0  0.8031  
5581.3  0.81481  
5585.5  0.82619  
5589.700000000001  0.83661  
5594.0  0.84608  
5598.200000000001  0.85432  
5602.5  0.86133  
5606.7  0.86706  
5610.900000000001  0.87123  
5615.2  0.87409  
5619.400000000001  0.87579  
5623.7  0.87661  
5627.9  0.87705  
5632.1  0.8769  
5636.4  0.87675  
5640.599999999999  0.87716  
5644.9  0.87781  
5649.099999999999  0.87864  
5653.400000000001  0.88008  
5657.6  0.88209  
5661.799999999999  0.88421  
5666.1  0.88623  
5670.299999999999  0.8885  
5674.6  0.89139  
5678.8  0.8941  
5683.099999999999  0.89573  
5687.3  0.89655  
5691.599999999999  0.89753  
5695.8  0.89842  
5700.1  0.89812  
5704.299999999999  0.89707  
5708.6  0.89608  
5712.799999999999  0.89439  
5717.1  0.89171  
5721.3  0.8893  
5725.599999999999  0.88755  
5729.8  0.88531  
5734.099999999999  0.88284  
5738.3  0.88111  
5742.6  0.87924  
5746.799999999999  0.87684  
5751.1  0.87496  
5755.299999999999  0.87367  
5759.6  0.8724  
5763.9  0.8714  
5768.099999999999  0.87056  
5772.4  0.8693  
5776.599999999999  0.86766  
5780.900000000001  0.86581  
5785.1  0.86414  
5789.400000000001  0.86327  
5793.6  0.8631  
5797.9  0.86254  
5802.200000000001  0.86124  
5806.4  0.86041  
5810.700000000001  0.86129  
5814.9  0.86389  
5819.2  0.86681  
5823.5  0.86953  
5827.7  0.87291  
5832.0  0.87716  
5836.2  0.88138  
5840.5  0.88489  
5844.8  0.88842  
5849.0  0.89231  
5853.3  0.89562  
5857.6  0.89807  
5861.799999999999  0.89977  
5866.1  0.90041  
5870.4  0.89993  
5874.6  0.8991  
5878.9  0.89815  
5883.200000000001  0.89633  
5887.4  0.89335  
5891.7  0.88967  
5896.0  0.88541  
5900.2  0.88054  
5904.5  0.87513  
5908.8  0.86896  
5913.0  0.86186  
5917.3  0.85412  
5921.599999999999  0.84656  
5925.8  0.83961  
5930.1  0.83279  
5934.400000000001  0.82638  
5938.7  0.82128  
5942.9  0.81737  
5947.200000000001  0.81424  
5951.5  0.8129  
5955.700000000001  0.81436  
5960.0  0.81762  
5964.299999999999  0.8212  
5968.6  0.82573  
5972.799999999999  0.83209  
5977.1  0.83967  
5981.4  0.84743  
5985.700000000001  0.85456  
5990.0  0.86131  
5994.2  0.86797  
5998.5  0.874  
6002.799999999999  0.87893  
6007.1  0.88265  
6011.3  0.88578  
6015.599999999999  0.88856  
6019.9  0.89037  
6024.2  0.89117  
6028.5  0.89155  
6032.7  0.89218  
6037.0  0.89293  
6041.3  0.89316  
6045.599999999999  0.8934  
6049.9  0.89388  
6054.099999999999  0.894  
6058.400000000001  0.89346  
6062.7  0.89207  
6067.0  0.89013  
6071.3  0.88825  
6075.599999999999  0.88605  
6079.9  0.88312  
6084.099999999999  0.87997  
6088.400000000001  0.87672  
6092.7  0.87359  
6097.0  0.87127  
6101.3  0.86987  
6105.599999999999  0.86911  
6109.9  0.86929  
6114.099999999999  0.87032  
6118.400000000001  0.87212  
6122.7  0.87502  
6127.0  0.8788  
6131.3  0.88291  
6135.599999999999  0.88708  
6139.9  0.89112  
6144.2  0.89484  
6148.5  0.89751  
6152.799999999999  0.89866  
6157.1  0.89909  
6161.3  0.89911  
6165.599999999999  0.89833  
6169.9  0.89676  
6174.2  0.89432  
6178.5  0.89092  
6182.799999999999  0.88705  
6187.1  0.88365  
6191.4  0.88109  
6195.700000000001  0.87916  
6200.0  0.87796  
6204.299999999999  0.87771  
6208.6  0.87832  
6212.9  0.87968  
6217.200000000001  0.88136  
6221.5  0.88312  
6225.8  0.88562  
6230.1  0.8889  
6234.400000000001  0.89204  
6238.7  0.89488  
6243.0  0.89722  
6247.3  0.89844  
6251.599999999999  0.89908  
6255.900000000001  0.89957  
6260.2  0.89949  
6264.5  0.89912  
6268.8  0.89827  
6273.099999999999  0.89658  
6277.4  0.89515  
6281.7  0.89442  
6286.0  0.89342  
6290.299999999999  0.89204  
6294.6  0.89137  
6298.9  0.89125  
6303.200000000001  0.89109  
6307.5  0.89158  
6311.799999999999  0.89263  
6316.1  0.89373  
6320.4  0.89445  
6324.8  0.89496  
6329.099999999999  0.89629  
6333.400000000001  0.89762  
6337.7  0.89783  
6342.0  0.89733  
6346.3  0.89656  
6350.599999999999  0.89513  
6354.9  0.89318  
6359.2  0.8911  
6363.5  0.88846  
6367.9  0.88523  
6372.200000000001  0.88143  
6376.5  0.87754  
6380.8  0.87412  
6385.1  0.87064  
6389.400000000001  0.86697  
6393.7  0.86366  
6398.0  0.86113  
6402.4  0.8594  
6406.7  0.85801  
6411.0  0.85648  
6415.299999999999  0.85554  
6419.6  0.85594  
6423.9  0.85689  
6428.3  0.85798  
6432.6  0.85994  
6436.900000000001  0.86252  
6441.2  0.86483  
6445.5  0.8673  
6449.8  0.87051  
6454.2  0.87385  
6458.5  0.87676  
6462.799999999999  0.87959  
6467.1  0.88223  
6471.4  0.88415  
6475.8  0.88612  
6480.1  0.88803  
6484.400000000001  0.88851  
6488.7  0.88841  
6493.099999999999  0.88848  
6497.4  0.8877  
6501.7  0.88585  
6506.0  0.88318  
6510.299999999999  0.8799  
6514.700000000001  0.87617  
6519.0  0.87175  
6523.3  0.86628  
6527.6  0.86033  
6532.0  0.85476  
6536.3  0.84929  
6540.599999999999  0.84333  
6545.0  0.83704  
6549.299999999999  0.83129  
6553.6  0.82642  
6557.9  0.8222  
6562.3  0.81859  
6566.599999999999  0.81581  
6570.900000000001  0.81435  
6575.299999999999  0.81412  
6579.6  0.81479  
6583.9  0.81652  
6588.200000000001  0.81923  
6592.6  0.82303  
6596.900000000001  0.82825  
6601.2  0.83426  
6605.599999999999  0.84023  
6609.9  0.84628  
6614.2  0.85264  
6618.6  0.85895  
6622.9  0.86485  
6627.200000000001  0.86996  
6631.599999999999  0.87393  
6635.900000000001  0.87723  
6640.2  0.88004  
6644.6  0.88167  
6648.9  0.88185  
6653.3  0.88097  
6657.6  0.87936  
6661.900000000001  0.87709  
6666.3  0.87445  
6670.599999999999  0.87129  
6674.9  0.868  
6679.299999999999  0.86566  
6683.6  0.8639  
6688.0  0.86194  
6692.3  0.86029  
6696.599999999999  0.85986  
6701.0  0.86036  
6705.299999999999  0.86094  
6709.700000000001  0.86218  
6714.0  0.86454  
6718.3  0.86698  
6722.7  0.86913  
6727.0  0.87201  
6731.4  0.87588  
6735.700000000001  0.87919  
6740.1  0.88117  
6744.400000000001  0.88315  
6748.7  0.88566  
6753.099999999999  0.88731  
6757.4  0.8881  
6761.799999999999  0.8887  
6766.1  0.88863  
6770.5  0.88731  
6774.8  0.88525  
6779.2  0.88308  
6783.5  0.88053  
6787.9  0.87744  
6792.200000000001  0.87362  
6796.599999999999  0.8692  
6800.900000000001  0.86518  
6805.299999999999  0.86148  
6809.6  0.85796  
6814.0  0.85547  
6818.3  0.85333  
6822.7  0.85113  
6827.0  0.85003  
6831.4  0.85021  
6835.700000000001  0.85106  
6840.1  0.85241  
6844.400000000001  0.85442  
6848.8  0.85692  
6853.099999999999  0.85966  
6857.5  0.86263  
6861.799999999999  0.86556  
6866.2  0.86799  
6870.5  0.87035  
6874.9  0.87249  
6879.299999999999  0.87318  
6883.6  0.87256  
6888.0  0.87123  
6892.3  0.8684  
6896.7  0.8639  
6901.0  0.85871  
6905.4  0.85245  
6909.8  0.84398  
6914.099999999999  0.8335  
6918.5  0.82164  
6922.799999999999  0.80775  
6927.200000000001  0.79117  
6931.599999999999  0.77192  
6935.900000000001  0.74989  
6940.299999999999  0.72511  
6944.6  0.69761  
6949.0  0.66709  
6953.400000000001  0.63344  
6957.7  0.59669  
6962.1  0.55723  
6966.4  0.51607  
6970.8  0.47399  
6975.2  0.43133  
6979.5  0.3886  
6983.9  0.34685  
6988.3  0.30638  
6992.6  0.26768  
6997.0  0.23173  
7001.4  0.19855  
7005.700000000001  0.16801  
7010.1  0.14066  
7014.5  0.11705  
7018.8  0.0968  
7023.200000000001  0.07936  
7027.6  0.06476  
7031.900000000001  0.05297  
7036.3  0.04356  
7040.700000000001  0.03589  
7045.0  0.02956  
7049.400000000001  0.02463  
7053.8  0.02091  
7058.099999999999  0.01789  
7062.5  0.01528  
7066.900000000001  0.01313  
7071.3  0.01153  
7075.599999999999  0.01026  
7080.0  0.00912  
7084.400000000001  0.00818  
7088.7  0.00738  
7093.099999999999  0.00671  
7097.5  0.00622  
7101.900000000001  0.00579  
7106.2  0.00535  
7110.599999999999  0.00497  
7115.0  0.00462  
7119.400000000001  0.0043  
7123.7  0.00411  
7128.099999999999  0.00396  
7132.5  0.00375  
7136.900000000001  0.00353  
7141.2  0.00328  
7145.599999999999  0.0031  
7150.0  0.00313  
7154.400000000001  0.00315  
7158.8  0.00305  
7163.099999999999  0.00291  
7167.5  0.00282  
7171.900000000001  0.0028  
7176.3  0.00278  
7180.700000000001  0.00275  
7185.0  0.00274  
7189.400000000001  0.0027  
7193.8  0.00263  
7198.200000000001  0.00261  
7202.6  0.0026  
7206.900000000001  0.00255  
7211.3  0.00249  
7215.700000000001  0.0025  
7220.1  0.00252  
7224.5  0.00249  
7228.9  0.00248  
7233.200000000001  0.00255  
7237.6  0.00247  
7242.0  0.0023  
7246.4  0.00223  
7250.8  0.0022  
7255.2  0.00225  
7259.5  0.00243  
7263.9  0.00243  
7268.3  0.00222  
7272.7  0.00218  
7277.1  0.00226  
7281.5  0.00226  
7285.900000000001  0.00225  
7290.299999999999  0.00225  
7294.700000000001  0.00226  
7299.0  0.00231  
7303.400000000001  0.00228  
7307.799999999999  0.00216  
7312.200000000001  0.00213  
7316.599999999999  0.00223  
7321.0  0.00222  
7325.4  0.00205  
7329.8  0.00201  
7334.2  0.00213  
7338.6  0.00216  
7342.9  0.0021  
7347.3  0.0021  
7351.7  0.00212  
7356.1  0.00205  
7360.5  0.002  
7364.9  0.00209  
7369.299999999999  0.00216  
7373.7  0.0021  
7378.099999999999  0.00198  
7382.5  0.00191  
7386.900000000001  0.00199  
7391.3  0.00213  
7395.700000000001  0.00211  

