@MEASUREMENT_RADIUS 18.0 cm
#lambda:
#tr:
#end
5000.6  0.00596  
5004.8  0.00603  
5009.0  0.00622  
5013.1  0.00607  
5017.3  0.00587  
5021.5  0.00601  
5025.7  0.00604  
5029.8  0.00587  
5034.0  0.00583  
5038.2  0.00579  
5042.4  0.00572  
5046.6  0.00578  
5050.8  0.00589  
5054.9  0.00587  
5059.1  0.00562  
5063.3  0.00562  
5067.5  0.00604  
5071.7  0.00618  
5075.9  0.00595  
5080.1  0.00582  
5084.2  0.00584  
5088.4  0.00579  
5092.6  0.00574  
5096.8  0.00572  
5101.0  0.00572  
5105.2  0.00582  
5109.4  0.00586  
5113.6  0.00583  
5117.7  0.00582  
5121.900000000001  0.00579  
5126.1  0.00572  
5130.299999999999  0.00569  
5134.5  0.00569  
5138.7  0.00562  
5142.9  0.00556  
5147.1  0.00561  
5151.3  0.00572  
5155.5  0.0058  
5159.700000000001  0.00572  
5163.9  0.00563  
5168.099999999999  0.00579  
5172.3  0.00579  
5176.4  0.00551  
5180.599999999999  0.00538  
5184.8  0.0055  
5189.0  0.00559  
5193.200000000001  0.0054  
5197.4  0.00531  
5201.599999999999  0.00557  
5205.8  0.0057  
5210.0  0.00551  
5214.2  0.00557  
5218.400000000001  0.00584  
5222.6  0.0058  
5226.799999999999  0.00565  
5231.0  0.00575  
5235.2  0.0059  
5239.400000000001  0.00592  
5243.6  0.00586  
5247.799999999999  0.00578  
5252.0  0.00579  
5256.3  0.00589  
5260.5  0.00587  
5264.700000000001  0.00568  
5268.9  0.00578  
5273.099999999999  0.00611  
5277.3  0.0063  
5281.5  0.00641  
5285.700000000001  0.00642  
5289.9  0.00617  
5294.099999999999  0.00606  
5298.3  0.00638  
5302.5  0.00657  
5306.7  0.00661  
5310.900000000001  0.00682  
5315.2  0.00713  
5319.400000000001  0.00724  
5323.6  0.00732  
5327.799999999999  0.00758  
5332.0  0.00792  
5336.2  0.00826  
5340.4  0.00873  
5344.6  0.00925  
5348.9  0.00953  
5353.099999999999  0.00975  
5357.3  0.01003  
5361.5  0.01031  
5365.700000000001  0.01068  
5369.9  0.0112  
5374.099999999999  0.01177  
5378.400000000001  0.01258  
5382.6  0.01376  
5386.799999999999  0.01561  
5391.0  0.01855  
5395.2  0.02274  
5399.5  0.02841  
5403.7  0.0359  
5407.9  0.04542  
5412.1  0.05679  
5416.3  0.06975  
5420.599999999999  0.08451  
5424.8  0.1014  
5429.0  0.12055  
5433.200000000001  0.14248  
5437.4  0.16788  
5441.7  0.19692  
5445.900000000001  0.23028  
5450.1  0.26954  
5454.299999999999  0.31597  
5458.6  0.36972  
5462.799999999999  0.42953  
5467.0  0.49242  
5471.2  0.55503  
5475.5  0.61441  
5479.700000000001  0.66709  
5483.9  0.70922  
5488.099999999999  0.73713  
5492.4  0.74968  
5496.599999999999  0.74972  
5500.8  0.74239  
5505.1  0.73343  
5509.299999999999  0.72679  
5513.5  0.72485  
5517.799999999999  0.72794  
5522.0  0.73328  
5526.2  0.7394  
5530.4  0.74574  
5534.700000000001  0.75063  
5538.9  0.75354  
5543.099999999999  0.75507  
5547.4  0.75618  
5551.599999999999  0.75758  
5555.8  0.75983  
5560.1  0.76401  
5564.299999999999  0.77057  
5568.6  0.7793  
5572.799999999999  0.78975  
5577.0  0.80119  
5581.3  0.81373  
5585.5  0.82618  
5589.700000000001  0.83686  
5594.0  0.84634  
5598.200000000001  0.85501  
5602.5  0.86204  
5606.7  0.86768  
5610.900000000001  0.87261  
5615.2  0.87597  
5619.400000000001  0.87689  
5623.7  0.87712  
5627.9  0.87799  
5632.1  0.87864  
5636.4  0.8787  
5640.599999999999  0.87856  
5644.9  0.87869  
5649.099999999999  0.87955  
5653.400000000001  0.88091  
5657.6  0.88249  
5661.799999999999  0.88438  
5666.1  0.88629  
5670.299999999999  0.88843  
5674.6  0.89124  
5678.8  0.89416  
5683.099999999999  0.89633  
5687.3  0.89743  
5691.599999999999  0.8979  
5695.8  0.89852  
5700.1  0.89892  
5704.299999999999  0.89813  
5708.6  0.89667  
5712.799999999999  0.89496  
5717.1  0.89283  
5721.3  0.89104  
5725.599999999999  0.88948  
5729.8  0.88696  
5734.099999999999  0.88396  
5738.3  0.88197  
5742.6  0.88063  
5746.799999999999  0.87894  
5751.1  0.87688  
5755.299999999999  0.87487  
5759.6  0.87318  
5763.9  0.8721  
5768.099999999999  0.87128  
5772.4  0.87009  
5776.599999999999  0.86829  
5780.900000000001  0.86619  
5785.1  0.86502  
5789.400000000001  0.86458  
5793.6  0.86383  
5797.9  0.8629  
5802.200000000001  0.86223  
5806.4  0.86216  
5810.700000000001  0.86296  
5814.9  0.8649  
5819.2  0.86781  
5823.5  0.87123  
5827.7  0.87469  
5832.0  0.87834  
5836.2  0.88237  
5840.5  0.88614  
5844.8  0.88977  
5849.0  0.89382  
5853.3  0.89716  
5857.6  0.8988  
5861.799999999999  0.89992  
5866.1  0.90114  
5870.4  0.90166  
5874.6  0.90122  
5878.9  0.89995  
5883.200000000001  0.89782  
5887.4  0.89486  
5891.7  0.8914  
5896.0  0.88714  
5900.2  0.88198  
5904.5  0.87651  
5908.8  0.87067  
5913.0  0.86392  
5917.3  0.85649  
5921.599999999999  0.84911  
5925.8  0.84217  
5930.1  0.8353  
5934.400000000001  0.82885  
5938.7  0.82383  
5942.9  0.8199  
5947.200000000001  0.81671  
5951.5  0.81504  
5955.700000000001  0.81572  
5960.0  0.81843  
5964.299999999999  0.8222  
5968.6  0.82707  
5972.799999999999  0.83346  
5977.1  0.84084  
5981.4  0.84817  
5985.700000000001  0.85498  
5990.0  0.86185  
5994.2  0.86864  
5998.5  0.87434  
6002.799999999999  0.87939  
6007.1  0.88388  
6011.3  0.88708  
6015.599999999999  0.88919  
6019.9  0.89059  
6024.2  0.89153  
6028.5  0.8921  
6032.7  0.89263  
6037.0  0.89329  
6041.3  0.89389  
6045.599999999999  0.8944  
6049.9  0.89431  
6054.099999999999  0.89378  
6058.400000000001  0.8935  
6062.7  0.8926  
6067.0  0.89093  
6071.3  0.88912  
6075.599999999999  0.88675  
6079.9  0.88384  
6084.099999999999  0.88073  
6088.400000000001  0.87733  
6092.7  0.87439  
6097.0  0.87225  
6101.3  0.87053  
6105.599999999999  0.87009  
6109.9  0.87118  
6114.099999999999  0.87252  
6118.400000000001  0.874  
6122.7  0.87653  
6127.0  0.88031  
6131.3  0.88457  
6135.599999999999  0.88841  
6139.9  0.89179  
6144.2  0.89522  
6148.5  0.89809  
6152.799999999999  0.89952  
6157.1  0.89996  
6161.3  0.89964  
6165.599999999999  0.89851  
6169.9  0.89659  
6174.2  0.89397  
6178.5  0.89123  
6182.799999999999  0.88799  
6187.1  0.8845  
6191.4  0.88177  
6195.700000000001  0.87984  
6200.0  0.87864  
6204.299999999999  0.87822  
6208.6  0.87895  
6212.9  0.88098  
6217.200000000001  0.88303  
6221.5  0.88461  
6225.8  0.88699  
6230.1  0.89028  
6234.400000000001  0.89361  
6238.7  0.89623  
6243.0  0.89805  
6247.3  0.89931  
6251.599999999999  0.89988  
6255.900000000001  0.89997  
6260.2  0.90001  
6264.5  0.89993  
6268.8  0.89918  
6273.099999999999  0.89765  
6277.4  0.89637  
6281.7  0.89545  
6286.0  0.89411  
6290.299999999999  0.89311  
6294.6  0.89258  
6298.9  0.89211  
6303.200000000001  0.89237  
6307.5  0.8934  
6311.799999999999  0.89434  
6316.1  0.89507  
6320.4  0.89577  
6324.8  0.89665  
6329.099999999999  0.89781  
6333.400000000001  0.89832  
6337.7  0.89806  
6342.0  0.89785  
6346.3  0.89724  
6350.599999999999  0.89592  
6354.9  0.89424  
6359.2  0.89174  
6363.5  0.88843  
6367.9  0.88502  
6372.200000000001  0.8815  
6376.5  0.87795  
6380.8  0.87431  
6385.1  0.87034  
6389.400000000001  0.86684  
6393.7  0.86398  
6398.0  0.86135  
6402.4  0.85904  
6406.7  0.85705  
6411.0  0.85584  
6415.299999999999  0.85576  
6419.6  0.8564  
6423.9  0.85741  
6428.3  0.85847  
6432.6  0.86011  
6436.900000000001  0.8631  
6441.2  0.86604  
6445.5  0.86856  
6449.8  0.87176  
6454.2  0.87516  
6458.5  0.87806  
6462.799999999999  0.88082  
6467.1  0.88374  
6471.4  0.88604  
6475.8  0.88748  
6480.1  0.88891  
6484.400000000001  0.88999  
6488.7  0.89013  
6493.099999999999  0.88938  
6497.4  0.88803  
6501.7  0.88626  
6506.0  0.88372  
6510.299999999999  0.88019  
6514.700000000001  0.8762  
6519.0  0.87207  
6523.3  0.86703  
6527.6  0.86118  
6532.0  0.85543  
6536.3  0.8496  
6540.599999999999  0.84354  
6545.0  0.83767  
6549.299999999999  0.83231  
6553.6  0.82756  
6557.9  0.82332  
6562.3  0.81953  
6566.599999999999  0.81676  
6570.900000000001  0.81554  
6575.299999999999  0.81568  
6579.6  0.81678  
6583.9  0.81827  
6588.200000000001  0.82027  
6592.6  0.82388  
6596.900000000001  0.82939  
6601.2  0.83555  
6605.599999999999  0.84156  
6609.9  0.84773  
6614.2  0.85412  
6618.6  0.86042  
6622.9  0.86616  
6627.200000000001  0.87099  
6631.599999999999  0.87526  
6635.900000000001  0.87885  
6640.2  0.88098  
6644.6  0.88179  
6648.9  0.88213  
6653.3  0.882  
6657.6  0.8805  
6661.900000000001  0.87786  
6666.3  0.87512  
6670.599999999999  0.87235  
6674.9  0.86996  
6679.299999999999  0.86762  
6683.6  0.86428  
6688.0  0.86113  
6692.3  0.86007  
6696.599999999999  0.86077  
6701.0  0.86127  
6705.299999999999  0.86123  
6709.700000000001  0.8621  
6714.0  0.86428  
6718.3  0.8672  
6722.7  0.87012  
6727.0  0.87261  
6731.4  0.87544  
6735.700000000001  0.87858  
6740.1  0.88155  
6744.400000000001  0.88454  
6748.7  0.88686  
6753.099999999999  0.88796  
6757.4  0.88889  
6761.799999999999  0.88992  
6766.1  0.89005  
6770.5  0.88879  
6774.8  0.88656  
6779.2  0.88419  
6783.5  0.88179  
6787.9  0.87883  
6792.200000000001  0.87507  
6796.599999999999  0.87098  
6800.900000000001  0.86699  
6805.299999999999  0.86317  
6809.6  0.85949  
6814.0  0.85677  
6818.3  0.85499  
6822.7  0.85328  
6827.0  0.85214  
6831.4  0.85206  
6835.700000000001  0.85292  
6840.1  0.85462  
6844.400000000001  0.85677  
6848.8  0.85906  
6853.099999999999  0.86131  
6857.5  0.8638  
6861.799999999999  0.86704  
6866.2  0.8705  
6870.5  0.87301  
6874.9  0.87381  
6879.299999999999  0.87384  
6883.6  0.87376  
6888.0  0.87236  
6892.3  0.86912  
6896.7  0.86472  
6901.0  0.85953  
6905.4  0.85297  
6909.8  0.84425  
6914.099999999999  0.83307  
6918.5  0.82006  
6922.799999999999  0.806  
6927.200000000001  0.78994  
6931.599999999999  0.77031  
6935.900000000001  0.74737  
6940.299999999999  0.72186  
6944.6  0.69349  
6949.0  0.66189  
6953.400000000001  0.62733  
6957.7  0.59012  
6962.1  0.55032  
6966.4  0.50837  
6970.8  0.46496  
6975.2  0.42131  
6979.5  0.37821  
6983.9  0.33633  
6988.3  0.2964  
6992.6  0.25839  
6997.0  0.22251  
7001.4  0.18962  
7005.700000000001  0.1601  
7010.1  0.13393  
7014.5  0.11119  
7018.8  0.09169  
7023.200000000001  0.07516  
7027.6  0.06143  
7031.900000000001  0.05019  
7036.3  0.0412  
7040.700000000001  0.0341  
7045.0  0.02829  
7049.400000000001  0.02353  
7053.8  0.01989  
7058.099999999999  0.01714  
7062.5  0.01495  
7066.900000000001  0.01299  
7071.3  0.01133  
7075.599999999999  0.01001  
7080.0  0.00892  
7084.400000000001  0.00803  
7088.7  0.00727  
7093.099999999999  0.00647  
7097.5  0.00575  
7101.900000000001  0.00539  
7106.2  0.00517  
7110.599999999999  0.00487  
7115.0  0.00454  
7119.400000000001  0.00419  
7123.7  0.00386  
7128.099999999999  0.0037  
7132.5  0.00363  
7136.900000000001  0.00359  
7141.2  0.00349  
7145.599999999999  0.00327  
7150.0  0.00311  
7154.400000000001  0.00307  
7158.8  0.00308  
7163.099999999999  0.00301  
7167.5  0.00283  
7171.900000000001  0.00276  
7176.3  0.00285  
7180.700000000001  0.00277  
7185.0  0.00262  
7189.400000000001  0.00258  
7193.8  0.00257  
7198.200000000001  0.00256  
7202.6  0.00256  
7206.900000000001  0.00251  
7211.3  0.00251  
7215.700000000001  0.00257  
7220.1  0.00258  
7224.5  0.00253  
7228.9  0.00247  
7233.200000000001  0.00247  
7237.6  0.00241  
7242.0  0.00238  
7246.4  0.00243  
7250.8  0.00236  
7255.2  0.00231  
7259.5  0.00237  
7263.9  0.00236  
7268.3  0.00233  
7272.7  0.00232  
7277.1  0.00231  
7281.5  0.00228  
7285.900000000001  0.00223  
7290.299999999999  0.0022  
7294.700000000001  0.00211  
7299.0  0.00204  
7303.400000000001  0.0021  
7307.799999999999  0.00224  
7312.200000000001  0.00229  
7316.599999999999  0.00224  
7321.0  0.00218  
7325.4  0.00215  
7329.8  0.00219  
7334.2  0.00225  
7338.6  0.00224  
7342.9  0.00212  
7347.3  0.00199  
7351.7  0.00196  
7356.1  0.00201  
7360.5  0.00207  
7364.9  0.00215  
7369.299999999999  0.00212  
7373.7  0.00199  
7378.099999999999  0.00199  
7382.5  0.00209  
7386.900000000001  0.0021  
7391.3  0.00207  
7395.700000000001  0.00199  

