@MEASUREMENT_RADIUS 19.0 cm
#lambda:
#tr:
#end
5000.6  0.00576  
5004.8  0.00594  
5009.0  0.00613  
5013.1  0.00625  
5017.3  0.00631  
5021.5  0.00614  
5025.7  0.00594  
5029.8  0.00596  
5034.0  0.00618  
5038.2  0.00634  
5042.4  0.00618  
5046.6  0.00598  
5050.8  0.00593  
5054.9  0.0059  
5059.1  0.00586  
5063.3  0.00577  
5067.5  0.00578  
5071.7  0.00596  
5075.9  0.00599  
5080.1  0.0058  
5084.2  0.00577  
5088.4  0.00589  
5092.6  0.00587  
5096.8  0.00564  
5101.0  0.0057  
5105.2  0.00603  
5109.4  0.00602  
5113.6  0.0058  
5117.7  0.00578  
5121.900000000001  0.00585  
5126.1  0.00571  
5130.299999999999  0.00559  
5134.5  0.0057  
5138.7  0.00585  
5142.9  0.00576  
5147.1  0.00561  
5151.3  0.00565  
5155.5  0.00559  
5159.700000000001  0.00549  
5163.9  0.00559  
5168.099999999999  0.00589  
5172.3  0.00598  
5176.4  0.00577  
5180.599999999999  0.00579  
5184.8  0.00595  
5189.0  0.00575  
5193.200000000001  0.00548  
5197.4  0.00551  
5201.599999999999  0.00563  
5205.8  0.00566  
5210.0  0.00557  
5214.2  0.00541  
5218.400000000001  0.00543  
5222.6  0.00573  
5226.799999999999  0.00599  
5231.0  0.00583  
5235.2  0.00558  
5239.400000000001  0.00581  
5243.6  0.00605  
5247.799999999999  0.00592  
5252.0  0.00574  
5256.3  0.00567  
5260.5  0.00583  
5264.700000000001  0.00598  
5268.9  0.0059  
5273.099999999999  0.00592  
5277.3  0.00615  
5281.5  0.0063  
5285.700000000001  0.00617  
5289.9  0.00603  
5294.099999999999  0.0062  
5298.3  0.00646  
5302.5  0.00649  
5306.7  0.00647  
5310.900000000001  0.00663  
5315.2  0.00701  
5319.400000000001  0.00734  
5323.6  0.0074  
5327.799999999999  0.00745  
5332.0  0.00779  
5336.2  0.00819  
5340.4  0.0085  
5344.6  0.00892  
5348.9  0.00937  
5353.099999999999  0.00969  
5357.3  0.01007  
5361.5  0.0104  
5365.700000000001  0.01063  
5369.9  0.01117  
5374.099999999999  0.01189  
5378.400000000001  0.01256  
5382.6  0.0135  
5386.799999999999  0.01512  
5391.0  0.01766  
5395.2  0.02123  
5399.5  0.02643  
5403.7  0.0336  
5407.9  0.04242  
5412.1  0.05303  
5416.3  0.06562  
5420.599999999999  0.07991  
5424.8  0.09593  
5429.0  0.11423  
5433.200000000001  0.13546  
5437.4  0.16005  
5441.7  0.18805  
5445.900000000001  0.21994  
5450.1  0.25742  
5454.299999999999  0.30186  
5458.6  0.3531  
5462.799999999999  0.41006  
5467.0  0.4711  
5471.2  0.5338  
5475.5  0.59446  
5479.700000000001  0.64918  
5483.9  0.69517  
5488.099999999999  0.72918  
5492.4  0.74824  
5496.599999999999  0.7528  
5500.8  0.7473  
5505.1  0.73872  
5509.299999999999  0.73179  
5513.5  0.72794  
5517.799999999999  0.72811  
5522.0  0.73199  
5526.2  0.73799  
5530.4  0.74395  
5534.700000000001  0.7488  
5538.9  0.75266  
5543.099999999999  0.75512  
5547.4  0.75624  
5551.599999999999  0.75708  
5555.8  0.75877  
5560.1  0.76214  
5564.299999999999  0.76763  
5568.6  0.77581  
5572.799999999999  0.78637  
5577.0  0.79767  
5581.3  0.80924  
5585.5  0.8217  
5589.700000000001  0.8342  
5594.0  0.84477  
5598.200000000001  0.8536  
5602.5  0.8619  
5606.7  0.86886  
5610.900000000001  0.87376  
5615.2  0.87701  
5619.400000000001  0.8787  
5623.7  0.87948  
5627.9  0.88017  
5632.1  0.88054  
5636.4  0.8807  
5640.599999999999  0.88038  
5644.9  0.87979  
5649.099999999999  0.88024  
5653.400000000001  0.88181  
5657.6  0.88325  
5661.799999999999  0.88473  
5666.1  0.88694  
5670.299999999999  0.88938  
5674.6  0.89165  
5678.8  0.89359  
5683.099999999999  0.89568  
5687.3  0.89823  
5691.599999999999  0.90021  
5695.8  0.90063  
5700.1  0.89983  
5704.299999999999  0.89916  
5708.6  0.8989  
5712.799999999999  0.89803  
5717.1  0.89618  
5721.3  0.89396  
5725.599999999999  0.8918  
5729.8  0.88935  
5734.099999999999  0.88705  
5738.3  0.88537  
5742.6  0.88319  
5746.799999999999  0.88053  
5751.1  0.87858  
5755.299999999999  0.87699  
5759.6  0.87514  
5763.9  0.87382  
5768.099999999999  0.87328  
5772.4  0.87244  
5776.599999999999  0.8707  
5780.900000000001  0.86848  
5785.1  0.86683  
5789.400000000001  0.86621  
5793.6  0.86592  
5797.9  0.86548  
5802.200000000001  0.86489  
5806.4  0.86467  
5810.700000000001  0.8655  
5814.9  0.86737  
5819.2  0.86996  
5823.5  0.87296  
5827.7  0.87604  
5832.0  0.87933  
5836.2  0.88328  
5840.5  0.88738  
5844.8  0.89095  
5849.0  0.8943  
5853.3  0.89742  
5857.6  0.89982  
5861.799999999999  0.90164  
5866.1  0.90307  
5870.4  0.90363  
5874.6  0.90311  
5878.9  0.9018  
5883.200000000001  0.90003  
5887.4  0.89774  
5891.7  0.89473  
5896.0  0.89103  
5900.2  0.88652  
5904.5  0.88119  
5908.8  0.8752  
5913.0  0.86864  
5917.3  0.86166  
5921.599999999999  0.85427  
5925.8  0.84706  
5930.1  0.84037  
5934.400000000001  0.83384  
5938.7  0.82774  
5942.9  0.82322  
5947.200000000001  0.82052  
5951.5  0.81905  
5955.700000000001  0.81871  
5960.0  0.82018  
5964.299999999999  0.82341  
5968.6  0.82773  
5972.799999999999  0.83333  
5977.1  0.84003  
5981.4  0.84703  
5985.700000000001  0.85404  
5990.0  0.86107  
5994.2  0.86799  
5998.5  0.87441  
6002.799999999999  0.87972  
6007.1  0.88368  
6011.3  0.88672  
6015.599999999999  0.88923  
6019.9  0.89128  
6024.2  0.89258  
6028.5  0.89299  
6032.7  0.89345  
6037.0  0.89437  
6041.3  0.89503  
6045.599999999999  0.89522  
6049.9  0.89509  
6054.099999999999  0.89473  
6058.400000000001  0.89438  
6062.7  0.89343  
6067.0  0.89173  
6071.3  0.89021  
6075.599999999999  0.88839  
6079.9  0.88549  
6084.099999999999  0.88259  
6088.400000000001  0.88024  
6092.7  0.87772  
6097.0  0.87525  
6101.3  0.87353  
6105.599999999999  0.8728  
6109.9  0.87328  
6114.099999999999  0.8745  
6118.400000000001  0.8759  
6122.7  0.87799  
6127.0  0.88157  
6131.3  0.88587  
6135.599999999999  0.88937  
6139.9  0.89254  
6144.2  0.89601  
6148.5  0.89859  
6152.799999999999  0.89993  
6157.1  0.90082  
6161.3  0.9009  
6165.599999999999  0.89961  
6169.9  0.89784  
6174.2  0.89577  
6178.5  0.89272  
6182.799999999999  0.88953  
6187.1  0.88706  
6191.4  0.88451  
6195.700000000001  0.88199  
6200.0  0.88096  
6204.299999999999  0.88128  
6208.6  0.88179  
6212.9  0.88257  
6217.200000000001  0.88424  
6221.5  0.88646  
6225.8  0.88887  
6230.1  0.89162  
6234.400000000001  0.89441  
6238.7  0.89699  
6243.0  0.89897  
6247.3  0.89986  
6251.599999999999  0.90021  
6255.900000000001  0.90078  
6260.2  0.90137  
6264.5  0.90141  
6268.8  0.90056  
6273.099999999999  0.89897  
6277.4  0.8974  
6281.7  0.89626  
6286.0  0.89531  
6290.299999999999  0.89459  
6294.6  0.89427  
6298.9  0.89434  
6303.200000000001  0.89482  
6307.5  0.89558  
6311.799999999999  0.89625  
6316.1  0.89693  
6320.4  0.8978  
6324.8  0.89889  
6329.099999999999  0.89994  
6333.400000000001  0.90027  
6337.7  0.90015  
6342.0  0.89996  
6346.3  0.89901  
6350.599999999999  0.89727  
6354.9  0.89527  
6359.2  0.89292  
6363.5  0.89021  
6367.9  0.88718  
6372.200000000001  0.88373  
6376.5  0.87979  
6380.8  0.87548  
6385.1  0.87156  
6389.400000000001  0.86844  
6393.7  0.86528  
6398.0  0.86222  
6402.4  0.86012  
6406.7  0.85844  
6411.0  0.85713  
6415.299999999999  0.85702  
6419.6  0.85743  
6423.9  0.85773  
6428.3  0.85897  
6432.6  0.8616  
6436.900000000001  0.86472  
6441.2  0.86728  
6445.5  0.8694  
6449.8  0.87249  
6454.2  0.87647  
6458.5  0.87977  
6462.799999999999  0.88224  
6467.1  0.88459  
6471.4  0.88711  
6475.8  0.88962  
6480.1  0.89139  
6484.400000000001  0.8919  
6488.7  0.89177  
6493.099999999999  0.89124  
6497.4  0.89005  
6501.7  0.88832  
6506.0  0.8856  
6510.299999999999  0.88176  
6514.700000000001  0.87771  
6519.0  0.87379  
6523.3  0.8693  
6527.6  0.86361  
6532.0  0.8573  
6536.3  0.85151  
6540.599999999999  0.84642  
6545.0  0.84107  
6549.299999999999  0.83517  
6553.6  0.82998  
6557.9  0.82607  
6562.3  0.82285  
6566.599999999999  0.82038  
6570.900000000001  0.81881  
6575.299999999999  0.81788  
6579.6  0.81827  
6583.9  0.8202  
6588.200000000001  0.82281  
6592.6  0.82612  
6596.900000000001  0.83069  
6601.2  0.83621  
6605.599999999999  0.84195  
6609.9  0.8479  
6614.2  0.85425  
6618.6  0.86062  
6622.9  0.86607  
6627.200000000001  0.8708  
6631.599999999999  0.87561  
6635.900000000001  0.87956  
6640.2  0.88189  
6644.6  0.88325  
6648.9  0.88413  
6653.3  0.88392  
6657.6  0.88223  
6661.900000000001  0.87985  
6666.3  0.87748  
6670.599999999999  0.87488  
6674.9  0.87199  
6679.299999999999  0.86927  
6683.6  0.86656  
6688.0  0.86403  
6692.3  0.86249  
6696.599999999999  0.86169  
6701.0  0.86133  
6705.299999999999  0.86174  
6709.700000000001  0.86292  
6714.0  0.86455  
6718.3  0.86651  
6722.7  0.86901  
6727.0  0.87215  
6731.4  0.87558  
6735.700000000001  0.87845  
6740.1  0.88098  
6744.400000000001  0.88403  
6748.7  0.88701  
6753.099999999999  0.88894  
6757.4  0.89044  
6761.799999999999  0.89172  
6766.1  0.89188  
6770.5  0.89069  
6774.8  0.88888  
6779.2  0.88677  
6783.5  0.88412  
6787.9  0.88125  
6792.200000000001  0.87841  
6796.599999999999  0.87487  
6800.900000000001  0.87028  
6805.299999999999  0.86584  
6809.6  0.86275  
6814.0  0.86052  
6818.3  0.85813  
6822.7  0.85584  
6827.0  0.8546  
6831.4  0.8547  
6835.700000000001  0.85591  
6840.1  0.85746  
6844.400000000001  0.85892  
6848.8  0.86104  
6853.099999999999  0.86382  
6857.5  0.86659  
6861.799999999999  0.86936  
6866.2  0.87198  
6870.5  0.87435  
6874.9  0.87601  
6879.299999999999  0.87649  
6883.6  0.87599  
6888.0  0.8743  
6892.3  0.87099  
6896.7  0.86628  
6901.0  0.86093  
6905.4  0.85467  
6909.8  0.84627  
6914.099999999999  0.83574  
6918.5  0.82332  
6922.799999999999  0.80876  
6927.200000000001  0.79214  
6931.599999999999  0.77286  
6935.900000000001  0.75033  
6940.299999999999  0.72476  
6944.6  0.69626  
6949.0  0.66474  
6953.400000000001  0.6301  
6957.7  0.59238  
6962.1  0.55202  
6966.4  0.5096  
6970.8  0.46594  
6975.2  0.42241  
6979.5  0.37963  
6983.9  0.33748  
6988.3  0.29673  
6992.6  0.2584  
6997.0  0.22274  
7001.4  0.19005  
7005.700000000001  0.16072  
7010.1  0.13464  
7014.5  0.11174  
7018.8  0.09205  
7023.200000000001  0.07549  
7027.6  0.06181  
7031.900000000001  0.05069  
7036.3  0.04181  
7040.700000000001  0.03451  
7045.0  0.02843  
7049.400000000001  0.02368  
7053.8  0.02013  
7058.099999999999  0.01723  
7062.5  0.01483  
7066.900000000001  0.01291  
7071.3  0.01137  
7075.599999999999  0.01001  
7080.0  0.00887  
7084.400000000001  0.00803  
7088.7  0.0074  
7093.099999999999  0.00675  
7097.5  0.00607  
7101.900000000001  0.00546  
7106.2  0.00505  
7110.599999999999  0.00484  
7115.0  0.00459  
7119.400000000001  0.00423  
7123.7  0.00385  
7128.099999999999  0.00365  
7132.5  0.00365  
7136.900000000001  0.00358  
7141.2  0.00343  
7145.599999999999  0.00329  
7150.0  0.00313  
7154.400000000001  0.00298  
7158.8  0.00286  
7163.099999999999  0.00285  
7167.5  0.00297  
7171.900000000001  0.003  
7176.3  0.00283  
7180.700000000001  0.0027  
7185.0  0.0027  
7189.400000000001  0.00266  
7193.8  0.0026  
7198.200000000001  0.00258  
7202.6  0.00256  
7206.900000000001  0.0025  
7211.3  0.00248  
7215.700000000001  0.00257  
7220.1  0.00257  
7224.5  0.00245  
7228.9  0.0024  
7233.200000000001  0.00243  
7237.6  0.00241  
7242.0  0.00237  
7246.4  0.0024  
7250.8  0.0025  
7255.2  0.00253  
7259.5  0.00243  
7263.9  0.00232  
7268.3  0.00224  
7272.7  0.00227  
7277.1  0.00238  
7281.5  0.00233  
7285.900000000001  0.00224  
7290.299999999999  0.00231  
7294.700000000001  0.00231  
7299.0  0.00221  
7303.400000000001  0.00213  
7307.799999999999  0.00215  
7312.200000000001  0.00224  
7316.599999999999  0.00229  
7321.0  0.00223  
7325.4  0.00208  
7329.8  0.00206  
7334.2  0.00215  
7338.6  0.00214  
7342.9  0.00206  
7347.3  0.00206  
7351.7  0.00208  
7356.1  0.0021  
7360.5  0.00213  
7364.9  0.00217  
7369.299999999999  0.00219  
7373.7  0.00208  
7378.099999999999  0.0019  
7382.5  0.00188  
7386.900000000001  0.00196  
7391.3  0.00198  
7395.700000000001  0.00198  

