@MEASUREMENT_RADIUS 20.0 cm
#lambda:
#tr:
#end
5000.6  0.00642  
5004.8  0.00636  
5009.0  0.00588  
5013.1  0.0058  
5017.3  0.00595  
5021.5  0.00592  
5025.7  0.00582  
5029.8  0.00597  
5034.0  0.00616  
5038.2  0.00604  
5042.4  0.0058  
5046.6  0.00583  
5050.8  0.00606  
5054.9  0.00612  
5059.1  0.00606  
5063.3  0.00593  
5067.5  0.00589  
5071.7  0.00595  
5075.9  0.00578  
5080.1  0.00562  
5084.2  0.00586  
5088.4  0.00616  
5092.6  0.00596  
5096.8  0.0055  
5101.0  0.00549  
5105.2  0.00585  
5109.4  0.00586  
5113.6  0.00558  
5117.7  0.00566  
5121.900000000001  0.00588  
5126.1  0.00573  
5130.299999999999  0.00571  
5134.5  0.00591  
5138.7  0.0058  
5142.9  0.00561  
5147.1  0.00565  
5151.3  0.00564  
5155.5  0.00566  
5159.700000000001  0.00601  
5163.9  0.00608  
5168.099999999999  0.00572  
5172.3  0.00541  
5176.4  0.00556  
5180.599999999999  0.00595  
5184.8  0.00599  
5189.0  0.00564  
5193.200000000001  0.00543  
5197.4  0.00559  
5201.599999999999  0.00586  
5205.8  0.00603  
5210.0  0.00591  
5214.2  0.0056  
5218.400000000001  0.00553  
5222.6  0.00578  
5226.799999999999  0.006  
5231.0  0.00597  
5235.2  0.00572  
5239.400000000001  0.00563  
5243.6  0.00592  
5247.799999999999  0.00612  
5252.0  0.00593  
5256.3  0.00569  
5260.5  0.00572  
5264.700000000001  0.00586  
5268.9  0.00587  
5273.099999999999  0.00576  
5277.3  0.00583  
5281.5  0.00604  
5285.700000000001  0.00614  
5289.9  0.00616  
5294.099999999999  0.0063  
5298.3  0.00638  
5302.5  0.00638  
5306.7  0.00666  
5310.900000000001  0.00688  
5315.2  0.00682  
5319.400000000001  0.00691  
5323.6  0.00729  
5327.799999999999  0.00764  
5332.0  0.00779  
5336.2  0.00788  
5340.4  0.0082  
5344.6  0.00874  
5348.9  0.00914  
5353.099999999999  0.00949  
5357.3  0.00995  
5361.5  0.01037  
5365.700000000001  0.01059  
5369.9  0.01086  
5374.099999999999  0.01126  
5378.400000000001  0.01181  
5382.6  0.01276  
5386.799999999999  0.01427  
5391.0  0.01638  
5395.2  0.01948  
5399.5  0.02396  
5403.7  0.03002  
5407.9  0.03791  
5412.1  0.04758  
5416.3  0.05897  
5420.599999999999  0.07219  
5424.8  0.08737  
5429.0  0.10489  
5433.200000000001  0.1251  
5437.4  0.14805  
5441.7  0.1742  
5445.900000000001  0.20433  
5450.1  0.23912  
5454.299999999999  0.27956  
5458.6  0.32643  
5462.799999999999  0.3796  
5467.0  0.4378  
5471.2  0.49896  
5475.5  0.56042  
5479.700000000001  0.6184  
5483.9  0.66922  
5488.099999999999  0.71026  
5492.4  0.73882  
5496.599999999999  0.75304  
5500.8  0.75437  
5505.1  0.748  
5509.299999999999  0.73952  
5513.5  0.73291  
5517.799999999999  0.73031  
5522.0  0.73152  
5526.2  0.7357  
5530.4  0.74155  
5534.700000000001  0.74712  
5538.9  0.75141  
5543.099999999999  0.75432  
5547.4  0.75605  
5551.599999999999  0.75726  
5555.8  0.75875  
5560.1  0.76114  
5564.299999999999  0.76504  
5568.6  0.77135  
5572.799999999999  0.78007  
5577.0  0.79085  
5581.3  0.80342  
5585.5  0.81616  
5589.700000000001  0.82802  
5594.0  0.83924  
5598.200000000001  0.8496  
5602.5  0.85934  
5606.7  0.86799  
5610.900000000001  0.87387  
5615.2  0.87737  
5619.400000000001  0.87986  
5623.7  0.88155  
5627.9  0.88232  
5632.1  0.88211  
5636.4  0.88166  
5640.599999999999  0.88179  
5644.9  0.88195  
5649.099999999999  0.88221  
5653.400000000001  0.88297  
5657.6  0.88393  
5661.799999999999  0.88548  
5666.1  0.88746  
5670.299999999999  0.88938  
5674.6  0.89165  
5678.8  0.89416  
5683.099999999999  0.89648  
5687.3  0.89849  
5691.599999999999  0.90019  
5695.8  0.90169  
5700.1  0.90233  
5704.299999999999  0.90168  
5708.6  0.90072  
5712.799999999999  0.90002  
5717.1  0.89894  
5721.3  0.8973  
5725.599999999999  0.89538  
5729.8  0.89307  
5734.099999999999  0.89089  
5738.3  0.88919  
5742.6  0.88682  
5746.799999999999  0.88393  
5751.1  0.88176  
5755.299999999999  0.88001  
5759.6  0.87815  
5763.9  0.87684  
5768.099999999999  0.87589  
5772.4  0.87489  
5776.599999999999  0.87346  
5780.900000000001  0.87114  
5785.1  0.86926  
5789.400000000001  0.86898  
5793.6  0.8693  
5797.9  0.86896  
5802.200000000001  0.86788  
5806.4  0.8671  
5810.700000000001  0.86763  
5814.9  0.8694  
5819.2  0.87161  
5823.5  0.87392  
5827.7  0.87668  
5832.0  0.88006  
5836.2  0.88387  
5840.5  0.88754  
5844.8  0.89084  
5849.0  0.89426  
5853.3  0.89787  
5857.6  0.90102  
5861.799999999999  0.90298  
5866.1  0.90404  
5870.4  0.90487  
5874.6  0.90542  
5878.9  0.90507  
5883.200000000001  0.90354  
5887.4  0.90131  
5891.7  0.89911  
5896.0  0.8963  
5900.2  0.89181  
5904.5  0.8864  
5908.8  0.88131  
5913.0  0.87587  
5917.3  0.86908  
5921.599999999999  0.86157  
5925.8  0.8546  
5930.1  0.84776  
5934.400000000001  0.84083  
5938.7  0.83468  
5942.9  0.8296  
5947.200000000001  0.82571  
5951.5  0.82323  
5955.700000000001  0.82242  
5960.0  0.82293  
5964.299999999999  0.82461  
5968.6  0.82804  
5972.799999999999  0.83299  
5977.1  0.83862  
5981.4  0.84514  
5985.700000000001  0.85245  
5990.0  0.85936  
5994.2  0.86572  
5998.5  0.87202  
6002.799999999999  0.87792  
6007.1  0.88286  
6011.3  0.88669  
6015.599999999999  0.88967  
6019.9  0.89201  
6024.2  0.89323  
6028.5  0.89403  
6032.7  0.89538  
6037.0  0.8962  
6041.3  0.89601  
6045.599999999999  0.89592  
6049.9  0.89614  
6054.099999999999  0.89622  
6058.400000000001  0.89612  
6062.7  0.89539  
6067.0  0.89388  
6071.3  0.89247  
6075.599999999999  0.89092  
6079.9  0.88812  
6084.099999999999  0.88504  
6088.400000000001  0.88272  
6092.7  0.88051  
6097.0  0.87835  
6101.3  0.87681  
6105.599999999999  0.87624  
6109.9  0.87639  
6114.099999999999  0.87691  
6118.400000000001  0.87798  
6122.7  0.88008  
6127.0  0.88337  
6131.3  0.88668  
6135.599999999999  0.88938  
6139.9  0.89246  
6144.2  0.89608  
6148.5  0.89898  
6152.799999999999  0.90081  
6157.1  0.90201  
6161.3  0.90244  
6165.599999999999  0.90165  
6169.9  0.90019  
6174.2  0.89826  
6178.5  0.89562  
6182.799999999999  0.89295  
6187.1  0.89054  
6191.4  0.88796  
6195.700000000001  0.88589  
6200.0  0.88506  
6204.299999999999  0.88467  
6208.6  0.88442  
6212.9  0.8849  
6217.200000000001  0.88605  
6221.5  0.88788  
6225.8  0.89018  
6230.1  0.89252  
6234.400000000001  0.89527  
6238.7  0.89799  
6243.0  0.90001  
6247.3  0.90132  
6251.599999999999  0.90208  
6255.900000000001  0.90259  
6260.2  0.90301  
6264.5  0.90308  
6268.8  0.90243  
6273.099999999999  0.90112  
6277.4  0.89986  
6281.7  0.89938  
6286.0  0.89891  
6290.299999999999  0.89783  
6294.6  0.89694  
6298.9  0.89674  
6303.200000000001  0.8971  
6307.5  0.89791  
6311.799999999999  0.89868  
6316.1  0.89937  
6320.4  0.90002  
6324.8  0.90076  
6329.099999999999  0.90172  
6333.400000000001  0.90212  
6337.7  0.90207  
6342.0  0.90201  
6346.3  0.90138  
6350.599999999999  0.89989  
6354.9  0.89766  
6359.2  0.89491  
6363.5  0.892  
6367.9  0.88919  
6372.200000000001  0.88629  
6376.5  0.8825  
6380.8  0.8781  
6385.1  0.87417  
6389.400000000001  0.87088  
6393.7  0.86776  
6398.0  0.86476  
6402.4  0.86233  
6406.7  0.86071  
6411.0  0.85952  
6415.299999999999  0.85862  
6419.6  0.85829  
6423.9  0.85903  
6428.3  0.86075  
6432.6  0.8627  
6436.900000000001  0.86494  
6441.2  0.86759  
6445.5  0.8707  
6449.8  0.87416  
6454.2  0.87723  
6458.5  0.8799  
6462.799999999999  0.88304  
6467.1  0.88668  
6471.4  0.88971  
6475.8  0.89156  
6480.1  0.89293  
6484.400000000001  0.89401  
6488.7  0.89413  
6493.099999999999  0.89355  
6497.4  0.89268  
6501.7  0.89112  
6506.0  0.88854  
6510.299999999999  0.88489  
6514.700000000001  0.88068  
6519.0  0.87668  
6523.3  0.87242  
6527.6  0.86732  
6532.0  0.86199  
6536.3  0.85654  
6540.599999999999  0.85089  
6545.0  0.84522  
6549.299999999999  0.84001  
6553.6  0.8356  
6557.9  0.83125  
6562.3  0.82689  
6566.599999999999  0.82372  
6570.900000000001  0.82214  
6575.299999999999  0.82134  
6579.6  0.82151  
6583.9  0.82298  
6588.200000000001  0.82466  
6592.6  0.82707  
6596.900000000001  0.83143  
6601.2  0.83662  
6605.599999999999  0.84192  
6609.9  0.84784  
6614.2  0.85395  
6618.6  0.8598  
6622.9  0.86507  
6627.200000000001  0.86991  
6631.599999999999  0.87494  
6635.900000000001  0.87954  
6640.2  0.88276  
6644.6  0.8846  
6648.9  0.88578  
6653.3  0.88613  
6657.6  0.88522  
6661.900000000001  0.88339  
6666.3  0.88101  
6670.599999999999  0.87842  
6674.9  0.87593  
6679.299999999999  0.87348  
6683.6  0.87068  
6688.0  0.86749  
6692.3  0.86507  
6696.599999999999  0.86409  
6701.0  0.86363  
6705.299999999999  0.86363  
6709.700000000001  0.86414  
6714.0  0.86487  
6718.3  0.86645  
6722.7  0.86912  
6727.0  0.87208  
6731.4  0.8748  
6735.700000000001  0.8776  
6740.1  0.88067  
6744.400000000001  0.884  
6748.7  0.8874  
6753.099999999999  0.88983  
6757.4  0.89127  
6761.799999999999  0.89245  
6766.1  0.89314  
6770.5  0.89301  
6774.8  0.89227  
6779.2  0.89089  
6783.5  0.88863  
6787.9  0.88591  
6792.200000000001  0.88295  
6796.599999999999  0.8795  
6800.900000000001  0.87547  
6805.299999999999  0.87123  
6809.6  0.86746  
6814.0  0.86487  
6818.3  0.86269  
6822.7  0.86029  
6827.0  0.85854  
6831.4  0.8582  
6835.700000000001  0.85888  
6840.1  0.85984  
6844.400000000001  0.86131  
6848.8  0.86348  
6853.099999999999  0.86582  
6857.5  0.86801  
6861.799999999999  0.87052  
6866.2  0.87337  
6870.5  0.87593  
6874.9  0.8775  
6879.299999999999  0.878  
6883.6  0.87777  
6888.0  0.87664  
6892.3  0.874  
6896.7  0.86996  
6901.0  0.86529  
6905.4  0.85952  
6909.8  0.85178  
6914.099999999999  0.84185  
6918.5  0.82972  
6922.799999999999  0.81582  
6927.200000000001  0.80006  
6931.599999999999  0.78131  
6935.900000000001  0.75933  
6940.299999999999  0.73471  
6944.6  0.70692  
6949.0  0.67572  
6953.400000000001  0.64185  
6957.7  0.6051  
6962.1  0.56514  
6966.4  0.523  
6970.8  0.47991  
6975.2  0.4363  
6979.5  0.3925  
6983.9  0.34973  
6988.3  0.30878  
6992.6  0.2698  
6997.0  0.23315  
7001.4  0.19951  
7005.700000000001  0.16922  
7010.1  0.14238  
7014.5  0.11897  
7018.8  0.09854  
7023.200000000001  0.08082  
7027.6  0.06604  
7031.900000000001  0.05423  
7036.3  0.04483  
7040.700000000001  0.03708  
7045.0  0.03051  
7049.400000000001  0.02525  
7053.8  0.02119  
7058.099999999999  0.01811  
7062.5  0.01572  
7066.900000000001  0.01362  
7071.3  0.01178  
7075.599999999999  0.01032  
7080.0  0.00919  
7084.400000000001  0.0082  
7088.7  0.00742  
7093.099999999999  0.0068  
7097.5  0.00617  
7101.900000000001  0.00563  
7106.2  0.00527  
7110.599999999999  0.00496  
7115.0  0.00457  
7119.400000000001  0.00426  
7123.7  0.00404  
7128.099999999999  0.00383  
7132.5  0.00369  
7136.900000000001  0.00361  
7141.2  0.00344  
7145.599999999999  0.00328  
7150.0  0.00315  
7154.400000000001  0.00298  
7158.8  0.00291  
7163.099999999999  0.00297  
7167.5  0.00296  
7171.900000000001  0.00285  
7176.3  0.00276  
7180.700000000001  0.00278  
7185.0  0.00279  
7189.400000000001  0.00269  
7193.8  0.00265  
7198.200000000001  0.0026  
7202.6  0.0025  
7206.900000000001  0.0025  
7211.3  0.00253  
7215.700000000001  0.00248  
7220.1  0.00248  
7224.5  0.00264  
7228.9  0.00267  
7233.200000000001  0.00252  
7237.6  0.00243  
7242.0  0.00246  
7246.4  0.00241  
7250.8  0.00226  
7255.2  0.00226  
7259.5  0.00248  
7263.9  0.00258  
7268.3  0.0024  
7272.7  0.00226  
7277.1  0.00235  
7281.5  0.0024  
7285.900000000001  0.0023  
7290.299999999999  0.00224  
7294.700000000001  0.00224  
7299.0  0.0022  
7303.400000000001  0.00222  
7307.799999999999  0.00224  
7312.200000000001  0.00214  
7316.599999999999  0.00209  
7321.0  0.00214  
7325.4  0.00219  
7329.8  0.00218  
7334.2  0.0021  
7338.6  0.00206  
7342.9  0.00212  
7347.3  0.00218  
7351.7  0.00217  
7356.1  0.00216  
7360.5  0.00212  
7364.9  0.002  
7369.299999999999  0.0019  
7373.7  0.00199  
7378.099999999999  0.00211  
7382.5  0.00203  
7386.900000000001  0.00197  
7391.3  0.00201  
7395.700000000001  0.00211  

