@MEASUREMENT_RADIUS 21.0 cm
#lambda:
#tr:
#end
5000.6  0.00599  
5004.8  0.00611  
5009.0  0.00607  
5013.1  0.00601  
5017.3  0.00603  
5021.5  0.00598  
5025.7  0.00595  
5029.8  0.00605  
5034.0  0.00604  
5038.2  0.00591  
5042.4  0.00585  
5046.6  0.00596  
5050.8  0.00596  
5054.9  0.00571  
5059.1  0.0057  
5063.3  0.00599  
5067.5  0.00615  
5071.7  0.00599  
5075.9  0.00583  
5080.1  0.00587  
5084.2  0.006  
5088.4  0.00597  
5092.6  0.00592  
5096.8  0.00597  
5101.0  0.00585  
5105.2  0.00571  
5109.4  0.00569  
5113.6  0.00575  
5117.7  0.00587  
5121.900000000001  0.00577  
5126.1  0.00553  
5130.299999999999  0.00563  
5134.5  0.00596  
5138.7  0.00602  
5142.9  0.00584  
5147.1  0.00573  
5151.3  0.00573  
5155.5  0.00585  
5159.700000000001  0.00594  
5163.9  0.00576  
5168.099999999999  0.00559  
5172.3  0.0056  
5176.4  0.00556  
5180.599999999999  0.00543  
5184.8  0.00543  
5189.0  0.00555  
5193.200000000001  0.00562  
5197.4  0.00564  
5201.599999999999  0.00556  
5205.8  0.00563  
5210.0  0.0059  
5214.2  0.00595  
5218.400000000001  0.00565  
5222.6  0.00548  
5226.799999999999  0.0057  
5231.0  0.00591  
5235.2  0.00577  
5239.400000000001  0.0057  
5243.6  0.006  
5247.799999999999  0.00609  
5252.0  0.00586  
5256.3  0.00587  
5260.5  0.00598  
5264.700000000001  0.00588  
5268.9  0.00585  
5273.099999999999  0.0059  
5277.3  0.00583  
5281.5  0.00596  
5285.700000000001  0.00629  
5289.9  0.00649  
5294.099999999999  0.00638  
5298.3  0.00614  
5302.5  0.00625  
5306.7  0.00684  
5310.900000000001  0.00721  
5315.2  0.00699  
5319.400000000001  0.00687  
5323.6  0.00722  
5327.799999999999  0.00752  
5332.0  0.00765  
5336.2  0.0079  
5340.4  0.00829  
5344.6  0.00873  
5348.9  0.00907  
5353.099999999999  0.00927  
5357.3  0.00946  
5361.5  0.00979  
5365.700000000001  0.01019  
5369.9  0.01056  
5374.099999999999  0.01097  
5378.400000000001  0.01163  
5382.6  0.0125  
5386.799999999999  0.01362  
5391.0  0.01532  
5395.2  0.0179  
5399.5  0.02155  
5403.7  0.02677  
5407.9  0.03401  
5412.1  0.04295  
5416.3  0.05345  
5420.599999999999  0.06577  
5424.8  0.08009  
5429.0  0.09672  
5433.200000000001  0.11585  
5437.4  0.13754  
5441.7  0.16215  
5445.900000000001  0.19048  
5450.1  0.22324  
5454.299999999999  0.26078  
5458.6  0.30409  
5462.799999999999  0.354  
5467.0  0.40926  
5471.2  0.46788  
5475.5  0.52826  
5479.700000000001  0.5875  
5483.9  0.642  
5488.099999999999  0.68852  
5492.4  0.72417  
5496.599999999999  0.74716  
5500.8  0.75696  
5505.1  0.75605  
5509.299999999999  0.74912  
5513.5  0.74083  
5517.799999999999  0.73517  
5522.0  0.73353  
5526.2  0.73534  
5530.4  0.73935  
5534.700000000001  0.74426  
5538.9  0.74918  
5543.099999999999  0.75327  
5547.4  0.75588  
5551.599999999999  0.7574  
5555.8  0.75834  
5560.1  0.75924  
5564.299999999999  0.76183  
5568.6  0.76741  
5572.799999999999  0.77557  
5577.0  0.78505  
5581.3  0.79589  
5585.5  0.8083  
5589.700000000001  0.82136  
5594.0  0.83413  
5598.200000000001  0.84602  
5602.5  0.85635  
5606.7  0.865  
5610.900000000001  0.87218  
5615.2  0.87729  
5619.400000000001  0.88066  
5623.7  0.88334  
5627.9  0.88483  
5632.1  0.88461  
5636.4  0.88378  
5640.599999999999  0.88345  
5644.9  0.88352  
5649.099999999999  0.88357  
5653.400000000001  0.88374  
5657.6  0.88435  
5661.799999999999  0.88573  
5666.1  0.88747  
5670.299999999999  0.88947  
5674.6  0.89221  
5678.8  0.8951  
5683.099999999999  0.89736  
5687.3  0.89904  
5691.599999999999  0.9004  
5695.8  0.9016  
5700.1  0.90299  
5704.299999999999  0.90444  
5708.6  0.90465  
5712.799999999999  0.90334  
5717.1  0.90182  
5721.3  0.90027  
5725.599999999999  0.89833  
5729.8  0.89667  
5734.099999999999  0.89516  
5738.3  0.89283  
5742.6  0.89011  
5746.799999999999  0.88775  
5751.1  0.88559  
5755.299999999999  0.88366  
5759.6  0.88204  
5763.9  0.88053  
5768.099999999999  0.8789  
5772.4  0.87736  
5776.599999999999  0.87591  
5780.900000000001  0.8742  
5785.1  0.87295  
5789.400000000001  0.87275  
5793.6  0.87261  
5797.9  0.8719  
5802.200000000001  0.87103  
5806.4  0.87082  
5810.700000000001  0.87134  
5814.9  0.87223  
5819.2  0.87385  
5823.5  0.87628  
5827.7  0.87895  
5832.0  0.88173  
5836.2  0.88492  
5840.5  0.8883  
5844.8  0.8919  
5849.0  0.89574  
5853.3  0.89922  
5857.6  0.90199  
5861.799999999999  0.90413  
5866.1  0.906  
5870.4  0.90742  
5874.6  0.90793  
5878.9  0.90734  
5883.200000000001  0.90622  
5887.4  0.90485  
5891.7  0.9029  
5896.0  0.90033  
5900.2  0.89697  
5904.5  0.8925  
5908.8  0.88736  
5913.0  0.88228  
5917.3  0.87635  
5921.599999999999  0.86895  
5925.8  0.86157  
5930.1  0.85502  
5934.400000000001  0.84891  
5938.7  0.8428  
5942.9  0.83689  
5947.200000000001  0.83202  
5951.5  0.82861  
5955.700000000001  0.82683  
5960.0  0.82663  
5964.299999999999  0.82756  
5968.6  0.82998  
5972.799999999999  0.83414  
5977.1  0.83939  
5981.4  0.84508  
5985.700000000001  0.8509  
5990.0  0.85741  
5994.2  0.86456  
5998.5  0.87114  
6002.799999999999  0.87682  
6007.1  0.88193  
6011.3  0.88656  
6015.599999999999  0.89024  
6019.9  0.89269  
6024.2  0.89439  
6028.5  0.89546  
6032.7  0.89634  
6037.0  0.89759  
6041.3  0.89842  
6045.599999999999  0.89827  
6049.9  0.898  
6054.099999999999  0.89802  
6058.400000000001  0.89796  
6062.7  0.89725  
6067.0  0.89581  
6071.3  0.89441  
6075.599999999999  0.89313  
6079.9  0.89129  
6084.099999999999  0.88905  
6088.400000000001  0.88667  
6092.7  0.8843  
6097.0  0.88217  
6101.3  0.8805  
6105.599999999999  0.87982  
6109.9  0.87995  
6114.099999999999  0.88003  
6118.400000000001  0.88045  
6122.7  0.88223  
6127.0  0.88477  
6131.3  0.8874  
6135.599999999999  0.89049  
6139.9  0.8939  
6144.2  0.89711  
6148.5  0.89994  
6152.799999999999  0.90214  
6157.1  0.90336  
6161.3  0.90359  
6165.599999999999  0.90295  
6169.9  0.90201  
6174.2  0.90098  
6178.5  0.89889  
6182.799999999999  0.89582  
6187.1  0.89308  
6191.4  0.89103  
6195.700000000001  0.88933  
6200.0  0.88791  
6204.299999999999  0.88707  
6208.6  0.88716  
6212.9  0.88806  
6217.200000000001  0.8894  
6221.5  0.89058  
6225.8  0.89191  
6230.1  0.89424  
6234.400000000001  0.89703  
6238.7  0.89938  
6243.0  0.90126  
6247.3  0.90246  
6251.599999999999  0.9032  
6255.900000000001  0.9039  
6260.2  0.90439  
6264.5  0.90461  
6268.8  0.9045  
6273.099999999999  0.90381  
6277.4  0.90295  
6281.7  0.90201  
6286.0  0.90076  
6290.299999999999  0.89996  
6294.6  0.90014  
6298.9  0.90039  
6303.200000000001  0.90015  
6307.5  0.90046  
6311.799999999999  0.90162  
6316.1  0.9026  
6320.4  0.90298  
6324.8  0.90336  
6329.099999999999  0.90405  
6333.400000000001  0.90459  
6337.7  0.90466  
6342.0  0.90392  
6346.3  0.90271  
6350.599999999999  0.90176  
6354.9  0.90058  
6359.2  0.89849  
6363.5  0.89581  
6367.9  0.89283  
6372.200000000001  0.88934  
6376.5  0.88546  
6380.8  0.88164  
6385.1  0.87794  
6389.400000000001  0.87413  
6393.7  0.87041  
6398.0  0.86767  
6402.4  0.86564  
6406.7  0.8634  
6411.0  0.86151  
6415.299999999999  0.86059  
6419.6  0.86028  
6423.9  0.86068  
6428.3  0.86175  
6432.6  0.86352  
6436.900000000001  0.8662  
6441.2  0.8689  
6445.5  0.87141  
6449.8  0.87459  
6454.2  0.87847  
6458.5  0.88233  
6462.799999999999  0.88572  
6467.1  0.88843  
6471.4  0.89062  
6475.8  0.89291  
6480.1  0.89524  
6484.400000000001  0.89665  
6488.7  0.89709  
6493.099999999999  0.89665  
6497.4  0.89525  
6501.7  0.89365  
6506.0  0.89159  
6510.299999999999  0.88834  
6514.700000000001  0.88429  
6519.0  0.88019  
6523.3  0.8759  
6527.6  0.87081  
6532.0  0.86538  
6536.3  0.86008  
6540.599999999999  0.85475  
6545.0  0.84944  
6549.299999999999  0.84458  
6553.6  0.84014  
6557.9  0.83588  
6562.3  0.83198  
6566.599999999999  0.8288  
6570.900000000001  0.82654  
6575.299999999999  0.82541  
6579.6  0.82567  
6583.9  0.82674  
6588.200000000001  0.82799  
6592.6  0.83016  
6596.900000000001  0.83373  
6601.2  0.83796  
6605.599999999999  0.84279  
6609.9  0.84863  
6614.2  0.85454  
6618.6  0.85988  
6622.9  0.86517  
6627.200000000001  0.87036  
6631.599999999999  0.87563  
6635.900000000001  0.88032  
6640.2  0.88327  
6644.6  0.8855  
6648.9  0.88776  
6653.3  0.88881  
6657.6  0.88823  
6661.900000000001  0.88673  
6666.3  0.88489  
6670.599999999999  0.88265  
6674.9  0.88014  
6679.299999999999  0.87751  
6683.6  0.87457  
6688.0  0.87172  
6692.3  0.86947  
6696.599999999999  0.86753  
6701.0  0.8659  
6705.299999999999  0.86501  
6709.700000000001  0.86493  
6714.0  0.8659  
6718.3  0.86765  
6722.7  0.86951  
6727.0  0.87169  
6731.4  0.87463  
6735.700000000001  0.87757  
6740.1  0.88054  
6744.400000000001  0.88415  
6748.7  0.88755  
6753.099999999999  0.88992  
6757.4  0.89195  
6761.799999999999  0.89407  
6766.1  0.89553  
6770.5  0.89578  
6774.8  0.89501  
6779.2  0.89373  
6783.5  0.89233  
6787.9  0.89054  
6792.200000000001  0.88753  
6796.599999999999  0.88373  
6800.900000000001  0.88033  
6805.299999999999  0.87724  
6809.6  0.87371  
6814.0  0.87013  
6818.3  0.8669  
6822.7  0.86439  
6827.0  0.86321  
6831.4  0.86271  
6835.700000000001  0.86212  
6840.1  0.86223  
6844.400000000001  0.86382  
6848.8  0.86608  
6853.099999999999  0.86818  
6857.5  0.87037  
6861.799999999999  0.87289  
6866.2  0.87543  
6870.5  0.87771  
6874.9  0.87931  
6879.299999999999  0.88007  
6883.6  0.8802  
6888.0  0.87937  
6892.3  0.87735  
6896.7  0.87455  
6901.0  0.8706  
6905.4  0.86475  
6909.8  0.85716  
6914.099999999999  0.84771  
6918.5  0.83614  
6922.799999999999  0.82267  
6927.200000000001  0.8073  
6931.599999999999  0.7891  
6935.900000000001  0.7676  
6940.299999999999  0.74343  
6944.6  0.71644  
6949.0  0.68601  
6953.400000000001  0.65236  
6957.7  0.61595  
6962.1  0.57673  
6966.4  0.53478  
6970.8  0.49135  
6975.2  0.44774  
6979.5  0.40414  
6983.9  0.36109  
6988.3  0.31954  
6992.6  0.28003  
6997.0  0.24292  
7001.4  0.20878  
7005.700000000001  0.17782  
7010.1  0.1499  
7014.5  0.12528  
7018.8  0.10413  
7023.200000000001  0.08605  
7027.6  0.07064  
7031.900000000001  0.05789  
7036.3  0.04758  
7040.700000000001  0.03922  
7045.0  0.03246  
7049.400000000001  0.02694  
7053.8  0.02251  
7058.099999999999  0.01918  
7062.5  0.01651  
7066.900000000001  0.01426  
7071.3  0.01241  
7075.599999999999  0.01086  
7080.0  0.00951  
7084.400000000001  0.00843  
7088.7  0.00771  
7093.099999999999  0.00715  
7097.5  0.00663  
7101.900000000001  0.00606  
7106.2  0.00533  
7110.599999999999  0.00472  
7115.0  0.00448  
7119.400000000001  0.00444  
7123.7  0.00434  
7128.099999999999  0.00413  
7132.5  0.00385  
7136.900000000001  0.00363  
7141.2  0.00342  
7145.599999999999  0.00325  
7150.0  0.00317  
7154.400000000001  0.00317  
7158.8  0.00311  
7163.099999999999  0.00296  
7167.5  0.00285  
7171.900000000001  0.00283  
7176.3  0.00277  
7180.700000000001  0.00265  
7185.0  0.00255  
7189.400000000001  0.00255  
7193.8  0.00269  
7198.200000000001  0.00274  
7202.6  0.00263  
7206.900000000001  0.0026  
7211.3  0.00264  
7215.700000000001  0.00265  
7220.1  0.00257  
7224.5  0.00244  
7228.9  0.00241  
7233.200000000001  0.00249  
7237.6  0.00252  
7242.0  0.00246  
7246.4  0.00239  
7250.8  0.00239  
7255.2  0.00239  
7259.5  0.00239  
7263.9  0.00238  
7268.3  0.0023  
7272.7  0.00221  
7277.1  0.0022  
7281.5  0.00228  
7285.900000000001  0.00239  
7290.299999999999  0.0024  
7294.700000000001  0.0023  
7299.0  0.00216  
7303.400000000001  0.00206  
7307.799999999999  0.00211  
7312.200000000001  0.00227  
7316.599999999999  0.00233  
7321.0  0.00229  
7325.4  0.00228  
7329.8  0.00222  
7334.2  0.00219  
7338.6  0.00232  
7342.9  0.00239  
7347.3  0.00225  
7351.7  0.00207  
7356.1  0.00206  
7360.5  0.00211  
7364.9  0.00216  
7369.299999999999  0.00223  
7373.7  0.00229  
7378.099999999999  0.00225  
7382.5  0.00222  
7386.900000000001  0.00218  
7391.3  0.00207  
7395.700000000001  0.00202  

