@MEASUREMENT_RADIUS 22.0 cm
#lambda:
#tr:
#end
5000.6  0.00614  
5004.8  0.00618  
5009.0  0.0061  
5013.1  0.00606  
5017.3  0.00597  
5021.5  0.00601  
5025.7  0.00621  
5029.8  0.00621  
5034.0  0.00598  
5038.2  0.00584  
5042.4  0.00598  
5046.6  0.0062  
5050.8  0.00628  
5054.9  0.00613  
5059.1  0.006  
5063.3  0.0059  
5067.5  0.00568  
5071.7  0.00567  
5075.9  0.00588  
5080.1  0.00603  
5084.2  0.00591  
5088.4  0.00567  
5092.6  0.00574  
5096.8  0.00606  
5101.0  0.00612  
5105.2  0.00595  
5109.4  0.00589  
5113.6  0.00581  
5117.7  0.00562  
5121.900000000001  0.00552  
5126.1  0.00567  
5130.299999999999  0.00596  
5134.5  0.0059  
5138.7  0.00561  
5142.9  0.00561  
5147.1  0.0056  
5151.3  0.0055  
5155.5  0.00563  
5159.700000000001  0.00582  
5163.9  0.00585  
5168.099999999999  0.00582  
5172.3  0.00584  
5176.4  0.00574  
5180.599999999999  0.00555  
5184.8  0.00563  
5189.0  0.00588  
5193.200000000001  0.00585  
5197.4  0.00577  
5201.599999999999  0.00587  
5205.8  0.00601  
5210.0  0.00603  
5214.2  0.00585  
5218.400000000001  0.00564  
5222.6  0.00565  
5226.799999999999  0.0057  
5231.0  0.00574  
5235.2  0.00594  
5239.400000000001  0.006  
5243.6  0.00576  
5247.799999999999  0.00566  
5252.0  0.00585  
5256.3  0.00593  
5260.5  0.00582  
5264.700000000001  0.0057  
5268.9  0.00583  
5273.099999999999  0.00605  
5277.3  0.00608  
5281.5  0.00606  
5285.700000000001  0.00613  
5289.9  0.00625  
5294.099999999999  0.0063  
5298.3  0.00627  
5302.5  0.00634  
5306.7  0.00661  
5310.900000000001  0.00689  
5315.2  0.00689  
5319.400000000001  0.00678  
5323.6  0.00697  
5327.799999999999  0.00739  
5332.0  0.00786  
5336.2  0.00819  
5340.4  0.00831  
5344.6  0.00851  
5348.9  0.00902  
5353.099999999999  0.00945  
5357.3  0.0096  
5361.5  0.00994  
5365.700000000001  0.01052  
5369.9  0.01092  
5374.099999999999  0.01115  
5378.400000000001  0.01163  
5382.6  0.01246  
5386.799999999999  0.01358  
5391.0  0.01501  
5395.2  0.01729  
5399.5  0.02106  
5403.7  0.02636  
5407.9  0.03323  
5412.1  0.04189  
5416.3  0.05245  
5420.599999999999  0.06492  
5424.8  0.07936  
5429.0  0.09591  
5433.200000000001  0.11484  
5437.4  0.13645  
5441.7  0.16089  
5445.900000000001  0.18843  
5450.1  0.22004  
5454.299999999999  0.25713  
5458.6  0.30025  
5462.799999999999  0.34892  
5467.0  0.40282  
5471.2  0.46092  
5475.5  0.52066  
5479.700000000001  0.57943  
5483.9  0.63459  
5488.099999999999  0.68235  
5492.4  0.7193  
5496.599999999999  0.7441  
5500.8  0.75675  
5505.1  0.75898  
5509.299999999999  0.75403  
5513.5  0.74624  
5517.799999999999  0.73968  
5522.0  0.73638  
5526.2  0.73692  
5530.4  0.74019  
5534.700000000001  0.74443  
5538.9  0.74908  
5543.099999999999  0.75322  
5547.4  0.75558  
5551.599999999999  0.75667  
5555.8  0.75783  
5560.1  0.75958  
5564.299999999999  0.76218  
5568.6  0.76671  
5572.799999999999  0.77386  
5577.0  0.7831  
5581.3  0.79403  
5585.5  0.80666  
5589.700000000001  0.81989  
5594.0  0.83237  
5598.200000000001  0.84425  
5602.5  0.85541  
5606.7  0.8655  
5610.900000000001  0.87399  
5615.2  0.87966  
5619.400000000001  0.88274  
5623.7  0.88494  
5627.9  0.88659  
5632.1  0.8867  
5636.4  0.88568  
5640.599999999999  0.88483  
5644.9  0.8847  
5649.099999999999  0.88524  
5653.400000000001  0.88572  
5657.6  0.88592  
5661.799999999999  0.88702  
5666.1  0.88934  
5670.299999999999  0.89198  
5674.6  0.89427  
5678.8  0.89599  
5683.099999999999  0.89783  
5687.3  0.90055  
5691.599999999999  0.90337  
5695.8  0.90475  
5700.1  0.90508  
5704.299999999999  0.90585  
5708.6  0.90626  
5712.799999999999  0.90534  
5717.1  0.90423  
5721.3  0.90337  
5725.599999999999  0.90167  
5729.8  0.89923  
5734.099999999999  0.89738  
5738.3  0.89568  
5742.6  0.89288  
5746.799999999999  0.88971  
5751.1  0.88774  
5755.299999999999  0.8864  
5759.6  0.88448  
5763.9  0.88272  
5768.099999999999  0.88123  
5772.4  0.87958  
5776.599999999999  0.87839  
5780.900000000001  0.87748  
5785.1  0.87659  
5789.400000000001  0.87606  
5793.6  0.8756  
5797.9  0.87493  
5802.200000000001  0.87458  
5806.4  0.87469  
5810.700000000001  0.87478  
5814.9  0.87557  
5819.2  0.87754  
5823.5  0.88016  
5827.7  0.88275  
5832.0  0.88517  
5836.2  0.88798  
5840.5  0.89102  
5844.8  0.89407  
5849.0  0.89755  
5853.3  0.90126  
5857.6  0.90418  
5861.799999999999  0.90606  
5866.1  0.90759  
5870.4  0.90916  
5874.6  0.91014  
5878.9  0.91018  
5883.200000000001  0.90967  
5887.4  0.90816  
5891.7  0.90565  
5896.0  0.90322  
5900.2  0.90069  
5904.5  0.89664  
5908.8  0.89143  
5913.0  0.88604  
5917.3  0.88006  
5921.599999999999  0.87339  
5925.8  0.8669  
5930.1  0.86011  
5934.400000000001  0.85306  
5938.7  0.84714  
5942.9  0.84204  
5947.200000000001  0.8371  
5951.5  0.83315  
5955.700000000001  0.8309  
5960.0  0.83038  
5964.299999999999  0.83154  
5968.6  0.83391  
5972.799999999999  0.8372  
5977.1  0.84193  
5981.4  0.84758  
5985.700000000001  0.85305  
5990.0  0.8592  
5994.2  0.86643  
5998.5  0.87293  
6002.799999999999  0.87829  
6007.1  0.88348  
6011.3  0.88822  
6015.599999999999  0.89169  
6019.9  0.89427  
6024.2  0.8962  
6028.5  0.89741  
6032.7  0.89835  
6037.0  0.89905  
6041.3  0.89962  
6045.599999999999  0.90015  
6049.9  0.90015  
6054.099999999999  0.8998  
6058.400000000001  0.89948  
6062.7  0.89871  
6067.0  0.89777  
6071.3  0.89695  
6075.599999999999  0.89533  
6079.9  0.89316  
6084.099999999999  0.89127  
6088.400000000001  0.88917  
6092.7  0.88695  
6097.0  0.88498  
6101.3  0.88343  
6105.599999999999  0.88275  
6109.9  0.88316  
6114.099999999999  0.8839  
6118.400000000001  0.88429  
6122.7  0.8853  
6127.0  0.88794  
6131.3  0.89124  
6135.599999999999  0.89398  
6139.9  0.89645  
6144.2  0.8991  
6148.5  0.90146  
6152.799999999999  0.90334  
6157.1  0.90485  
6161.3  0.90564  
6165.599999999999  0.90555  
6169.9  0.90454  
6174.2  0.90263  
6178.5  0.90022  
6182.799999999999  0.89784  
6187.1  0.89571  
6191.4  0.89353  
6195.700000000001  0.89168  
6200.0  0.8906  
6204.299999999999  0.89005  
6208.6  0.89002  
6212.9  0.89062  
6217.200000000001  0.89141  
6221.5  0.89259  
6225.8  0.89475  
6230.1  0.89727  
6234.400000000001  0.8995  
6238.7  0.90179  
6243.0  0.90386  
6247.3  0.90486  
6251.599999999999  0.90547  
6255.900000000001  0.90626  
6260.2  0.90688  
6264.5  0.90735  
6268.8  0.90705  
6273.099999999999  0.90582  
6277.4  0.90496  
6281.7  0.90485  
6286.0  0.90449  
6290.299999999999  0.90361  
6294.6  0.90313  
6298.9  0.90317  
6303.200000000001  0.90331  
6307.5  0.90393  
6311.799999999999  0.90488  
6316.1  0.90552  
6320.4  0.90589  
6324.8  0.90636  
6329.099999999999  0.9069  
6333.400000000001  0.90734  
6337.7  0.90769  
6342.0  0.9072  
6346.3  0.90582  
6350.599999999999  0.90433  
6354.9  0.9026  
6359.2  0.90031  
6363.5  0.89752  
6367.9  0.89425  
6372.200000000001  0.89072  
6376.5  0.88739  
6380.8  0.88378  
6385.1  0.87957  
6389.400000000001  0.87563  
6393.7  0.87249  
6398.0  0.86975  
6402.4  0.86707  
6406.7  0.86505  
6411.0  0.86359  
6415.299999999999  0.86278  
6419.6  0.86285  
6423.9  0.863  
6428.3  0.86357  
6432.6  0.86558  
6436.900000000001  0.86892  
6441.2  0.87213  
6445.5  0.87466  
6449.8  0.87756  
6454.2  0.8813  
6458.5  0.88534  
6462.799999999999  0.88901  
6467.1  0.89191  
6471.4  0.89423  
6475.8  0.89638  
6480.1  0.89834  
6484.400000000001  0.89951  
6488.7  0.89968  
6493.099999999999  0.89925  
6497.4  0.89805  
6501.7  0.89596  
6506.0  0.8932  
6510.299999999999  0.88969  
6514.700000000001  0.8856  
6519.0  0.88146  
6523.3  0.87714  
6527.6  0.87218  
6532.0  0.86692  
6536.3  0.86188  
6540.599999999999  0.85693  
6545.0  0.85201  
6549.299999999999  0.84727  
6553.6  0.84262  
6557.9  0.83838  
6562.3  0.83491  
6566.599999999999  0.83211  
6570.900000000001  0.83013  
6575.299999999999  0.82933  
6579.6  0.82962  
6583.9  0.83021  
6588.200000000001  0.83134  
6592.6  0.834  
6596.900000000001  0.83763  
6601.2  0.84135  
6605.599999999999  0.84581  
6609.9  0.85161  
6614.2  0.85764  
6618.6  0.86296  
6622.9  0.86807  
6627.200000000001  0.87333  
6631.599999999999  0.8783  
6635.900000000001  0.88242  
6640.2  0.8858  
6644.6  0.88857  
6648.9  0.89012  
6653.3  0.89035  
6657.6  0.88984  
6661.900000000001  0.88906  
6666.3  0.88794  
6670.599999999999  0.88593  
6674.9  0.88325  
6679.299999999999  0.88046  
6683.6  0.87718  
6688.0  0.87374  
6692.3  0.8714  
6696.599999999999  0.8701  
6701.0  0.8691  
6705.299999999999  0.86824  
6709.700000000001  0.86777  
6714.0  0.86821  
6718.3  0.86951  
6722.7  0.87124  
6727.0  0.87351  
6731.4  0.87672  
6735.700000000001  0.88001  
6740.1  0.88275  
6744.400000000001  0.88596  
6748.7  0.88946  
6753.099999999999  0.89203  
6757.4  0.89422  
6761.799999999999  0.89644  
6766.1  0.89785  
6770.5  0.89817  
6774.8  0.89795  
6779.2  0.89723  
6783.5  0.89579  
6787.9  0.89382  
6792.200000000001  0.89153  
6796.599999999999  0.88801  
6800.900000000001  0.88357  
6805.299999999999  0.87997  
6809.6  0.87716  
6814.0  0.87447  
6818.3  0.87179  
6822.7  0.86907  
6827.0  0.86708  
6831.4  0.86656  
6835.700000000001  0.86685  
6840.1  0.86716  
6844.400000000001  0.86791  
6848.8  0.86943  
6853.099999999999  0.87132  
6857.5  0.87371  
6861.799999999999  0.87629  
6866.2  0.87847  
6870.5  0.88073  
6874.9  0.88255  
6879.299999999999  0.88327  
6883.6  0.88346  
6888.0  0.88269  
6892.3  0.88038  
6896.7  0.8769  
6901.0  0.87247  
6905.4  0.86687  
6909.8  0.85948  
6914.099999999999  0.84982  
6918.5  0.83809  
6922.799999999999  0.82423  
6927.200000000001  0.80799  
6931.599999999999  0.78919  
6935.900000000001  0.76733  
6940.299999999999  0.74218  
6944.6  0.71393  
6949.0  0.68275  
6953.400000000001  0.64876  
6957.7  0.61156  
6962.1  0.57125  
6966.4  0.52906  
6970.8  0.48601  
6975.2  0.44244  
6979.5  0.39852  
6983.9  0.35541  
6988.3  0.31412  
6992.6  0.27503  
6997.0  0.23832  
7001.4  0.20442  
7005.700000000001  0.17408  
7010.1  0.14721  
7014.5  0.12313  
7018.8  0.10188  
7023.200000000001  0.08406  
7027.6  0.06936  
7031.900000000001  0.05704  
7036.3  0.04683  
7040.700000000001  0.03849  
7045.0  0.03169  
7049.400000000001  0.02646  
7053.8  0.02238  
7058.099999999999  0.01893  
7062.5  0.0163  
7066.900000000001  0.01425  
7071.3  0.01225  
7075.599999999999  0.01051  
7080.0  0.0093  
7084.400000000001  0.00848  
7088.7  0.00778  
7093.099999999999  0.00701  
7097.5  0.00641  
7101.900000000001  0.00598  
7106.2  0.00534  
7110.599999999999  0.00473  
7115.0  0.00457  
7119.400000000001  0.00461  
7123.7  0.00433  
7128.099999999999  0.00385  
7132.5  0.00363  
7136.900000000001  0.00374  
7141.2  0.00372  
7145.599999999999  0.00342  
7150.0  0.00319  
7154.400000000001  0.00314  
7158.8  0.00304  
7163.099999999999  0.0029  
7167.5  0.00277  
7171.900000000001  0.00277  
7176.3  0.00288  
7180.700000000001  0.00281  
7185.0  0.00267  
7189.400000000001  0.00262  
7193.8  0.00263  
7198.200000000001  0.00265  
7202.6  0.00263  
7206.900000000001  0.00264  
7211.3  0.00264  
7215.700000000001  0.00255  
7220.1  0.00247  
7224.5  0.00251  
7228.9  0.00258  
7233.200000000001  0.00251  
7237.6  0.00244  
7242.0  0.00251  
7246.4  0.00256  
7250.8  0.00242  
7255.2  0.00234  
7259.5  0.00245  
7263.9  0.00246  
7268.3  0.00236  
7272.7  0.00237  
7277.1  0.00236  
7281.5  0.00232  
7285.900000000001  0.00236  
7290.299999999999  0.00237  
7294.700000000001  0.00227  
7299.0  0.00222  
7303.400000000001  0.00226  
7307.799999999999  0.00224  
7312.200000000001  0.00209  
7316.599999999999  0.00201  
7321.0  0.00213  
7325.4  0.00231  
7329.8  0.00234  
7334.2  0.00218  
7338.6  0.00202  
7342.9  0.00206  
7347.3  0.00217  
7351.7  0.00212  
7356.1  0.002  
7360.5  0.00201  
7364.9  0.00214  
7369.299999999999  0.00217  
7373.7  0.00209  
7378.099999999999  0.00208  
7382.5  0.0021  
7386.900000000001  0.00202  
7391.3  0.00192  
7395.700000000001  0.00192  

