@MEASUREMENT_RADIUS 23.0 cm
#lambda:
#tr:
#end
5000.6  0.006  
5004.8  0.00587  
5009.0  0.00582  
5013.1  0.00601  
5017.3  0.00624  
5021.5  0.0062  
5025.7  0.00588  
5029.8  0.00563  
5034.0  0.00589  
5038.2  0.00618  
5042.4  0.00603  
5046.6  0.00594  
5050.8  0.00607  
5054.9  0.00595  
5059.1  0.00574  
5063.3  0.00559  
5067.5  0.00561  
5071.7  0.00585  
5075.9  0.00597  
5080.1  0.00591  
5084.2  0.00576  
5088.4  0.00546  
5092.6  0.00543  
5096.8  0.00574  
5101.0  0.00596  
5105.2  0.00579  
5109.4  0.00559  
5113.6  0.00576  
5117.7  0.00591  
5121.900000000001  0.00586  
5126.1  0.00575  
5130.299999999999  0.00566  
5134.5  0.00579  
5138.7  0.00598  
5142.9  0.00599  
5147.1  0.00581  
5151.3  0.00575  
5155.5  0.00573  
5159.700000000001  0.00559  
5163.9  0.00563  
5168.099999999999  0.00581  
5172.3  0.00577  
5176.4  0.00574  
5180.599999999999  0.00586  
5184.8  0.00592  
5189.0  0.00589  
5193.200000000001  0.00572  
5197.4  0.00562  
5201.599999999999  0.0057  
5205.8  0.00578  
5210.0  0.00566  
5214.2  0.00557  
5218.400000000001  0.00569  
5222.6  0.00579  
5226.799999999999  0.00568  
5231.0  0.00554  
5235.2  0.0056  
5239.400000000001  0.00572  
5243.6  0.00565  
5247.799999999999  0.0056  
5252.0  0.00587  
5256.3  0.00606  
5260.5  0.00585  
5264.700000000001  0.00567  
5268.9  0.0058  
5273.099999999999  0.00591  
5277.3  0.00601  
5281.5  0.00618  
5285.700000000001  0.00634  
5289.9  0.00654  
5294.099999999999  0.00654  
5298.3  0.00649  
5302.5  0.00655  
5306.7  0.00666  
5310.900000000001  0.00676  
5315.2  0.00696  
5319.400000000001  0.00729  
5323.6  0.00757  
5327.799999999999  0.00775  
5332.0  0.00804  
5336.2  0.00839  
5340.4  0.00867  
5344.6  0.0089  
5348.9  0.00919  
5353.099999999999  0.00956  
5357.3  0.01002  
5361.5  0.01039  
5365.700000000001  0.01057  
5369.9  0.01091  
5374.099999999999  0.01151  
5378.400000000001  0.01219  
5382.6  0.01309  
5386.799999999999  0.01449  
5391.0  0.01667  
5395.2  0.01985  
5399.5  0.02437  
5403.7  0.0304  
5407.9  0.03814  
5412.1  0.04787  
5416.3  0.05964  
5420.599999999999  0.07345  
5424.8  0.08939  
5429.0  0.10753  
5433.200000000001  0.12791  
5437.4  0.15093  
5441.7  0.17746  
5445.900000000001  0.20793  
5450.1  0.24267  
5454.299999999999  0.2825  
5458.6  0.32803  
5462.799999999999  0.37907  
5467.0  0.43436  
5471.2  0.4923  
5475.5  0.55127  
5479.700000000001  0.60821  
5483.9  0.65953  
5488.099999999999  0.70197  
5492.4  0.73297  
5496.599999999999  0.75198  
5500.8  0.75969  
5505.1  0.75889  
5509.299999999999  0.75346  
5513.5  0.74666  
5517.799999999999  0.7412  
5522.0  0.73848  
5526.2  0.73963  
5530.4  0.74402  
5534.700000000001  0.74905  
5538.9  0.75302  
5543.099999999999  0.75575  
5547.4  0.75774  
5551.599999999999  0.75921  
5555.8  0.76031  
5560.1  0.76193  
5564.299999999999  0.76495  
5568.6  0.77049  
5572.799999999999  0.77897  
5577.0  0.7894  
5581.3  0.80104  
5585.5  0.81374  
5589.700000000001  0.82704  
5594.0  0.83987  
5598.200000000001  0.85152  
5602.5  0.86206  
5606.7  0.87138  
5610.900000000001  0.87859  
5615.2  0.88315  
5619.400000000001  0.8857  
5623.7  0.88728  
5627.9  0.888  
5632.1  0.88756  
5636.4  0.88669  
5640.599999999999  0.88637  
5644.9  0.88664  
5649.099999999999  0.88716  
5653.400000000001  0.88775  
5657.6  0.88856  
5661.799999999999  0.89022  
5666.1  0.89246  
5670.299999999999  0.89446  
5674.6  0.89665  
5678.8  0.89902  
5683.099999999999  0.90156  
5687.3  0.90412  
5691.599999999999  0.90604  
5695.8  0.9072  
5700.1  0.90764  
5704.299999999999  0.9078  
5708.6  0.90798  
5712.799999999999  0.90732  
5717.1  0.90561  
5721.3  0.90383  
5725.599999999999  0.9023  
5729.8  0.9008  
5734.099999999999  0.89925  
5738.3  0.8972  
5742.6  0.89433  
5746.799999999999  0.89141  
5751.1  0.88935  
5755.299999999999  0.8876  
5759.6  0.88552  
5763.9  0.88405  
5768.099999999999  0.88345  
5772.4  0.88234  
5776.599999999999  0.88059  
5780.900000000001  0.87915  
5785.1  0.87853  
5789.400000000001  0.87877  
5793.6  0.87919  
5797.9  0.87905  
5802.200000000001  0.87856  
5806.4  0.87843  
5810.700000000001  0.87914  
5814.9  0.88069  
5819.2  0.88272  
5823.5  0.88506  
5827.7  0.88738  
5832.0  0.88977  
5836.2  0.89274  
5840.5  0.89587  
5844.8  0.89882  
5849.0  0.90191  
5853.3  0.90517  
5857.6  0.90769  
5861.799999999999  0.90908  
5866.1  0.91023  
5870.4  0.91153  
5874.6  0.91227  
5878.9  0.91171  
5883.200000000001  0.91061  
5887.4  0.90927  
5891.7  0.90691  
5896.0  0.90395  
5900.2  0.90076  
5904.5  0.8965  
5908.8  0.89121  
5913.0  0.8857  
5917.3  0.87967  
5921.599999999999  0.87303  
5925.8  0.86657  
5930.1  0.86003  
5934.400000000001  0.8534  
5938.7  0.8478  
5942.9  0.84315  
5947.200000000001  0.8392  
5951.5  0.83657  
5955.700000000001  0.83528  
5960.0  0.83536  
5964.299999999999  0.837  
5968.6  0.83983  
5972.799999999999  0.84375  
5977.1  0.84884  
5981.4  0.85459  
5985.700000000001  0.86044  
5990.0  0.86645  
5994.2  0.87274  
5998.5  0.87882  
6002.799999999999  0.8842  
6007.1  0.88874  
6011.3  0.89272  
6015.599999999999  0.89598  
6019.9  0.89789  
6024.2  0.89904  
6028.5  0.90003  
6032.7  0.9011  
6037.0  0.90175  
6041.3  0.90165  
6045.599999999999  0.90179  
6049.9  0.90206  
6054.099999999999  0.90161  
6058.400000000001  0.90102  
6062.7  0.90036  
6067.0  0.89921  
6071.3  0.89776  
6075.599999999999  0.89639  
6079.9  0.89479  
6084.099999999999  0.89267  
6088.400000000001  0.89052  
6092.7  0.88893  
6097.0  0.88795  
6101.3  0.88694  
6105.599999999999  0.88603  
6109.9  0.88625  
6114.099999999999  0.88741  
6118.400000000001  0.8885  
6122.7  0.88999  
6127.0  0.8926  
6131.3  0.89578  
6135.599999999999  0.89867  
6139.9  0.90112  
6144.2  0.90349  
6148.5  0.90554  
6152.799999999999  0.90683  
6157.1  0.90737  
6161.3  0.90716  
6165.599999999999  0.90634  
6169.9  0.90524  
6174.2  0.90389  
6178.5  0.90178  
6182.799999999999  0.89896  
6187.1  0.89646  
6191.4  0.89445  
6195.700000000001  0.89286  
6200.0  0.89244  
6204.299999999999  0.89282  
6208.6  0.89344  
6212.9  0.89449  
6217.200000000001  0.89543  
6221.5  0.89665  
6225.8  0.89894  
6230.1  0.90125  
6234.400000000001  0.90322  
6238.7  0.90536  
6243.0  0.90684  
6247.3  0.90758  
6251.599999999999  0.90847  
6255.900000000001  0.9091  
6260.2  0.90935  
6264.5  0.90949  
6268.8  0.90883  
6273.099999999999  0.90768  
6277.4  0.90742  
6281.7  0.90767  
6286.0  0.90719  
6290.299999999999  0.90648  
6294.6  0.9063  
6298.9  0.90635  
6303.200000000001  0.90631  
6307.5  0.90683  
6311.799999999999  0.90813  
6316.1  0.90934  
6320.4  0.90972  
6324.8  0.90968  
6329.099999999999  0.90985  
6333.400000000001  0.90995  
6337.7  0.90977  
6342.0  0.90895  
6346.3  0.90731  
6350.599999999999  0.90549  
6354.9  0.90319  
6359.2  0.8998  
6363.5  0.89649  
6367.9  0.89359  
6372.200000000001  0.89016  
6376.5  0.88618  
6380.8  0.88212  
6385.1  0.87848  
6389.400000000001  0.87559  
6393.7  0.87282  
6398.0  0.86999  
6402.4  0.86769  
6406.7  0.86622  
6411.0  0.86545  
6415.299999999999  0.86534  
6419.6  0.86586  
6423.9  0.86662  
6428.3  0.86784  
6432.6  0.87013  
6436.900000000001  0.87332  
6441.2  0.87678  
6445.5  0.88033  
6449.8  0.88361  
6454.2  0.88664  
6458.5  0.88987  
6462.799999999999  0.8934  
6467.1  0.89685  
6471.4  0.89945  
6475.8  0.90084  
6480.1  0.9017  
6484.400000000001  0.90205  
6488.7  0.90163  
6493.099999999999  0.90046  
6497.4  0.8981  
6501.7  0.89535  
6506.0  0.8927  
6510.299999999999  0.88918  
6514.700000000001  0.88459  
6519.0  0.87971  
6523.3  0.87489  
6527.6  0.86995  
6532.0  0.86502  
6536.3  0.86009  
6540.599999999999  0.85519  
6545.0  0.85056  
6549.299999999999  0.8462  
6553.6  0.84236  
6557.9  0.83913  
6562.3  0.83613  
6566.599999999999  0.83377  
6570.900000000001  0.83275  
6575.299999999999  0.83278  
6579.6  0.83347  
6583.9  0.83482  
6588.200000000001  0.83705  
6592.6  0.84032  
6596.900000000001  0.84419  
6601.2  0.84829  
6605.599999999999  0.85325  
6609.9  0.85902  
6614.2  0.86441  
6618.6  0.8693  
6622.9  0.87411  
6627.200000000001  0.87904  
6631.599999999999  0.88381  
6635.900000000001  0.88747  
6640.2  0.88987  
6644.6  0.89171  
6648.9  0.89308  
6653.3  0.89325  
6657.6  0.89227  
6661.900000000001  0.89062  
6666.3  0.88849  
6670.599999999999  0.88627  
6674.9  0.88389  
6679.299999999999  0.88093  
6683.6  0.87768  
6688.0  0.87482  
6692.3  0.87276  
6696.599999999999  0.8714  
6701.0  0.87047  
6705.299999999999  0.87003  
6709.700000000001  0.87022  
6714.0  0.87134  
6718.3  0.873  
6722.7  0.87483  
6727.0  0.87757  
6731.4  0.88118  
6735.700000000001  0.88419  
6740.1  0.88681  
6744.400000000001  0.89015  
6748.7  0.89338  
6753.099999999999  0.8958  
6757.4  0.89804  
6761.799999999999  0.89987  
6766.1  0.90095  
6770.5  0.90099  
6774.8  0.90004  
6779.2  0.89871  
6783.5  0.89703  
6787.9  0.89493  
6792.200000000001  0.89222  
6796.599999999999  0.88864  
6800.900000000001  0.88482  
6805.299999999999  0.88153  
6809.6  0.87874  
6814.0  0.8761  
6818.3  0.87355  
6822.7  0.87175  
6827.0  0.87082  
6831.4  0.87021  
6835.700000000001  0.8701  
6840.1  0.87113  
6844.400000000001  0.87313  
6848.8  0.87532  
6853.099999999999  0.87692  
6857.5  0.87843  
6861.799999999999  0.88098  
6866.2  0.88388  
6870.5  0.88563  
6874.9  0.88601  
6879.299999999999  0.88576  
6883.6  0.88535  
6888.0  0.88422  
6892.3  0.88104  
6896.7  0.87611  
6901.0  0.87056  
6905.4  0.86368  
6909.8  0.8544  
6914.099999999999  0.84285  
6918.5  0.82923  
6922.799999999999  0.81317  
6927.200000000001  0.79461  
6931.599999999999  0.7733  
6935.900000000001  0.7487  
6940.299999999999  0.72071  
6944.6  0.68939  
6949.0  0.65505  
6953.400000000001  0.61825  
6957.7  0.57894  
6962.1  0.53698  
6966.4  0.49349  
6970.8  0.44972  
6975.2  0.40595  
6979.5  0.36255  
6983.9  0.32077  
6988.3  0.28155  
6992.6  0.24479  
6997.0  0.21048  
7001.4  0.17937  
7005.700000000001  0.15176  
7010.1  0.12736  
7014.5  0.10607  
7018.8  0.08775  
7023.200000000001  0.07215  
7027.6  0.05927  
7031.900000000001  0.0488  
7036.3  0.04028  
7040.700000000001  0.03319  
7045.0  0.02722  
7049.400000000001  0.02275  
7053.8  0.01952  
7058.099999999999  0.01676  
7062.5  0.01442  
7066.900000000001  0.0125  
7071.3  0.01094  
7075.599999999999  0.00976  
7080.0  0.00872  
7084.400000000001  0.00769  
7088.7  0.00687  
7093.099999999999  0.0064  
7097.5  0.00598  
7101.900000000001  0.00545  
7106.2  0.00504  
7110.599999999999  0.00477  
7115.0  0.00439  
7119.400000000001  0.00408  
7123.7  0.00396  
7128.099999999999  0.00381  
7132.5  0.00362  
7136.900000000001  0.00354  
7141.2  0.00342  
7145.599999999999  0.00319  
7150.0  0.00313  
7154.400000000001  0.0032  
7158.8  0.00309  
7163.099999999999  0.0028  
7167.5  0.00261  
7171.900000000001  0.00271  
7176.3  0.00283  
7180.700000000001  0.00273  
7185.0  0.00264  
7189.400000000001  0.00257  
7193.8  0.00249  
7198.200000000001  0.00253  
7202.6  0.00257  
7206.900000000001  0.00252  
7211.3  0.00242  
7215.700000000001  0.00242  
7220.1  0.00253  
7224.5  0.00258  
7228.9  0.00246  
7233.200000000001  0.00234  
7237.6  0.00229  
7242.0  0.00232  
7246.4  0.00236  
7250.8  0.00234  
7255.2  0.00233  
7259.5  0.00232  
7263.9  0.00229  
7268.3  0.00235  
7272.7  0.00244  
7277.1  0.00234  
7281.5  0.00217  
7285.900000000001  0.0022  
7290.299999999999  0.00229  
7294.700000000001  0.00228  
7299.0  0.00227  
7303.400000000001  0.00224  
7307.799999999999  0.00217  
7312.200000000001  0.00215  
7316.599999999999  0.00217  
7321.0  0.00219  
7325.4  0.00223  
7329.8  0.00228  
7334.2  0.00229  
7338.6  0.00223  
7342.9  0.00217  
7347.3  0.00219  
7351.7  0.00223  
7356.1  0.00214  
7360.5  0.00202  
7364.9  0.00209  
7369.299999999999  0.0021  
7373.7  0.00196  
7378.099999999999  0.00193  
7382.5  0.00207  
7386.900000000001  0.00219  
7391.3  0.00221  
7395.700000000001  0.00211  

