@MEASUREMENT_RADIUS 24.0 cm
#lambda:
#tr:
#end
5000.6  0.00596  
5004.8  0.00588  
5009.0  0.00583  
5013.1  0.00591  
5017.3  0.00586  
5021.5  0.00576  
5025.7  0.00592  
5029.8  0.00601  
5034.0  0.0058  
5038.2  0.00582  
5042.4  0.00613  
5046.6  0.00616  
5050.8  0.0059  
5054.9  0.00579  
5059.1  0.00587  
5063.3  0.00593  
5067.5  0.00585  
5071.7  0.0057  
5075.9  0.00578  
5080.1  0.00604  
5084.2  0.0061  
5088.4  0.00583  
5092.6  0.00562  
5096.8  0.00571  
5101.0  0.00591  
5105.2  0.006  
5109.4  0.00595  
5113.6  0.00589  
5117.7  0.00578  
5121.900000000001  0.0057  
5126.1  0.00579  
5130.299999999999  0.00602  
5134.5  0.00613  
5138.7  0.00597  
5142.9  0.00583  
5147.1  0.00588  
5151.3  0.00594  
5155.5  0.00579  
5159.700000000001  0.00559  
5163.9  0.00555  
5168.099999999999  0.00567  
5172.3  0.00575  
5176.4  0.00567  
5180.599999999999  0.00573  
5184.8  0.00587  
5189.0  0.00592  
5193.200000000001  0.00594  
5197.4  0.0058  
5201.599999999999  0.00567  
5205.8  0.00592  
5210.0  0.00601  
5214.2  0.00581  
5218.400000000001  0.00575  
5222.6  0.00574  
5226.799999999999  0.00564  
5231.0  0.00553  
5235.2  0.00553  
5239.400000000001  0.0058  
5243.6  0.00612  
5247.799999999999  0.00603  
5252.0  0.00576  
5256.3  0.00568  
5260.5  0.00566  
5264.700000000001  0.00569  
5268.9  0.00592  
5273.099999999999  0.00619  
5277.3  0.00623  
5281.5  0.00611  
5285.700000000001  0.00614  
5289.9  0.0064  
5294.099999999999  0.00664  
5298.3  0.00669  
5302.5  0.00672  
5306.7  0.00687  
5310.900000000001  0.00705  
5315.2  0.00729  
5319.400000000001  0.00751  
5323.6  0.00783  
5327.799999999999  0.0082  
5332.0  0.00836  
5336.2  0.00858  
5340.4  0.00912  
5344.6  0.0095  
5348.9  0.00949  
5353.099999999999  0.00976  
5357.3  0.01037  
5361.5  0.01086  
5365.700000000001  0.01137  
5369.9  0.01186  
5374.099999999999  0.01236  
5378.400000000001  0.01343  
5382.6  0.01521  
5386.799999999999  0.01774  
5391.0  0.02128  
5395.2  0.02615  
5399.5  0.03262  
5403.7  0.04082  
5407.9  0.05101  
5412.1  0.06328  
5416.3  0.07761  
5420.599999999999  0.09439  
5424.8  0.11368  
5429.0  0.13521  
5433.200000000001  0.15956  
5437.4  0.18745  
5441.7  0.21899  
5445.900000000001  0.25479  
5450.1  0.29599  
5454.299999999999  0.34261  
5458.6  0.39401  
5462.799999999999  0.44952  
5467.0  0.50752  
5471.2  0.56548  
5475.5  0.62059  
5479.700000000001  0.66986  
5483.9  0.70975  
5488.099999999999  0.73776  
5492.4  0.75405  
5496.599999999999  0.7606  
5500.8  0.75935  
5505.1  0.75325  
5509.299999999999  0.74629  
5513.5  0.74176  
5517.799999999999  0.74077  
5522.0  0.74226  
5526.2  0.74548  
5530.4  0.74978  
5534.700000000001  0.75382  
5538.9  0.75697  
5543.099999999999  0.75927  
5547.4  0.76083  
5551.599999999999  0.76197  
5555.8  0.76358  
5560.1  0.76702  
5564.299999999999  0.77282  
5568.6  0.78113  
5572.799999999999  0.79183  
5577.0  0.80409  
5581.3  0.81721  
5585.5  0.83073  
5589.700000000001  0.8439  
5594.0  0.85571  
5598.200000000001  0.86587  
5602.5  0.87405  
5606.7  0.88018  
5610.900000000001  0.88488  
5615.2  0.88814  
5619.400000000001  0.88945  
5623.7  0.88918  
5627.9  0.88857  
5632.1  0.88809  
5636.4  0.88726  
5640.599999999999  0.88693  
5644.9  0.8879  
5649.099999999999  0.88882  
5653.400000000001  0.88965  
5657.6  0.89159  
5661.799999999999  0.89422  
5666.1  0.89649  
5670.299999999999  0.89874  
5674.6  0.90149  
5678.8  0.90401  
5683.099999999999  0.90635  
5687.3  0.90854  
5691.599999999999  0.90998  
5695.8  0.91057  
5700.1  0.91036  
5704.299999999999  0.90984  
5708.6  0.90938  
5712.799999999999  0.90839  
5717.1  0.90655  
5721.3  0.90435  
5725.599999999999  0.90198  
5729.8  0.89956  
5734.099999999999  0.89782  
5738.3  0.89616  
5742.6  0.8935  
5746.799999999999  0.89088  
5751.1  0.88908  
5755.299999999999  0.88743  
5759.6  0.88594  
5763.9  0.88495  
5768.099999999999  0.88393  
5772.4  0.8829  
5776.599999999999  0.88219  
5780.900000000001  0.88143  
5785.1  0.88088  
5789.400000000001  0.8811  
5793.6  0.88176  
5797.9  0.88204  
5802.200000000001  0.88201  
5806.4  0.88244  
5810.700000000001  0.8834  
5814.9  0.8853  
5819.2  0.88815  
5823.5  0.89093  
5827.7  0.89342  
5832.0  0.89603  
5836.2  0.899  
5840.5  0.90191  
5844.8  0.90477  
5849.0  0.90768  
5853.3  0.90995  
5857.6  0.91138  
5861.799999999999  0.91264  
5866.1  0.91381  
5870.4  0.91396  
5874.6  0.91316  
5878.9  0.91226  
5883.200000000001  0.91097  
5887.4  0.90822  
5891.7  0.90449  
5896.0  0.90093  
5900.2  0.89693  
5904.5  0.89149  
5908.8  0.88549  
5913.0  0.88009  
5917.3  0.87418  
5921.599999999999  0.8672  
5925.8  0.86062  
5930.1  0.85492  
5934.400000000001  0.84974  
5938.7  0.84518  
5942.9  0.84159  
5947.200000000001  0.83955  
5951.5  0.83935  
5955.700000000001  0.8402  
5960.0  0.8417  
5964.299999999999  0.84468  
5968.6  0.84907  
5972.799999999999  0.85401  
5977.1  0.85977  
5981.4  0.86638  
5985.700000000001  0.87246  
5990.0  0.87743  
5994.2  0.88208  
5998.5  0.88716  
6002.799999999999  0.8921  
6007.1  0.89568  
6011.3  0.89831  
6015.599999999999  0.90075  
6019.9  0.90231  
6024.2  0.90255  
6028.5  0.90238  
6032.7  0.90253  
6037.0  0.90305  
6041.3  0.90375  
6045.599999999999  0.90396  
6049.9  0.90305  
6054.099999999999  0.9019  
6058.400000000001  0.90162  
6062.7  0.90108  
6067.0  0.89916  
6071.3  0.89699  
6075.599999999999  0.89537  
6079.9  0.89401  
6084.099999999999  0.89255  
6088.400000000001  0.89114  
6092.7  0.88978  
6097.0  0.88875  
6101.3  0.88859  
6105.599999999999  0.88922  
6109.9  0.8908  
6114.099999999999  0.89248  
6118.400000000001  0.89368  
6122.7  0.89561  
6127.0  0.89881  
6131.3  0.90229  
6135.599999999999  0.90502  
6139.9  0.90684  
6144.2  0.90817  
6148.5  0.90901  
6152.799999999999  0.90942  
6157.1  0.9094  
6161.3  0.90838  
6165.599999999999  0.90664  
6169.9  0.90505  
6174.2  0.90307  
6178.5  0.90034  
6182.799999999999  0.89784  
6187.1  0.89644  
6191.4  0.89527  
6195.700000000001  0.89426  
6200.0  0.89439  
6204.299999999999  0.8952  
6208.6  0.89669  
6212.9  0.89874  
6217.200000000001  0.90002  
6221.5  0.9009  
6225.8  0.90305  
6230.1  0.90601  
6234.400000000001  0.90828  
6238.7  0.90963  
6243.0  0.91038  
6247.3  0.91066  
6251.599999999999  0.9108  
6255.900000000001  0.91085  
6260.2  0.91079  
6264.5  0.91098  
6268.8  0.91084  
6273.099999999999  0.9098  
6277.4  0.9089  
6281.7  0.90867  
6286.0  0.90852  
6290.299999999999  0.90861  
6294.6  0.90902  
6298.9  0.90957  
6303.200000000001  0.91024  
6307.5  0.91098  
6311.799999999999  0.91167  
6316.1  0.91221  
6320.4  0.91219  
6324.8  0.91179  
6329.099999999999  0.91158  
6333.400000000001  0.91096  
6337.7  0.90971  
6342.0  0.90787  
6346.3  0.90539  
6350.599999999999  0.90287  
6354.9  0.90022  
6359.2  0.89684  
6363.5  0.89307  
6367.9  0.88933  
6372.200000000001  0.88574  
6376.5  0.88244  
6380.8  0.87902  
6385.1  0.87539  
6389.400000000001  0.87247  
6393.7  0.87012  
6398.0  0.86842  
6402.4  0.86765  
6406.7  0.86726  
6411.0  0.86714  
6415.299999999999  0.86794  
6419.6  0.86988  
6423.9  0.87213  
6428.3  0.8742  
6432.6  0.87692  
6436.900000000001  0.88065  
6441.2  0.88417  
6445.5  0.88728  
6449.8  0.89074  
6454.2  0.89427  
6458.5  0.89694  
6462.799999999999  0.8989  
6467.1  0.90073  
6471.4  0.90237  
6475.8  0.90335  
6480.1  0.9035  
6484.400000000001  0.90265  
6488.7  0.90101  
6493.099999999999  0.89878  
6497.4  0.89564  
6501.7  0.89172  
6506.0  0.88768  
6510.299999999999  0.8835  
6514.700000000001  0.87873  
6519.0  0.87391  
6523.3  0.86912  
6527.6  0.86412  
6532.0  0.8593  
6536.3  0.85484  
6540.599999999999  0.85035  
6545.0  0.84583  
6549.299999999999  0.84205  
6553.6  0.83948  
6557.9  0.83761  
6562.3  0.83589  
6566.599999999999  0.83489  
6570.900000000001  0.83529  
6575.299999999999  0.83685  
6579.6  0.83906  
6583.9  0.84133  
6588.200000000001  0.84405  
6592.6  0.84819  
6596.900000000001  0.85347  
6601.2  0.85863  
6605.599999999999  0.86372  
6609.9  0.86931  
6614.2  0.87446  
6618.6  0.87915  
6622.9  0.8838  
6627.200000000001  0.88758  
6631.599999999999  0.89042  
6635.900000000001  0.89279  
6640.2  0.89416  
6644.6  0.89439  
6648.9  0.89428  
6653.3  0.89362  
6657.6  0.89165  
6661.900000000001  0.88893  
6666.3  0.88603  
6670.599999999999  0.88299  
6674.9  0.88041  
6679.299999999999  0.87838  
6683.6  0.87618  
6688.0  0.87383  
6692.3  0.87192  
6696.599999999999  0.87118  
6701.0  0.87161  
6705.299999999999  0.87269  
6709.700000000001  0.87416  
6714.0  0.87587  
6718.3  0.878  
6722.7  0.88075  
6727.0  0.88412  
6731.4  0.88794  
6735.700000000001  0.89114  
6740.1  0.89384  
6744.400000000001  0.89693  
6748.7  0.89934  
6753.099999999999  0.90059  
6757.4  0.90194  
6761.799999999999  0.90341  
6766.1  0.90362  
6770.5  0.90249  
6774.8  0.90104  
6779.2  0.89918  
6783.5  0.89646  
6787.9  0.89333  
6792.200000000001  0.8902  
6796.599999999999  0.88673  
6800.900000000001  0.88327  
6805.299999999999  0.8804  
6809.6  0.87798  
6814.0  0.87632  
6818.3  0.87511  
6822.7  0.87387  
6827.0  0.87333  
6831.4  0.87397  
6835.700000000001  0.87563  
6840.1  0.87743  
6844.400000000001  0.87918  
6848.8  0.88122  
6853.099999999999  0.88305  
6857.5  0.88464  
6861.799999999999  0.8864  
6866.2  0.88804  
6870.5  0.88853  
6874.9  0.88754  
6879.299999999999  0.88592  
6883.6  0.88393  
6888.0  0.88057  
6892.3  0.87489  
6896.7  0.86712  
6901.0  0.85832  
6905.4  0.84832  
6909.8  0.8359  
6914.099999999999  0.82049  
6918.5  0.80264  
6922.799999999999  0.78241  
6927.200000000001  0.75896  
6931.599999999999  0.73197  
6935.900000000001  0.70191  
6940.299999999999  0.66867  
6944.6  0.6321  
6949.0  0.59304  
6953.400000000001  0.55233  
6957.7  0.51  
6962.1  0.46589  
6966.4  0.42134  
6970.8  0.37794  
6975.2  0.336  
6979.5  0.29565  
6983.9  0.25753  
6988.3  0.22234  
6992.6  0.19043  
6997.0  0.16143  
7001.4  0.13552  
7005.700000000001  0.11335  
7010.1  0.09444  
7014.5  0.07792  
7018.8  0.06387  
7023.200000000001  0.05246  
7027.6  0.04315  
7031.900000000001  0.03549  
7036.3  0.02922  
7040.700000000001  0.02431  
7045.0  0.02062  
7049.400000000001  0.01761  
7053.8  0.01505  
7058.099999999999  0.01302  
7062.5  0.01145  
7066.900000000001  0.01012  
7071.3  0.00891  
7075.599999999999  0.00794  
7080.0  0.00721  
7084.400000000001  0.00646  
7088.7  0.00576  
7093.099999999999  0.00536  
7097.5  0.00518  
7101.900000000001  0.00498  
7106.2  0.00464  
7110.599999999999  0.00423  
7115.0  0.00394  
7119.400000000001  0.00377  
7123.7  0.00365  
7128.099999999999  0.00349  
7132.5  0.00326  
7136.900000000001  0.0031  
7141.2  0.00306  
7145.599999999999  0.00306  
7150.0  0.00305  
7154.400000000001  0.00299  
7158.8  0.00284  
7163.099999999999  0.0027  
7167.5  0.00276  
7171.900000000001  0.00282  
7176.3  0.00266  
7180.700000000001  0.00246  
7185.0  0.00247  
7189.400000000001  0.00253  
7193.8  0.00252  
7198.200000000001  0.00253  
7202.6  0.00253  
7206.900000000001  0.00253  
7211.3  0.00257  
7215.700000000001  0.00256  
7220.1  0.00245  
7224.5  0.00244  
7228.9  0.00251  
7233.200000000001  0.00245  
7237.6  0.00232  
7242.0  0.00235  
7246.4  0.00244  
7250.8  0.00251  
7255.2  0.00246  
7259.5  0.00226  
7263.9  0.00212  
7268.3  0.00217  
7272.7  0.00227  
7277.1  0.00228  
7281.5  0.00227  
7285.900000000001  0.00237  
7290.299999999999  0.00242  
7294.700000000001  0.00229  
7299.0  0.00221  
7303.400000000001  0.00218  
7307.799999999999  0.0021  
7312.200000000001  0.00212  
7316.599999999999  0.00218  
7321.0  0.0021  
7325.4  0.00204  
7329.8  0.00213  
7334.2  0.00218  
7338.6  0.00209  
7342.9  0.00204  
7347.3  0.00211  
7351.7  0.00209  
7356.1  0.00196  
7360.5  0.00197  
7364.9  0.00216  
7369.299999999999  0.00228  
7373.7  0.00224  
7378.099999999999  0.00208  
7382.5  0.00197  
7386.900000000001  0.00199  
7391.3  0.00204  
7395.700000000001  0.0021  

