@MEASUREMENT_RADIUS 25.0 cm
#lambda:
#tr:
#end
5000.6  0.00592  
5004.8  0.00558  
5009.0  0.00569  
5013.1  0.00629  
5017.3  0.00642  
5021.5  0.00605  
5025.7  0.00586  
5029.8  0.00582  
5034.0  0.00593  
5038.2  0.00598  
5042.4  0.0058  
5046.6  0.00574  
5050.8  0.00589  
5054.9  0.00602  
5059.1  0.006  
5063.3  0.0058  
5067.5  0.00561  
5071.7  0.00572  
5075.9  0.00588  
5080.1  0.00576  
5084.2  0.00566  
5088.4  0.00579  
5092.6  0.00577  
5096.8  0.00556  
5101.0  0.00566  
5105.2  0.00598  
5109.4  0.00599  
5113.6  0.00579  
5117.7  0.00582  
5121.900000000001  0.00597  
5126.1  0.00585  
5130.299999999999  0.00572  
5134.5  0.00586  
5138.7  0.00588  
5142.9  0.00571  
5147.1  0.00563  
5151.3  0.0057  
5155.5  0.0058  
5159.700000000001  0.00586  
5163.9  0.00577  
5168.099999999999  0.00569  
5172.3  0.00566  
5176.4  0.00563  
5180.599999999999  0.00572  
5184.8  0.00581  
5189.0  0.00589  
5193.200000000001  0.00585  
5197.4  0.00581  
5201.599999999999  0.00599  
5205.8  0.0061  
5210.0  0.00582  
5214.2  0.0057  
5218.400000000001  0.00599  
5222.6  0.00605  
5226.799999999999  0.00589  
5231.0  0.00584  
5235.2  0.00577  
5239.400000000001  0.0058  
5243.6  0.00599  
5247.799999999999  0.00603  
5252.0  0.00583  
5256.3  0.00571  
5260.5  0.00584  
5264.700000000001  0.00594  
5268.9  0.00604  
5273.099999999999  0.00624  
5277.3  0.00632  
5281.5  0.0062  
5285.700000000001  0.00616  
5289.9  0.00644  
5294.099999999999  0.00677  
5298.3  0.00681  
5302.5  0.00678  
5306.7  0.00704  
5310.900000000001  0.0074  
5315.2  0.00762  
5319.400000000001  0.00774  
5323.6  0.00789  
5327.799999999999  0.00814  
5332.0  0.00859  
5336.2  0.00897  
5340.4  0.00919  
5344.6  0.00957  
5348.9  0.01012  
5353.099999999999  0.01056  
5357.3  0.0107  
5361.5  0.01105  
5365.700000000001  0.01195  
5369.9  0.01297  
5374.099999999999  0.01399  
5378.400000000001  0.01566  
5382.6  0.01824  
5386.799999999999  0.02193  
5391.0  0.02739  
5395.2  0.0346  
5399.5  0.04323  
5403.7  0.05383  
5407.9  0.06696  
5412.1  0.08226  
5416.3  0.09961  
5420.599999999999  0.11957  
5424.8  0.14246  
5429.0  0.1682  
5433.200000000001  0.19739  
5437.4  0.23096  
5441.7  0.26988  
5445.900000000001  0.31536  
5450.1  0.36705  
5454.299999999999  0.42279  
5458.6  0.4814  
5462.799999999999  0.54211  
5467.0  0.60112  
5471.2  0.65342  
5475.5  0.69623  
5479.700000000001  0.72812  
5483.9  0.74813  
5488.099999999999  0.75683  
5492.4  0.75736  
5496.599999999999  0.75312  
5500.8  0.74622  
5505.1  0.7402  
5509.299999999999  0.7378  
5513.5  0.73931  
5517.799999999999  0.74311  
5522.0  0.74697  
5526.2  0.75084  
5530.4  0.75465  
5534.700000000001  0.75726  
5538.9  0.75829  
5543.099999999999  0.75884  
5547.4  0.76031  
5551.599999999999  0.76366  
5555.8  0.76876  
5560.1  0.7754  
5564.299999999999  0.78455  
5568.6  0.79679  
5572.799999999999  0.81072  
5577.0  0.82512  
5581.3  0.83953  
5585.5  0.85289  
5589.700000000001  0.86425  
5594.0  0.87336  
5598.200000000001  0.88049  
5602.5  0.88574  
5606.7  0.88893  
5610.900000000001  0.89044  
5615.2  0.89108  
5619.400000000001  0.89046  
5623.7  0.88891  
5627.9  0.8878  
5632.1  0.8873  
5636.4  0.8873  
5640.599999999999  0.888  
5644.9  0.88922  
5649.099999999999  0.89071  
5653.400000000001  0.89296  
5657.6  0.89589  
5661.799999999999  0.89845  
5666.1  0.90049  
5670.299999999999  0.90315  
5674.6  0.90619  
5678.8  0.90843  
5683.099999999999  0.90996  
5687.3  0.9108  
5691.599999999999  0.91094  
5695.8  0.91113  
5700.1  0.91123  
5704.299999999999  0.91074  
5708.6  0.90973  
5712.799999999999  0.90818  
5717.1  0.90616  
5721.3  0.90355  
5725.599999999999  0.90099  
5729.8  0.89908  
5734.099999999999  0.89737  
5738.3  0.89533  
5742.6  0.89279  
5746.799999999999  0.89056  
5751.1  0.88889  
5755.299999999999  0.88706  
5759.6  0.88522  
5763.9  0.88432  
5768.099999999999  0.88401  
5772.4  0.88297  
5776.599999999999  0.88143  
5780.900000000001  0.88052  
5785.1  0.8804  
5789.400000000001  0.88037  
5793.6  0.88055  
5797.9  0.88165  
5802.200000000001  0.88296  
5806.4  0.88392  
5810.700000000001  0.88533  
5814.9  0.8878  
5819.2  0.89089  
5823.5  0.8942  
5827.7  0.89745  
5832.0  0.90074  
5836.2  0.90403  
5840.5  0.90672  
5844.8  0.90908  
5849.0  0.9114  
5853.3  0.91323  
5857.6  0.91428  
5861.799999999999  0.91454  
5866.1  0.91423  
5870.4  0.91351  
5874.6  0.91222  
5878.9  0.91044  
5883.200000000001  0.90807  
5887.4  0.90439  
5891.7  0.89986  
5896.0  0.89496  
5900.2  0.88941  
5904.5  0.8832  
5908.8  0.87659  
5913.0  0.87018  
5917.3  0.8643  
5921.599999999999  0.8583  
5925.8  0.85248  
5930.1  0.84788  
5934.400000000001  0.84455  
5938.7  0.84169  
5942.9  0.83995  
5947.200000000001  0.84048  
5951.5  0.84226  
5955.700000000001  0.84486  
5960.0  0.84877  
5964.299999999999  0.85337  
5968.6  0.85854  
5972.799999999999  0.8647  
5977.1  0.87096  
5981.4  0.87647  
5985.700000000001  0.88144  
5990.0  0.88643  
5994.2  0.89116  
5998.5  0.89452  
6002.799999999999  0.89687  
6007.1  0.89951  
6011.3  0.90177  
6015.599999999999  0.90266  
6019.9  0.90298  
6024.2  0.90328  
6028.5  0.90329  
6032.7  0.9032  
6037.0  0.90315  
6041.3  0.90317  
6045.599999999999  0.90325  
6049.9  0.90248  
6054.099999999999  0.90101  
6058.400000000001  0.90016  
6062.7  0.89917  
6067.0  0.89692  
6071.3  0.89476  
6075.599999999999  0.89336  
6079.9  0.89161  
6084.099999999999  0.88985  
6088.400000000001  0.88909  
6092.7  0.889  
6097.0  0.88905  
6101.3  0.88964  
6105.599999999999  0.89118  
6109.9  0.89368  
6114.099999999999  0.89645  
6118.400000000001  0.89897  
6122.7  0.90174  
6127.0  0.90489  
6131.3  0.90737  
6135.599999999999  0.90887  
6139.9  0.9101  
6144.2  0.91128  
6148.5  0.91142  
6152.799999999999  0.91  
6157.1  0.90779  
6161.3  0.90575  
6165.599999999999  0.90403  
6169.9  0.9022  
6174.2  0.90022  
6178.5  0.89841  
6182.799999999999  0.89677  
6187.1  0.89551  
6191.4  0.89487  
6195.700000000001  0.89526  
6200.0  0.89707  
6204.299999999999  0.89926  
6208.6  0.9009  
6212.9  0.90252  
6217.200000000001  0.90433  
6221.5  0.90586  
6225.8  0.90738  
6230.1  0.90929  
6234.400000000001  0.91088  
6238.7  0.91191  
6243.0  0.9124  
6247.3  0.91192  
6251.599999999999  0.91128  
6255.900000000001  0.9111  
6260.2  0.91089  
6264.5  0.91041  
6268.8  0.90959  
6273.099999999999  0.90883  
6277.4  0.90871  
6281.7  0.90911  
6286.0  0.9097  
6290.299999999999  0.91053  
6294.6  0.91128  
6298.9  0.91144  
6303.200000000001  0.91158  
6307.5  0.91252  
6311.799999999999  0.91356  
6316.1  0.9137  
6320.4  0.91274  
6324.8  0.91132  
6329.099999999999  0.91047  
6333.400000000001  0.90928  
6337.7  0.90688  
6342.0  0.90405  
6346.3  0.90105  
6350.599999999999  0.89757  
6354.9  0.89393  
6359.2  0.89029  
6363.5  0.88668  
6367.9  0.88316  
6372.200000000001  0.8795  
6376.5  0.87571  
6380.8  0.87246  
6385.1  0.87024  
6389.400000000001  0.86889  
6393.7  0.86798  
6398.0  0.86732  
6402.4  0.86695  
6406.7  0.86751  
6411.0  0.86923  
6415.299999999999  0.87137  
6419.6  0.87371  
6423.9  0.87628  
6428.3  0.87951  
6432.6  0.88363  
6436.900000000001  0.88784  
6441.2  0.89106  
6445.5  0.89373  
6449.8  0.89675  
6454.2  0.89937  
6458.5  0.90093  
6462.799999999999  0.90197  
6467.1  0.90314  
6471.4  0.90388  
6475.8  0.90321  
6480.1  0.90136  
6484.400000000001  0.89915  
6488.7  0.89658  
6493.099999999999  0.89337  
6497.4  0.88959  
6501.7  0.88517  
6506.0  0.88046  
6510.299999999999  0.87554  
6514.700000000001  0.87026  
6519.0  0.86531  
6523.3  0.86064  
6527.6  0.85572  
6532.0  0.85093  
6536.3  0.84685  
6540.599999999999  0.84349  
6545.0  0.84036  
6549.299999999999  0.83769  
6553.6  0.83621  
6557.9  0.83562  
6562.3  0.83545  
6566.599999999999  0.836  
6570.900000000001  0.83791  
6575.299999999999  0.84113  
6579.6  0.84488  
6583.9  0.84879  
6588.200000000001  0.85324  
6592.6  0.8584  
6596.900000000001  0.86365  
6601.2  0.8687  
6605.599999999999  0.87416  
6609.9  0.87963  
6614.2  0.88411  
6618.6  0.88782  
6622.9  0.89093  
6627.200000000001  0.89317  
6631.599999999999  0.89479  
6635.900000000001  0.8957  
6640.2  0.89512  
6644.6  0.89328  
6648.9  0.89152  
6653.3  0.88975  
6657.6  0.88692  
6661.900000000001  0.88312  
6666.3  0.87981  
6670.599999999999  0.87768  
6674.9  0.87584  
6679.299999999999  0.87374  
6683.6  0.87181  
6688.0  0.87103  
6692.3  0.87153  
6696.599999999999  0.87247  
6701.0  0.87334  
6705.299999999999  0.87487  
6709.700000000001  0.87758  
6714.0  0.88079  
6718.3  0.88412  
6722.7  0.88757  
6727.0  0.89116  
6731.4  0.89455  
6735.700000000001  0.89727  
6740.1  0.89969  
6744.400000000001  0.90238  
6748.7  0.90448  
6753.099999999999  0.90504  
6757.4  0.90475  
6761.799999999999  0.90416  
6766.1  0.90304  
6770.5  0.90115  
6774.8  0.89856  
6779.2  0.89554  
6783.5  0.89238  
6787.9  0.88921  
6792.200000000001  0.88619  
6796.599999999999  0.88296  
6800.900000000001  0.87986  
6805.299999999999  0.87784  
6809.6  0.87646  
6814.0  0.8756  
6818.3  0.8754  
6822.7  0.87571  
6827.0  0.87657  
6831.4  0.87803  
6835.700000000001  0.8801  
6840.1  0.88226  
6844.400000000001  0.88424  
6848.8  0.88594  
6853.099999999999  0.88711  
6857.5  0.888  
6861.799999999999  0.88871  
6866.2  0.88877  
6870.5  0.88783  
6874.9  0.88562  
6879.299999999999  0.88197  
6883.6  0.87684  
6888.0  0.87015  
6892.3  0.8617  
6896.7  0.85167  
6901.0  0.8403  
6905.4  0.82632  
6909.8  0.80905  
6914.099999999999  0.78885  
6918.5  0.76554  
6922.799999999999  0.73915  
6927.200000000001  0.70958  
6931.599999999999  0.67612  
6935.900000000001  0.63916  
6940.299999999999  0.59967  
6944.6  0.5578  
6949.0  0.51417  
6953.400000000001  0.46993  
6957.7  0.42539  
6962.1  0.38093  
6966.4  0.33768  
6970.8  0.29647  
6975.2  0.25779  
6979.5  0.22204  
6983.9  0.18972  
6988.3  0.16075  
6992.6  0.13503  
6997.0  0.11256  
7001.4  0.09324  
7005.700000000001  0.07685  
7010.1  0.06316  
7014.5  0.0519  
7018.8  0.04261  
7023.200000000001  0.03498  
7027.6  0.02891  
7031.900000000001  0.02415  
7036.3  0.02032  
7040.700000000001  0.01732  
7045.0  0.01492  
7049.400000000001  0.01287  
7053.8  0.01121  
7058.099999999999  0.00985  
7062.5  0.0087  
7066.900000000001  0.00781  
7071.3  0.00715  
7075.599999999999  0.00657  
7080.0  0.00601  
7084.400000000001  0.00552  
7088.7  0.00512  
7093.099999999999  0.00476  
7097.5  0.00439  
7101.900000000001  0.00404  
7106.2  0.00378  
7110.599999999999  0.00367  
7115.0  0.00363  
7119.400000000001  0.00351  
7123.7  0.00329  
7128.099999999999  0.00314  
7132.5  0.00311  
7136.900000000001  0.00302  
7141.2  0.00287  
7145.599999999999  0.00286  
7150.0  0.00294  
7154.400000000001  0.0029  
7158.8  0.00275  
7163.099999999999  0.00268  
7167.5  0.00263  
7171.900000000001  0.00256  
7176.3  0.00255  
7180.700000000001  0.00258  
7185.0  0.00258  
7189.400000000001  0.00256  
7193.8  0.00258  
7198.200000000001  0.00259  
7202.6  0.00249  
7206.900000000001  0.00229  
7211.3  0.00228  
7215.700000000001  0.00245  
7220.1  0.00254  
7224.5  0.00252  
7228.9  0.00258  
7233.200000000001  0.00255  
7237.6  0.00235  
7242.0  0.0023  
7246.4  0.00231  
7250.8  0.00232  
7255.2  0.00237  
7259.5  0.00229  
7263.9  0.0022  
7268.3  0.0023  
7272.7  0.00233  
7277.1  0.00213  
7281.5  0.00199  
7285.900000000001  0.00209  
7290.299999999999  0.00225  
7294.700000000001  0.00226  
7299.0  0.00218  
7303.400000000001  0.00222  
7307.799999999999  0.00228  
7312.200000000001  0.00221  
7316.599999999999  0.00213  
7321.0  0.00212  
7325.4  0.0021  
7329.8  0.00211  
7334.2  0.00212  
7338.6  0.00214  
7342.9  0.0022  
7347.3  0.00215  
7351.7  0.00201  
7356.1  0.00198  
7360.5  0.00198  
7364.9  0.00201  
7369.299999999999  0.00208  
7373.7  0.00207  
7378.099999999999  0.00203  
7382.5  0.00199  
7386.900000000001  0.00203  
7391.3  0.00209  
7395.700000000001  0.00198  

