@MEASUREMENT_RADIUS 26.0 cm
#lambda:
#tr:
#end
5000.6  0.00595  
5004.8  0.00606  
5009.0  0.00607  
5013.1  0.00589  
5017.3  0.00593  
5021.5  0.00619  
5025.7  0.0061  
5029.8  0.00589  
5034.0  0.006  
5038.2  0.00609  
5042.4  0.0058  
5046.6  0.0055  
5050.8  0.0056  
5054.9  0.00603  
5059.1  0.00627  
5063.3  0.00595  
5067.5  0.00546  
5071.7  0.00556  
5075.9  0.00598  
5080.1  0.006  
5084.2  0.00586  
5088.4  0.00582  
5092.6  0.00579  
5096.8  0.0058  
5101.0  0.00589  
5105.2  0.00598  
5109.4  0.00591  
5113.6  0.00563  
5117.7  0.00547  
5121.900000000001  0.00574  
5126.1  0.0059  
5130.299999999999  0.00564  
5134.5  0.00551  
5138.7  0.00573  
5142.9  0.00584  
5147.1  0.0056  
5151.3  0.00546  
5155.5  0.00573  
5159.700000000001  0.00592  
5163.9  0.00577  
5168.099999999999  0.00571  
5172.3  0.00579  
5176.4  0.0057  
5180.599999999999  0.00562  
5184.8  0.00569  
5189.0  0.00566  
5193.200000000001  0.0055  
5197.4  0.00564  
5201.599999999999  0.00591  
5205.8  0.00594  
5210.0  0.00571  
5214.2  0.00562  
5218.400000000001  0.00579  
5222.6  0.00586  
5226.799999999999  0.00581  
5231.0  0.00587  
5235.2  0.00584  
5239.400000000001  0.00585  
5243.6  0.00599  
5247.799999999999  0.00603  
5252.0  0.00607  
5256.3  0.00606  
5260.5  0.00595  
5264.700000000001  0.00589  
5268.9  0.00608  
5273.099999999999  0.00632  
5277.3  0.00631  
5281.5  0.0061  
5285.700000000001  0.00622  
5289.9  0.00672  
5294.099999999999  0.00689  
5298.3  0.00683  
5302.5  0.00696  
5306.7  0.007  
5310.900000000001  0.00697  
5315.2  0.00732  
5319.400000000001  0.00784  
5323.6  0.00815  
5327.799999999999  0.00828  
5332.0  0.00857  
5336.2  0.00898  
5340.4  0.0092  
5344.6  0.00936  
5348.9  0.00979  
5353.099999999999  0.01036  
5357.3  0.01081  
5361.5  0.01124  
5365.700000000001  0.01195  
5369.9  0.01303  
5374.099999999999  0.01445  
5378.400000000001  0.01634  
5382.6  0.01889  
5386.799999999999  0.02244  
5391.0  0.02715  
5395.2  0.0332  
5399.5  0.04111  
5403.7  0.05076  
5407.9  0.06193  
5412.1  0.07533  
5416.3  0.09134  
5420.599999999999  0.10974  
5424.8  0.13073  
5429.0  0.1552  
5433.200000000001  0.18421  
5437.4  0.21838  
5441.7  0.25804  
5445.900000000001  0.30377  
5450.1  0.35574  
5454.299999999999  0.41284  
5458.6  0.47369  
5462.799999999999  0.53644  
5467.0  0.59696  
5471.2  0.65023  
5475.5  0.69336  
5479.700000000001  0.72524  
5483.9  0.74542  
5488.099999999999  0.75431  
5492.4  0.75373  
5496.599999999999  0.74733  
5500.8  0.73866  
5505.1  0.73093  
5509.299999999999  0.72724  
5513.5  0.72854  
5517.799999999999  0.73311  
5522.0  0.73835  
5526.2  0.74359  
5530.4  0.74871  
5534.700000000001  0.75213  
5538.9  0.75356  
5543.099999999999  0.7548  
5547.4  0.75664  
5551.599999999999  0.75884  
5555.8  0.76274  
5560.1  0.76973  
5564.299999999999  0.77938  
5568.6  0.79148  
5572.799999999999  0.80566  
5577.0  0.82032  
5581.3  0.83487  
5585.5  0.84917  
5589.700000000001  0.86184  
5594.0  0.87213  
5598.200000000001  0.88072  
5602.5  0.88765  
5606.7  0.89207  
5610.900000000001  0.89351  
5615.2  0.8932  
5619.400000000001  0.89241  
5623.7  0.89109  
5627.9  0.88979  
5632.1  0.88886  
5636.4  0.88782  
5640.599999999999  0.88729  
5644.9  0.88787  
5649.099999999999  0.88949  
5653.400000000001  0.89167  
5657.6  0.89359  
5661.799999999999  0.89551  
5666.1  0.89775  
5670.299999999999  0.89999  
5674.6  0.90191  
5678.8  0.90357  
5683.099999999999  0.90567  
5687.3  0.90777  
5691.599999999999  0.9086  
5695.8  0.90885  
5700.1  0.90934  
5704.299999999999  0.90912  
5708.6  0.90806  
5712.799999999999  0.90716  
5717.1  0.90647  
5721.3  0.90517  
5725.599999999999  0.90308  
5729.8  0.90106  
5734.099999999999  0.89949  
5738.3  0.89771  
5742.6  0.89562  
5746.799999999999  0.89351  
5751.1  0.89106  
5755.299999999999  0.8885  
5759.6  0.88663  
5763.9  0.88531  
5768.099999999999  0.88369  
5772.4  0.88183  
5776.599999999999  0.88022  
5780.900000000001  0.87848  
5785.1  0.87678  
5789.400000000001  0.87597  
5793.6  0.8757  
5797.9  0.87555  
5802.200000000001  0.87572  
5806.4  0.87634  
5810.700000000001  0.87765  
5814.9  0.87995  
5819.2  0.88259  
5823.5  0.88521  
5827.7  0.8884  
5832.0  0.89201  
5836.2  0.89577  
5840.5  0.89948  
5844.8  0.90258  
5849.0  0.90527  
5853.3  0.9083  
5857.6  0.91092  
5861.799999999999  0.912  
5866.1  0.91227  
5870.4  0.91248  
5874.6  0.91195  
5878.9  0.91005  
5883.200000000001  0.9071  
5887.4  0.90347  
5891.7  0.89932  
5896.0  0.89473  
5900.2  0.88945  
5904.5  0.8834  
5908.8  0.87706  
5913.0  0.87072  
5917.3  0.86405  
5921.599999999999  0.85726  
5925.8  0.8518  
5930.1  0.84776  
5934.400000000001  0.84394  
5938.7  0.84081  
5942.9  0.83941  
5947.200000000001  0.8392  
5951.5  0.84008  
5955.700000000001  0.84268  
5960.0  0.84644  
5964.299999999999  0.85048  
5968.6  0.85479  
5972.799999999999  0.86014  
5977.1  0.86629  
5981.4  0.87174  
5985.700000000001  0.87663  
5990.0  0.88177  
5994.2  0.8862  
5998.5  0.88929  
6002.799999999999  0.8921  
6007.1  0.89482  
6011.3  0.89666  
6015.599999999999  0.89778  
6019.9  0.8987  
6024.2  0.89931  
6028.5  0.89943  
6032.7  0.89964  
6037.0  0.90019  
6041.3  0.90013  
6045.599999999999  0.89957  
6049.9  0.89899  
6054.099999999999  0.89792  
6058.400000000001  0.89692  
6062.7  0.89598  
6067.0  0.89431  
6071.3  0.89232  
6075.599999999999  0.89031  
6079.9  0.88846  
6084.099999999999  0.88707  
6088.400000000001  0.88629  
6092.7  0.88627  
6097.0  0.88665  
6101.3  0.88729  
6105.599999999999  0.88865  
6109.9  0.89073  
6114.099999999999  0.89307  
6118.400000000001  0.89561  
6122.7  0.89845  
6127.0  0.90146  
6131.3  0.90414  
6135.599999999999  0.90588  
6139.9  0.90706  
6144.2  0.90826  
6148.5  0.9087  
6152.799999999999  0.90802  
6157.1  0.90662  
6161.3  0.90481  
6165.599999999999  0.90328  
6169.9  0.90209  
6174.2  0.90041  
6178.5  0.89831  
6182.799999999999  0.89677  
6187.1  0.8962  
6191.4  0.8961  
6195.700000000001  0.89616  
6200.0  0.89651  
6204.299999999999  0.89769  
6208.6  0.90004  
6212.9  0.90239  
6217.200000000001  0.90371  
6221.5  0.90431  
6225.8  0.90525  
6230.1  0.90703  
6234.400000000001  0.90851  
6238.7  0.90901  
6243.0  0.90893  
6247.3  0.90837  
6251.599999999999  0.90798  
6255.900000000001  0.90811  
6260.2  0.9079  
6264.5  0.90734  
6268.8  0.90693  
6273.099999999999  0.90684  
6277.4  0.90702  
6281.7  0.90693  
6286.0  0.90665  
6290.299999999999  0.90715  
6294.6  0.90828  
6298.9  0.90913  
6303.200000000001  0.90947  
6307.5  0.90972  
6311.799999999999  0.91034  
6316.1  0.91098  
6320.4  0.91034  
6324.8  0.90873  
6329.099999999999  0.90753  
6333.400000000001  0.90632  
6337.7  0.90451  
6342.0  0.90181  
6346.3  0.89845  
6350.599999999999  0.89538  
6354.9  0.89228  
6359.2  0.88848  
6363.5  0.8845  
6367.9  0.88088  
6372.200000000001  0.87753  
6376.5  0.87411  
6380.8  0.87068  
6385.1  0.86827  
6389.400000000001  0.86707  
6393.7  0.86589  
6398.0  0.86468  
6402.4  0.86466  
6406.7  0.86573  
6411.0  0.86671  
6415.299999999999  0.86801  
6419.6  0.87057  
6423.9  0.87369  
6428.3  0.87669  
6432.6  0.88023  
6436.900000000001  0.88441  
6441.2  0.88782  
6445.5  0.88977  
6449.8  0.89187  
6454.2  0.89487  
6458.5  0.89704  
6462.799999999999  0.89797  
6467.1  0.89879  
6471.4  0.89927  
6475.8  0.89841  
6480.1  0.89668  
6484.400000000001  0.89478  
6488.7  0.89256  
6493.099999999999  0.88956  
6497.4  0.88567  
6501.7  0.88152  
6506.0  0.87768  
6510.299999999999  0.87378  
6514.700000000001  0.86921  
6519.0  0.86439  
6523.3  0.85971  
6527.6  0.8552  
6532.0  0.85094  
6536.3  0.84712  
6540.599999999999  0.84393  
6545.0  0.84102  
6549.299999999999  0.83844  
6553.6  0.83633  
6557.9  0.8348  
6562.3  0.83462  
6566.599999999999  0.83567  
6570.900000000001  0.83716  
6575.299999999999  0.83887  
6579.6  0.84186  
6583.9  0.84621  
6588.200000000001  0.85064  
6592.6  0.85511  
6596.900000000001  0.85999  
6601.2  0.86499  
6605.599999999999  0.87012  
6609.9  0.87562  
6614.2  0.88076  
6618.6  0.88462  
6622.9  0.88716  
6627.200000000001  0.88908  
6631.599999999999  0.89094  
6635.900000000001  0.89186  
6640.2  0.89126  
6644.6  0.88992  
6648.9  0.88843  
6653.3  0.88605  
6657.6  0.8827  
6661.900000000001  0.87942  
6666.3  0.87655  
6670.599999999999  0.87419  
6674.9  0.87204  
6679.299999999999  0.86983  
6683.6  0.86833  
6688.0  0.86783  
6692.3  0.86798  
6696.599999999999  0.86881  
6701.0  0.87029  
6705.299999999999  0.87251  
6709.700000000001  0.87547  
6714.0  0.87868  
6718.3  0.88188  
6722.7  0.8851  
6727.0  0.88868  
6731.4  0.89217  
6735.700000000001  0.89496  
6740.1  0.89777  
6744.400000000001  0.90048  
6748.7  0.90185  
6753.099999999999  0.90199  
6757.4  0.90228  
6761.799999999999  0.90244  
6766.1  0.9016  
6770.5  0.89967  
6774.8  0.89696  
6779.2  0.89419  
6783.5  0.89164  
6787.9  0.88907  
6792.200000000001  0.88617  
6796.599999999999  0.88291  
6800.900000000001  0.88001  
6805.299999999999  0.87798  
6809.6  0.87626  
6814.0  0.87508  
6818.3  0.87509  
6822.7  0.87542  
6827.0  0.87573  
6831.4  0.87691  
6835.700000000001  0.87885  
6840.1  0.88042  
6844.400000000001  0.88144  
6848.8  0.88238  
6853.099999999999  0.88324  
6857.5  0.8839  
6861.799999999999  0.88396  
6866.2  0.88342  
6870.5  0.88232  
6874.9  0.8798  
6879.299999999999  0.87581  
6883.6  0.87114  
6888.0  0.8651  
6892.3  0.85666  
6896.7  0.84622  
6901.0  0.83456  
6905.4  0.82079  
6909.8  0.80378  
6914.099999999999  0.78347  
6918.5  0.76008  
6922.799999999999  0.73388  
6927.200000000001  0.70447  
6931.599999999999  0.67127  
6935.900000000001  0.63486  
6940.299999999999  0.59605  
6944.6  0.55537  
6949.0  0.51338  
6953.400000000001  0.47059  
6957.7  0.42744  
6962.1  0.38456  
6966.4  0.34268  
6970.8  0.30221  
6975.2  0.2639  
6979.5  0.22844  
6983.9  0.19622  
6988.3  0.16708  
6992.6  0.14094  
6997.0  0.11791  
7001.4  0.09799  
7005.700000000001  0.08102  
7010.1  0.06672  
7014.5  0.05489  
7018.8  0.04501  
7023.200000000001  0.03682  
7027.6  0.03032  
7031.900000000001  0.02525  
7036.3  0.0212  
7040.700000000001  0.01799  
7045.0  0.01545  
7049.400000000001  0.01332  
7053.8  0.01155  
7058.099999999999  0.01021  
7062.5  0.00913  
7066.900000000001  0.00816  
7071.3  0.00731  
7075.599999999999  0.00658  
7080.0  0.00602  
7084.400000000001  0.00561  
7088.7  0.00523  
7093.099999999999  0.00485  
7097.5  0.00457  
7101.900000000001  0.00431  
7106.2  0.00404  
7110.599999999999  0.00381  
7115.0  0.00359  
7119.400000000001  0.00345  
7123.7  0.00334  
7128.099999999999  0.00326  
7132.5  0.00317  
7136.900000000001  0.00298  
7141.2  0.00284  
7145.599999999999  0.00286  
7150.0  0.00282  
7154.400000000001  0.00275  
7158.8  0.00273  
7163.099999999999  0.00273  
7167.5  0.00263  
7171.900000000001  0.00252  
7176.3  0.00255  
7180.700000000001  0.00263  
7185.0  0.00261  
7189.400000000001  0.00251  
7193.8  0.00257  
7198.200000000001  0.00273  
7202.6  0.00267  
7206.900000000001  0.0024  
7211.3  0.00225  
7215.700000000001  0.00236  
7220.1  0.00245  
7224.5  0.00237  
7228.9  0.00234  
7233.200000000001  0.00245  
7237.6  0.00244  
7242.0  0.00235  
7246.4  0.00228  
7250.8  0.00226  
7255.2  0.00225  
7259.5  0.00221  
7263.9  0.00225  
7268.3  0.00236  
7272.7  0.00239  
7277.1  0.00231  
7281.5  0.00217  
7285.900000000001  0.00208  
7290.299999999999  0.00228  
7294.700000000001  0.00257  
7299.0  0.00251  
7303.400000000001  0.00221  
7307.799999999999  0.0021  
7312.200000000001  0.00218  
7316.599999999999  0.00225  
7321.0  0.00226  
7325.4  0.00223  
7329.8  0.00213  
7334.2  0.00203  
7338.6  0.00202  
7342.9  0.00205  
7347.3  0.00201  
7351.7  0.00205  
7356.1  0.00218  
7360.5  0.00217  
7364.9  0.00201  
7369.299999999999  0.00195  
7373.7  0.00205  
7378.099999999999  0.00217  
7382.5  0.0022  
7386.900000000001  0.0021  
7391.3  0.00192  
7395.700000000001  0.00184  

