@MEASUREMENT_RADIUS 27.0 cm
#lambda:
#tr:
#end
5000.6  0.00598  
5004.8  0.0059  
5009.0  0.00591  
5013.1  0.00596  
5017.3  0.00599  
5021.5  0.00616  
5025.7  0.00614  
5029.8  0.00605  
5034.0  0.00599  
5038.2  0.0057  
5042.4  0.00558  
5046.6  0.00597  
5050.8  0.00616  
5054.9  0.0057  
5059.1  0.00523  
5063.3  0.00549  
5067.5  0.00598  
5071.7  0.00604  
5075.9  0.00591  
5080.1  0.0057  
5084.2  0.0057  
5088.4  0.00613  
5092.6  0.00633  
5096.8  0.00595  
5101.0  0.00547  
5105.2  0.00549  
5109.4  0.00579  
5113.6  0.00593  
5117.7  0.00592  
5121.900000000001  0.00579  
5126.1  0.00565  
5130.299999999999  0.00566  
5134.5  0.00572  
5138.7  0.00571  
5142.9  0.00588  
5147.1  0.00604  
5151.3  0.00587  
5155.5  0.00572  
5159.700000000001  0.00576  
5163.9  0.0057  
5168.099999999999  0.00567  
5172.3  0.00567  
5176.4  0.00556  
5180.599999999999  0.00553  
5184.8  0.00568  
5189.0  0.00578  
5193.200000000001  0.00578  
5197.4  0.0057  
5201.599999999999  0.0055  
5205.8  0.00544  
5210.0  0.00566  
5214.2  0.00596  
5218.400000000001  0.0058  
5222.6  0.00543  
5226.799999999999  0.00554  
5231.0  0.00584  
5235.2  0.00586  
5239.400000000001  0.00584  
5243.6  0.00582  
5247.799999999999  0.0057  
5252.0  0.00566  
5256.3  0.00568  
5260.5  0.0058  
5264.700000000001  0.00604  
5268.9  0.00598  
5273.099999999999  0.00578  
5277.3  0.00593  
5281.5  0.0062  
5285.700000000001  0.00626  
5289.9  0.00624  
5294.099999999999  0.00634  
5298.3  0.00647  
5302.5  0.00644  
5306.7  0.00631  
5310.900000000001  0.00643  
5315.2  0.00678  
5319.400000000001  0.00698  
5323.6  0.00716  
5327.799999999999  0.00731  
5332.0  0.00733  
5336.2  0.00748  
5340.4  0.00777  
5344.6  0.00801  
5348.9  0.00834  
5353.099999999999  0.00875  
5357.3  0.00924  
5361.5  0.00994  
5365.700000000001  0.01056  
5369.9  0.01118  
5374.099999999999  0.01218  
5378.400000000001  0.01355  
5382.6  0.01534  
5386.799999999999  0.01762  
5391.0  0.02039  
5395.2  0.02379  
5399.5  0.02788  
5403.7  0.03266  
5407.9  0.03857  
5412.1  0.04592  
5416.3  0.05454  
5420.599999999999  0.06488  
5424.8  0.0776  
5429.0  0.09313  
5433.200000000001  0.11209  
5437.4  0.13487  
5441.7  0.1616  
5445.900000000001  0.19224  
5450.1  0.2268  
5454.299999999999  0.26494  
5458.6  0.30629  
5462.799999999999  0.35054  
5467.0  0.39682  
5471.2  0.44428  
5475.5  0.49203  
5479.700000000001  0.5387  
5483.9  0.58284  
5488.099999999999  0.62325  
5492.4  0.65848  
5496.599999999999  0.68674  
5500.8  0.70714  
5505.1  0.72091  
5509.299999999999  0.72945  
5513.5  0.73295  
5517.799999999999  0.73224  
5522.0  0.72878  
5526.2  0.72463  
5530.4  0.72178  
5534.700000000001  0.72138  
5538.9  0.72309  
5543.099999999999  0.72634  
5547.4  0.73114  
5551.599999999999  0.73673  
5555.8  0.74233  
5560.1  0.74787  
5564.299999999999  0.75356  
5568.6  0.75987  
5572.799999999999  0.76687  
5577.0  0.77444  
5581.3  0.78283  
5585.5  0.79193  
5589.700000000001  0.80178  
5594.0  0.8125  
5598.200000000001  0.82393  
5602.5  0.83577  
5606.7  0.84721  
5610.900000000001  0.85757  
5615.2  0.86628  
5619.400000000001  0.87324  
5623.7  0.87922  
5627.9  0.88384  
5632.1  0.88619  
5636.4  0.88734  
5640.599999999999  0.88835  
5644.9  0.88885  
5649.099999999999  0.88875  
5653.400000000001  0.8882  
5657.6  0.88753  
5661.799999999999  0.88704  
5666.1  0.88652  
5670.299999999999  0.88641  
5674.6  0.88713  
5678.8  0.88819  
5683.099999999999  0.88954  
5687.3  0.89081  
5691.599999999999  0.89193  
5695.8  0.89311  
5700.1  0.89395  
5704.299999999999  0.89469  
5708.6  0.89561  
5712.799999999999  0.8964  
5717.1  0.89715  
5721.3  0.89791  
5725.599999999999  0.89783  
5729.8  0.89718  
5734.099999999999  0.89706  
5738.3  0.89692  
5742.6  0.89595  
5746.799999999999  0.89449  
5751.1  0.89286  
5755.299999999999  0.89104  
5759.6  0.88927  
5763.9  0.88758  
5768.099999999999  0.88545  
5772.4  0.88284  
5776.599999999999  0.88042  
5780.900000000001  0.87814  
5785.1  0.87555  
5789.400000000001  0.87327  
5793.6  0.87182  
5797.9  0.86997  
5802.200000000001  0.86722  
5806.4  0.86519  
5810.700000000001  0.86436  
5814.9  0.8638  
5819.2  0.86363  
5823.5  0.86425  
5827.7  0.86491  
5832.0  0.86563  
5836.2  0.86732  
5840.5  0.8699  
5844.8  0.87294  
5849.0  0.87586  
5853.3  0.87884  
5857.6  0.88235  
5861.799999999999  0.88551  
5866.1  0.88825  
5870.4  0.89127  
5874.6  0.89408  
5878.9  0.89551  
5883.200000000001  0.89591  
5887.4  0.89599  
5891.7  0.89605  
5896.0  0.8956  
5900.2  0.89349  
5904.5  0.88998  
5908.8  0.88632  
5913.0  0.88279  
5917.3  0.87859  
5921.599999999999  0.87356  
5925.8  0.86846  
5930.1  0.86345  
5934.400000000001  0.85871  
5938.7  0.85462  
5942.9  0.85059  
5947.200000000001  0.84665  
5951.5  0.84375  
5955.700000000001  0.84181  
5960.0  0.84002  
5964.299999999999  0.83888  
5968.6  0.83913  
5972.799999999999  0.84033  
5977.1  0.84211  
5981.4  0.84458  
5985.700000000001  0.84763  
5990.0  0.85093  
5994.2  0.85447  
5998.5  0.85836  
6002.799999999999  0.86213  
6007.1  0.86551  
6011.3  0.86921  
6015.599999999999  0.87296  
6019.9  0.87579  
6024.2  0.87782  
6028.5  0.87956  
6032.7  0.88131  
6037.0  0.88287  
6041.3  0.88374  
6045.599999999999  0.88467  
6049.9  0.88569  
6054.099999999999  0.8853  
6058.400000000001  0.88442  
6062.7  0.88411  
6067.0  0.88365  
6071.3  0.88321  
6075.599999999999  0.88295  
6079.9  0.88218  
6084.099999999999  0.88105  
6088.400000000001  0.88026  
6092.7  0.8797  
6097.0  0.87921  
6101.3  0.87901  
6105.599999999999  0.87909  
6109.9  0.87962  
6114.099999999999  0.88035  
6118.400000000001  0.88082  
6122.7  0.88149  
6127.0  0.88283  
6131.3  0.88461  
6135.599999999999  0.88628  
6139.9  0.88774  
6144.2  0.88962  
6148.5  0.89133  
6152.799999999999  0.89218  
6157.1  0.89294  
6161.3  0.8939  
6165.599999999999  0.89486  
6169.9  0.89589  
6174.2  0.8963  
6178.5  0.89596  
6182.799999999999  0.89549  
6187.1  0.89513  
6191.4  0.89463  
6195.700000000001  0.8942  
6200.0  0.89396  
6204.299999999999  0.89379  
6208.6  0.89384  
6212.9  0.89388  
6217.200000000001  0.89388  
6221.5  0.89392  
6225.8  0.89406  
6230.1  0.89453  
6234.400000000001  0.89519  
6238.7  0.89593  
6243.0  0.89662  
6247.3  0.89656  
6251.599999999999  0.89634  
6255.900000000001  0.89688  
6260.2  0.89738  
6264.5  0.89752  
6268.8  0.89758  
6273.099999999999  0.89755  
6277.4  0.89786  
6281.7  0.89818  
6286.0  0.8977  
6290.299999999999  0.89735  
6294.6  0.89737  
6298.9  0.89728  
6303.200000000001  0.89773  
6307.5  0.89839  
6311.799999999999  0.89836  
6316.1  0.89819  
6320.4  0.89812  
6324.8  0.89787  
6329.099999999999  0.89794  
6333.400000000001  0.89787  
6337.7  0.89682  
6342.0  0.89535  
6346.3  0.89406  
6350.599999999999  0.89257  
6354.9  0.89043  
6359.2  0.88811  
6363.5  0.8862  
6367.9  0.88395  
6372.200000000001  0.88081  
6376.5  0.8778  
6380.8  0.87526  
6385.1  0.87254  
6389.400000000001  0.86982  
6393.7  0.86736  
6398.0  0.86528  
6402.4  0.8638  
6406.7  0.86245  
6411.0  0.86111  
6415.299999999999  0.8603  
6419.6  0.86017  
6423.9  0.86059  
6428.3  0.86146  
6432.6  0.86298  
6436.900000000001  0.86511  
6441.2  0.86673  
6445.5  0.86814  
6449.8  0.87066  
6454.2  0.87314  
6458.5  0.87452  
6462.799999999999  0.87612  
6467.1  0.87828  
6471.4  0.87989  
6475.8  0.88061  
6480.1  0.88106  
6484.400000000001  0.88121  
6488.7  0.88075  
6493.099999999999  0.87997  
6497.4  0.87861  
6501.7  0.87661  
6506.0  0.87447  
6510.299999999999  0.87213  
6514.700000000001  0.8697  
6519.0  0.86712  
6523.3  0.86385  
6527.6  0.86025  
6532.0  0.85726  
6536.3  0.85476  
6540.599999999999  0.85187  
6545.0  0.84858  
6549.299999999999  0.8457  
6553.6  0.84343  
6557.9  0.84151  
6562.3  0.8395  
6566.599999999999  0.83755  
6570.900000000001  0.8366  
6575.299999999999  0.83658  
6579.6  0.83638  
6583.9  0.83603  
6588.200000000001  0.83674  
6592.6  0.8386  
6596.900000000001  0.84084  
6601.2  0.84302  
6605.599999999999  0.84542  
6609.9  0.84852  
6614.2  0.852  
6618.6  0.85545  
6622.9  0.85853  
6627.200000000001  0.86124  
6631.599999999999  0.86432  
6635.900000000001  0.86742  
6640.2  0.86953  
6644.6  0.871  
6648.9  0.87258  
6653.3  0.87394  
6657.6  0.87428  
6661.900000000001  0.87345  
6666.3  0.87197  
6670.599999999999  0.87072  
6674.9  0.86986  
6679.299999999999  0.8685  
6683.6  0.86663  
6688.0  0.86502  
6692.3  0.86362  
6696.599999999999  0.86253  
6701.0  0.86198  
6705.299999999999  0.86186  
6709.700000000001  0.86201  
6714.0  0.86256  
6718.3  0.86342  
6722.7  0.86455  
6727.0  0.86654  
6731.4  0.86919  
6735.700000000001  0.87132  
6740.1  0.8731  
6744.400000000001  0.87552  
6748.7  0.8785  
6753.099999999999  0.8808  
6757.4  0.88212  
6761.799999999999  0.88347  
6766.1  0.88513  
6770.5  0.88629  
6774.8  0.88655  
6779.2  0.88644  
6783.5  0.88618  
6787.9  0.88552  
6792.200000000001  0.88446  
6796.599999999999  0.88295  
6800.900000000001  0.88124  
6805.299999999999  0.87979  
6809.6  0.8784  
6814.0  0.8767  
6818.3  0.87473  
6822.7  0.87297  
6827.0  0.87168  
6831.4  0.87078  
6835.700000000001  0.87002  
6840.1  0.86927  
6844.400000000001  0.86841  
6848.8  0.86733  
6853.099999999999  0.86652  
6857.5  0.86642  
6861.799999999999  0.8663  
6866.2  0.8656  
6870.5  0.86462  
6874.9  0.86335  
6879.299999999999  0.86134  
6883.6  0.85832  
6888.0  0.85437  
6892.3  0.84933  
6896.7  0.84286  
6901.0  0.83515  
6905.4  0.82604  
6909.8  0.81512  
6914.099999999999  0.80198  
6918.5  0.78671  
6922.799999999999  0.76985  
6927.200000000001  0.75101  
6931.599999999999  0.72928  
6935.900000000001  0.7049  
6940.299999999999  0.67865  
6944.6  0.65065  
6949.0  0.62095  
6953.400000000001  0.5896  
6957.7  0.55681  
6962.1  0.52289  
6966.4  0.48823  
6970.8  0.45301  
6975.2  0.41736  
6979.5  0.38204  
6983.9  0.34776  
6988.3  0.31438  
6992.6  0.28192  
6997.0  0.25063  
7001.4  0.22086  
7005.700000000001  0.19337  
7010.1  0.16807  
7014.5  0.14483  
7018.8  0.12395  
7023.200000000001  0.10531  
7027.6  0.08889  
7031.900000000001  0.07479  
7036.3  0.06272  
7040.700000000001  0.05226  
7045.0  0.0433  
7049.400000000001  0.03588  
7053.8  0.02983  
7058.099999999999  0.02492  
7062.5  0.02099  
7066.900000000001  0.01778  
7071.3  0.01516  
7075.599999999999  0.01305  
7080.0  0.01127  
7084.400000000001  0.00983  
7088.7  0.00874  
7093.099999999999  0.00787  
7097.5  0.00711  
7101.900000000001  0.00643  
7106.2  0.00591  
7110.599999999999  0.00549  
7115.0  0.00502  
7119.400000000001  0.0046  
7123.7  0.0043  
7128.099999999999  0.00408  
7132.5  0.00393  
7136.900000000001  0.00379  
7141.2  0.00365  
7145.599999999999  0.00349  
7150.0  0.00329  
7154.400000000001  0.00311  
7158.8  0.00304  
7163.099999999999  0.00306  
7167.5  0.00302  
7171.900000000001  0.0029  
7176.3  0.00281  
7180.700000000001  0.00277  
7185.0  0.00276  
7189.400000000001  0.00277  
7193.8  0.00278  
7198.200000000001  0.00269  
7202.6  0.00253  
7206.900000000001  0.00243  
7211.3  0.00245  
7215.700000000001  0.0026  
7220.1  0.00267  
7224.5  0.00255  
7228.9  0.00242  
7233.200000000001  0.00244  
7237.6  0.00255  
7242.0  0.00258  
7246.4  0.00242  
7250.8  0.00225  
7255.2  0.00226  
7259.5  0.00246  
7263.9  0.00253  
7268.3  0.00225  
7272.7  0.00206  
7277.1  0.00215  
7281.5  0.00225  
7285.900000000001  0.00229  
7290.299999999999  0.00234  
7294.700000000001  0.00235  
7299.0  0.00227  
7303.400000000001  0.0022  
7307.799999999999  0.00213  
7312.200000000001  0.00206  
7316.599999999999  0.00213  
7321.0  0.00225  
7325.4  0.00229  
7329.8  0.00225  
7334.2  0.00217  
7338.6  0.00213  
7342.9  0.00211  
7347.3  0.00212  
7351.7  0.00214  
7356.1  0.00212  
7360.5  0.002  
7364.9  0.00192  
7369.299999999999  0.00205  
7373.7  0.00219  
7378.099999999999  0.00219  
7382.5  0.00204  
7386.900000000001  0.00193  
7391.3  0.00196  
7395.700000000001  0.00203  

