@MEASUREMENT_RADIUS 28.0 cm
#lambda:
#tr:
#end
5000.6  0.00555  
5004.8  0.00551  
5009.0  0.00524  
5013.1  0.00531  
5017.3  0.00558  
5021.5  0.00534  
5025.7  0.00494  
5029.8  0.00515  
5034.0  0.00551  
5038.2  0.00542  
5042.4  0.00522  
5046.6  0.00528  
5050.8  0.00548  
5054.9  0.00549  
5059.1  0.00522  
5063.3  0.00511  
5067.5  0.00524  
5071.7  0.0052  
5075.9  0.00512  
5080.1  0.00519  
5084.2  0.00536  
5088.4  0.0055  
5092.6  0.00538  
5096.8  0.00521  
5101.0  0.00523  
5105.2  0.00515  
5109.4  0.00499  
5113.6  0.00512  
5117.7  0.00531  
5121.900000000001  0.00525  
5126.1  0.00524  
5130.299999999999  0.00529  
5134.5  0.00533  
5138.7  0.00544  
5142.9  0.00534  
5147.1  0.00509  
5151.3  0.00515  
5155.5  0.00527  
5159.700000000001  0.00518  
5163.9  0.00502  
5168.099999999999  0.00499  
5172.3  0.00518  
5176.4  0.00515  
5180.599999999999  0.00485  
5184.8  0.00491  
5189.0  0.00518  
5193.200000000001  0.00513  
5197.4  0.00505  
5201.599999999999  0.00519  
5205.8  0.00536  
5210.0  0.00537  
5214.2  0.00516  
5218.400000000001  0.00506  
5222.6  0.00527  
5226.799999999999  0.00529  
5231.0  0.00513  
5235.2  0.00529  
5239.400000000001  0.00535  
5243.6  0.00507  
5247.799999999999  0.00504  
5252.0  0.00535  
5256.3  0.00548  
5260.5  0.00526  
5264.700000000001  0.00509  
5268.9  0.00525  
5273.099999999999  0.00535  
5277.3  0.00534  
5281.5  0.00545  
5285.700000000001  0.00532  
5289.9  0.00512  
5294.099999999999  0.0053  
5298.3  0.00554  
5302.5  0.0056  
5306.7  0.00572  
5310.900000000001  0.00576  
5315.2  0.00568  
5319.400000000001  0.00585  
5323.6  0.00615  
5327.799999999999  0.0061  
5332.0  0.00588  
5336.2  0.006  
5340.4  0.00646  
5344.6  0.00671  
5348.9  0.00662  
5353.099999999999  0.00671  
5357.3  0.00705  
5361.5  0.00735  
5365.700000000001  0.00767  
5369.9  0.00828  
5374.099999999999  0.00902  
5378.400000000001  0.00952  
5382.6  0.0099  
5386.799999999999  0.01059  
5391.0  0.01179  
5395.2  0.01305  
5399.5  0.01421  
5403.7  0.01586  
5407.9  0.01818  
5412.1  0.02095  
5416.3  0.024  
5420.599999999999  0.0276  
5424.8  0.03246  
5429.0  0.03903  
5433.200000000001  0.04723  
5437.4  0.05746  
5441.7  0.07035  
5445.900000000001  0.08631  
5450.1  0.1057  
5454.299999999999  0.12859  
5458.6  0.15542  
5462.799999999999  0.18671  
5467.0  0.2219  
5471.2  0.26027  
5475.5  0.30213  
5479.700000000001  0.34745  
5483.9  0.39473  
5488.099999999999  0.4423  
5492.4  0.48914  
5496.599999999999  0.53339  
5500.8  0.57215  
5505.1  0.6041  
5509.299999999999  0.62916  
5513.5  0.64788  
5517.799999999999  0.66074  
5522.0  0.66736  
5526.2  0.66874  
5530.4  0.66661  
5534.700000000001  0.66231  
5538.9  0.65693  
5543.099999999999  0.65186  
5547.4  0.64911  
5551.599999999999  0.64889  
5555.8  0.65013  
5560.1  0.65262  
5564.299999999999  0.65611  
5568.6  0.66005  
5572.799999999999  0.66382  
5577.0  0.66726  
5581.3  0.67109  
5585.5  0.67585  
5589.700000000001  0.68123  
5594.0  0.68745  
5598.200000000001  0.69558  
5602.5  0.70546  
5606.7  0.7164  
5610.900000000001  0.72821  
5615.2  0.74038  
5619.400000000001  0.75207  
5623.7  0.76316  
5627.9  0.77364  
5632.1  0.78263  
5636.4  0.78988  
5640.599999999999  0.79561  
5644.9  0.79931  
5649.099999999999  0.80118  
5653.400000000001  0.80232  
5657.6  0.8025  
5661.799999999999  0.80157  
5666.1  0.80054  
5670.299999999999  0.8  
5674.6  0.79922  
5678.8  0.79808  
5683.099999999999  0.79806  
5687.3  0.79875  
5691.599999999999  0.79909  
5695.8  0.79976  
5700.1  0.80104  
5704.299999999999  0.80222  
5708.6  0.80352  
5712.799999999999  0.8055  
5717.1  0.80731  
5721.3  0.80825  
5725.599999999999  0.80903  
5729.8  0.81033  
5734.099999999999  0.81168  
5738.3  0.81252  
5742.6  0.81268  
5746.799999999999  0.81262  
5751.1  0.81243  
5755.299999999999  0.81155  
5759.6  0.81069  
5763.9  0.81032  
5768.099999999999  0.80934  
5772.4  0.80755  
5776.599999999999  0.80558  
5780.900000000001  0.80329  
5785.1  0.80059  
5789.400000000001  0.79803  
5793.6  0.79569  
5797.9  0.79313  
5802.200000000001  0.79003  
5806.4  0.78658  
5810.700000000001  0.78345  
5814.9  0.78104  
5819.2  0.77905  
5823.5  0.77725  
5827.7  0.77599  
5832.0  0.77484  
5836.2  0.77319  
5840.5  0.77212  
5844.8  0.7729  
5849.0  0.77491  
5853.3  0.77707  
5857.6  0.77919  
5861.799999999999  0.7816  
5866.1  0.7848  
5870.4  0.78821  
5874.6  0.79163  
5878.9  0.79542  
5883.200000000001  0.79889  
5887.4  0.80195  
5891.7  0.80503  
5896.0  0.8078  
5900.2  0.8098  
5904.5  0.8106  
5908.8  0.81049  
5913.0  0.80979  
5917.3  0.80837  
5921.599999999999  0.80659  
5925.8  0.80449  
5930.1  0.80154  
5934.400000000001  0.79753  
5938.7  0.7932  
5942.9  0.78915  
5947.200000000001  0.78454  
5951.5  0.7795  
5955.700000000001  0.77514  
5960.0  0.77109  
5964.299999999999  0.76737  
5968.6  0.76419  
5972.799999999999  0.76131  
5977.1  0.75953  
5981.4  0.75905  
5985.700000000001  0.75855  
5990.0  0.75812  
5994.2  0.7593  
5998.5  0.76167  
6002.799999999999  0.76395  
6007.1  0.76643  
6011.3  0.76966  
6015.599999999999  0.77309  
6019.9  0.77614  
6024.2  0.77902  
6028.5  0.78173  
6032.7  0.78443  
6037.0  0.78714  
6041.3  0.78889  
6045.599999999999  0.78992  
6049.9  0.79123  
6054.099999999999  0.79283  
6058.400000000001  0.79397  
6062.7  0.79418  
6067.0  0.79424  
6071.3  0.79454  
6075.599999999999  0.79459  
6079.9  0.79483  
6084.099999999999  0.79525  
6088.400000000001  0.79491  
6092.7  0.79429  
6097.0  0.79418  
6101.3  0.79423  
6105.599999999999  0.79411  
6109.9  0.79413  
6114.099999999999  0.79391  
6118.400000000001  0.79339  
6122.7  0.79319  
6127.0  0.79356  
6131.3  0.79462  
6135.599999999999  0.79582  
6139.9  0.7963  
6144.2  0.79691  
6148.5  0.79859  
6152.799999999999  0.8006  
6157.1  0.80211  
6161.3  0.80335  
6165.599999999999  0.80482  
6169.9  0.80673  
6174.2  0.80847  
6178.5  0.80953  
6182.799999999999  0.81031  
6187.1  0.81104  
6191.4  0.81131  
6195.700000000001  0.81126  
6200.0  0.81129  
6204.299999999999  0.81138  
6208.6  0.81126  
6212.9  0.81041  
6217.200000000001  0.80902  
6221.5  0.80799  
6225.8  0.80766  
6230.1  0.80765  
6234.400000000001  0.80745  
6238.7  0.80696  
6243.0  0.80665  
6247.3  0.80682  
6251.599999999999  0.80712  
6255.900000000001  0.80699  
6260.2  0.8069  
6264.5  0.80781  
6268.8  0.80874  
6273.099999999999  0.80886  
6277.4  0.8089  
6281.7  0.80925  
6286.0  0.80963  
6290.299999999999  0.80999  
6294.6  0.8102  
6298.9  0.81014  
6303.200000000001  0.81034  
6307.5  0.81105  
6311.799999999999  0.81159  
6316.1  0.81143  
6320.4  0.81084  
6324.8  0.81076  
6329.099999999999  0.8115  
6333.400000000001  0.81189  
6337.7  0.81166  
6342.0  0.81159  
6346.3  0.81175  
6350.599999999999  0.81179  
6354.9  0.81104  
6359.2  0.80954  
6363.5  0.80821  
6367.9  0.80711  
6372.200000000001  0.80557  
6376.5  0.80385  
6380.8  0.80223  
6385.1  0.80009  
6389.400000000001  0.79749  
6393.7  0.79482  
6398.0  0.79229  
6402.4  0.78987  
6406.7  0.78757  
6411.0  0.78576  
6415.299999999999  0.78412  
6419.6  0.78214  
6423.9  0.78014  
6428.3  0.77856  
6432.6  0.7779  
6436.900000000001  0.77837  
6441.2  0.77867  
6445.5  0.77854  
6449.8  0.7791  
6454.2  0.78027  
6458.5  0.78161  
6462.799999999999  0.78307  
6467.1  0.78461  
6471.4  0.7861  
6475.8  0.78753  
6480.1  0.78928  
6484.400000000001  0.79083  
6488.7  0.79172  
6493.099999999999  0.79239  
6497.4  0.79308  
6501.7  0.7937  
6506.0  0.79362  
6510.299999999999  0.79262  
6514.700000000001  0.79153  
6519.0  0.79078  
6523.3  0.78959  
6527.6  0.78764  
6532.0  0.78576  
6536.3  0.78408  
6540.599999999999  0.78209  
6545.0  0.77986  
6549.299999999999  0.77737  
6553.6  0.77469  
6557.9  0.77211  
6562.3  0.76978  
6566.599999999999  0.76758  
6570.900000000001  0.76541  
6575.299999999999  0.76342  
6579.6  0.76161  
6583.9  0.75972  
6588.200000000001  0.75803  
6592.6  0.75684  
6596.900000000001  0.75614  
6601.2  0.75617  
6605.599999999999  0.75682  
6609.9  0.75786  
6614.2  0.75925  
6618.6  0.76074  
6622.9  0.76228  
6627.200000000001  0.76444  
6631.599999999999  0.76762  
6635.900000000001  0.77106  
6640.2  0.77387  
6644.6  0.77632  
6648.9  0.77931  
6653.3  0.78241  
6657.6  0.78449  
6661.900000000001  0.78589  
6666.3  0.78718  
6670.599999999999  0.78787  
6674.9  0.78838  
6679.299999999999  0.78891  
6683.6  0.78816  
6688.0  0.78627  
6692.3  0.78491  
6696.599999999999  0.7842  
6701.0  0.78285  
6705.299999999999  0.78069  
6709.700000000001  0.77884  
6714.0  0.77773  
6718.3  0.77687  
6722.7  0.77614  
6727.0  0.77583  
6731.4  0.77627  
6735.700000000001  0.77713  
6740.1  0.77815  
6744.400000000001  0.77977  
6748.7  0.78158  
6753.099999999999  0.78298  
6757.4  0.78468  
6761.799999999999  0.78716  
6766.1  0.78995  
6770.5  0.79227  
6774.8  0.79391  
6779.2  0.79557  
6783.5  0.7973  
6787.9  0.79837  
6792.200000000001  0.79902  
6796.599999999999  0.79926  
6800.900000000001  0.79881  
6805.299999999999  0.79831  
6809.6  0.79788  
6814.0  0.79718  
6818.3  0.79595  
6822.7  0.79411  
6827.0  0.79231  
6831.4  0.7907  
6835.700000000001  0.78887  
6840.1  0.7873  
6844.400000000001  0.7861  
6848.8  0.78457  
6853.099999999999  0.78242  
6857.5  0.78052  
6861.799999999999  0.77949  
6866.2  0.77884  
6870.5  0.77821  
6874.9  0.77733  
6879.299999999999  0.77613  
6883.6  0.77485  
6888.0  0.77334  
6892.3  0.7713  
6896.7  0.76897  
6901.0  0.76631  
6905.4  0.76289  
6909.8  0.7587  
6914.099999999999  0.75347  
6918.5  0.747  
6922.799999999999  0.73927  
6927.200000000001  0.73033  
6931.599999999999  0.72026  
6935.900000000001  0.70837  
6940.299999999999  0.69431  
6944.6  0.67874  
6949.0  0.66154  
6953.400000000001  0.64248  
6957.7  0.62168  
6962.1  0.59858  
6966.4  0.57332  
6970.8  0.54681  
6975.2  0.5195  
6979.5  0.49141  
6983.9  0.46264  
6988.3  0.43318  
6992.6  0.40327  
6997.0  0.37339  
7001.4  0.34349  
7005.700000000001  0.31355  
7010.1  0.28417  
7014.5  0.25568  
7018.8  0.22821  
7023.200000000001  0.20213  
7027.6  0.17768  
7031.900000000001  0.15489  
7036.3  0.13388  
7040.700000000001  0.11494  
7045.0  0.09812  
7049.400000000001  0.08319  
7053.8  0.07004  
7058.099999999999  0.05857  
7062.5  0.04874  
7066.900000000001  0.04053  
7071.3  0.03366  
7075.599999999999  0.02794  
7080.0  0.0233  
7084.400000000001  0.01964  
7088.7  0.01673  
7093.099999999999  0.0143  
7097.5  0.01223  
7101.900000000001  0.01054  
7106.2  0.00932  
7110.599999999999  0.00828  
7115.0  0.00727  
7119.400000000001  0.00654  
7123.7  0.0061  
7128.099999999999  0.00561  
7132.5  0.00509  
7136.900000000001  0.00471  
7141.2  0.00437  
7145.599999999999  0.00412  
7150.0  0.00398  
7154.400000000001  0.00375  
7158.8  0.00343  
7163.099999999999  0.00324  
7167.5  0.0032  
7171.900000000001  0.00319  
7176.3  0.00309  
7180.700000000001  0.00292  
7185.0  0.00287  
7189.400000000001  0.00283  
7193.8  0.00266  
7198.200000000001  0.00255  
7202.6  0.00258  
7206.900000000001  0.00268  
7211.3  0.00269  
7215.700000000001  0.00253  
7220.1  0.00238  
7224.5  0.00235  
7228.9  0.00241  
7233.200000000001  0.0025  
7237.6  0.00247  
7242.0  0.00236  
7246.4  0.00227  
7250.8  0.00228  
7255.2  0.00235  
7259.5  0.00235  
7263.9  0.00228  
7268.3  0.00222  
7272.7  0.00214  
7277.1  0.00211  
7281.5  0.00223  
7285.900000000001  0.00235  
7290.299999999999  0.00223  
7294.700000000001  0.00197  
7299.0  0.00195  
7303.400000000001  0.00216  
7307.799999999999  0.00226  
7312.200000000001  0.00215  
7316.599999999999  0.00201  
7321.0  0.00193  
7325.4  0.00202  
7329.8  0.00218  
7334.2  0.00211  
7338.6  0.00191  
7342.9  0.00191  
7347.3  0.00203  
7351.7  0.00206  
7356.1  0.00206  
7360.5  0.00206  
7364.9  0.00201  
7369.299999999999  0.00189  
7373.7  0.00188  
7378.099999999999  0.00194  
7382.5  0.00189  
7386.900000000001  0.00178  
7391.3  0.00185  
7395.700000000001  0.00196  

