@MEASUREMENT_RADIUS 0.0 cm
#lambda:
#tr:
#end
9000.599999999999  0.00165  
9005.1  0.00159  
9009.6  0.00172  
9014.1  0.00194  
9018.6  0.00221  
9023.099999999999  0.00247  
9027.6  0.00262  
9032.1  0.00262  
9036.6  0.00252  
9041.1  0.00229  
9045.599999999999  0.00207  
9050.1  0.00216  
9054.6  0.00248  
9059.1  0.00271  
9063.6  0.00285  
9068.099999999999  0.00315  
9072.6  0.00349  
9077.1  0.00358  
9081.6  0.00345  
9086.1  0.00337  
9090.599999999999  0.00352  
9095.2  0.00375  
9099.7  0.00389  
9104.199999999999  0.00392  
9108.7  0.00392  
9113.2  0.00406  
9117.7  0.00429  
9122.2  0.0045  
9126.699999999999  0.00466  
9131.2  0.00479  
9135.7  0.00514  
9140.2  0.00571  
9144.7  0.00618  
9149.199999999999  0.0067  
9153.7  0.00766  
9158.2  0.00888  
9162.7  0.00985  
9167.2  0.01067  
9171.699999999999  0.01166  
9176.2  0.01292  
9180.7  0.01442  
9185.3  0.01627  
9189.8  0.01852  
9194.3  0.02113  
9198.8  0.02401  
9203.300000000001  0.02727  
9207.8  0.03096  
9212.3  0.03505  
9216.8  0.03961  
9221.3  0.04462  
9225.800000000001  0.05023  
9230.3  0.05661  
9234.8  0.06368  
9239.400000000001  0.07134  
9243.9  0.0796  
9248.4  0.0885  
9252.9  0.09817  
9257.4  0.10877  
9261.900000000001  0.12032  
9266.4  0.13274  
9270.9  0.14595  
9275.4  0.15995  
9279.9  0.17487  
9284.5  0.19083  
9289.0  0.20783  
9293.5  0.22589  
9298.0  0.24508  
9302.5  0.26522  
9307.0  0.28619  
9311.5  0.3082  
9316.0  0.33149  
9320.599999999999  0.35602  
9325.1  0.38192  
9329.6  0.40929  
9334.1  0.43781  
9338.6  0.46721  
9343.099999999999  0.49779  
9347.6  0.5296  
9352.2  0.56226  
9356.699999999999  0.59572  
9361.2  0.62981  
9365.7  0.66393  
9370.2  0.69772  
9374.7  0.73118  
9379.199999999999  0.76372  
9383.8  0.79471  
9388.300000000001  0.82404  
9392.8  0.85105  
9397.3  0.87521  
9401.8  0.89707  
9406.3  0.91654  
9410.9  0.93297  
9415.4  0.94608  
9419.9  0.95639  
9424.400000000001  0.96465  
9428.9  0.97085  
9433.4  0.9749  
9438.0  0.97688  
9442.5  0.97768  
9447.0  0.97851  
9451.5  0.97905  
9456.0  0.97844  
9460.599999999999  0.97709  
9465.1  0.97547  
9469.6  0.97401  
9474.1  0.97346  
9478.6  0.97386  
9483.099999999999  0.97454  
9487.7  0.97504  
9492.2  0.97568  
9496.699999999999  0.97632  
9501.2  0.97609  
9505.800000000001  0.97484  
9510.3  0.9731  
9514.8  0.97152  
9519.3  0.97006  
9523.8  0.96833  
9528.4  0.96664  
9532.9  0.96525  
9537.4  0.96371  
9541.900000000001  0.96234  
9546.4  0.96177  
9551.0  0.96126  
9555.5  0.95984  
9560.0  0.958  
9564.5  0.95675  
9569.1  0.95614  
9573.6  0.95594  
9578.099999999999  0.95625  
9582.6  0.95647  
9587.2  0.95627  
9591.699999999999  0.95597  
9596.2  0.95594  
9600.7  0.95642  
9605.2  0.95725  
9609.8  0.95805  
9614.3  0.95855  
9618.8  0.95898  
9623.300000000001  0.96013  
9627.9  0.96177  
9632.4  0.96304  
9636.900000000001  0.96401  
9641.5  0.96512  
9646.0  0.96632  
9650.5  0.96702  
9655.0  0.9668  
9659.6  0.96614  
9664.1  0.96607  
9668.6  0.9665  
9673.099999999999  0.96651  
9677.7  0.96613  
9682.2  0.96585  
9686.699999999999  0.96589  
9691.2  0.96575  
9695.800000000001  0.96508  
9700.3  0.96439  
9704.8  0.96433  
9709.400000000001  0.96519  
9713.9  0.96613  
9718.4  0.96605  
9722.9  0.96492  
9727.5  0.96367  
9732.0  0.96321  
9736.5  0.96358  
9741.1  0.96404  
9745.599999999999  0.96432  
9750.1  0.96406  
9754.7  0.96304  
9759.199999999999  0.96199  
9763.7  0.96137  
9768.2  0.96159  
9772.8  0.96263  
9777.3  0.96355  
9781.8  0.964  
9786.4  0.9639  
9790.9  0.96318  
9795.4  0.96245  
9800.0  0.96202  
9804.5  0.96155  
9809.0  0.96067  
9813.6  0.95925  
9818.099999999999  0.95803  
9822.6  0.95757  
9827.1  0.95758  
9831.699999999999  0.95782  
9836.2  0.95805  
9840.7  0.95792  
9845.3  0.95755  
9849.8  0.95738  
9854.3  0.9574  
9858.9  0.9574  
9863.4  0.9577  
9867.9  0.95853  
9872.5  0.95971  
9877.0  0.96122  
9881.5  0.96249  
9886.1  0.96274  
9890.599999999999  0.96252  
9895.2  0.96255  
9899.7  0.96333  
9904.199999999999  0.96491  
9908.8  0.96621  
9913.300000000001  0.96664  
9917.8  0.96637  
9922.4  0.96602  
9926.900000000001  0.96605  
9931.4  0.96652  
9936.0  0.96718  
9940.5  0.96816  
9945.0  0.96908  
9949.6  0.96895  
9954.1  0.96809  
9958.6  0.96729  
9963.2  0.96659  
9967.7  0.96585  
9972.3  0.9656  
9976.8  0.96605  
9981.3  0.96614  
9985.9  0.96537  
9990.4  0.9642  
9994.9  0.9629  
9999.5  0.96192  
10004.0  0.96177  
10008.6  0.96189  
10013.099999999999  0.96119  
10017.6  0.95969  
10022.2  0.95823  
10026.699999999999  0.95741  
10031.3  0.95698  
10035.800000000001  0.95655  
10040.3  0.95626  
10044.9  0.95651  
10049.400000000001  0.95725  
10053.9  0.95788  
10058.5  0.95811  
10063.0  0.95797  
10067.6  0.95788  
10072.1  0.95821  
10076.6  0.95893  
10081.2  0.95944  
10085.7  0.95934  
10090.3  0.95916  
10094.8  0.95964  
10099.3  0.96057  
10103.9  0.96164  
10108.4  0.96306  
10113.0  0.96458  
10117.5  0.96524  
10122.0  0.96464  
10126.6  0.9636  
10131.1  0.9633  
10135.7  0.96435  
10140.2  0.96515  
10144.8  0.96489  
10149.3  0.96496  
10153.8  0.96628  
10158.4  0.96743  
10162.9  0.96694  
10167.5  0.96549  
10172.0  0.96484  
10176.5  0.96467  
10181.1  0.96372  
10185.599999999999  0.96251  
10190.2  0.96217  
10194.7  0.96325  
10199.3  0.96497  
10203.8  0.96564  
10208.300000000001  0.96512  
10212.9  0.96415  
10217.4  0.96343  
10222.0  0.96308  
10226.5  0.96264  
10231.1  0.9621  
10235.599999999999  0.96185  
10240.2  0.96201  
10244.7  0.96218  
10249.2  0.9619  
10253.800000000001  0.96101  
10258.3  0.96029  
10262.9  0.96006  
10267.4  0.96004  
10272.0  0.96034  
10276.5  0.96073  
10281.099999999999  0.96018  
10285.599999999999  0.959  
10290.1  0.95834  
10294.7  0.95816  
10299.2  0.95779  
10303.800000000001  0.95835  
10308.3  0.96073  
10312.9  0.96266  
10317.4  0.9619  
10322.0  0.95984  
10326.5  0.95886  
10331.099999999999  0.95894  
10335.599999999999  0.95884  
10340.1  0.95898  
10344.7  0.96038  
10349.2  0.96192  
10353.800000000001  0.96203  
10358.3  0.96114  
10362.9  0.96077  
10367.4  0.96138  
10372.0  0.96203  
10376.5  0.96198  
10381.099999999999  0.96149  
10385.599999999999  0.96145  
10390.2  0.96104  
10394.7  0.95955  
10399.300000000001  0.95801  
10403.800000000001  0.95764  
10408.4  0.95869  
10412.9  0.96054  
10417.4  0.96134  
10422.0  0.96091  
10426.5  0.96039  
10431.099999999999  0.95925  
10435.599999999999  0.95714  
10440.2  0.95581  
10444.7  0.95554  
10449.300000000001  0.95529  
10453.800000000001  0.95488  
10458.4  0.95461  
10462.9  0.95446  
10467.5  0.95413  
10472.0  0.95399  
10476.6  0.95317  
10481.099999999999  0.95102  
10485.699999999999  0.94928  
10490.2  0.9492  
10494.8  0.9492  
10499.300000000001  0.9485  
10503.900000000001  0.94801  
10508.4  0.9482  
10513.0  0.9478  
10517.5  0.94627  
10522.1  0.94349  
10526.6  0.94084  
10531.199999999999  0.94014  
10535.699999999999  0.94067  
10540.3  0.94064  
10544.8  0.93968  
10549.400000000001  0.93736  
10553.900000000001  0.9344  
10558.5  0.93195  
10563.0  0.93026  
10567.6  0.92895  
10572.1  0.927  
10576.7  0.92416  
10581.199999999999  0.92122  
10585.8  0.91851  
10590.3  0.91501  
10594.9  0.91034  
10599.400000000001  0.90461  
10604.0  0.89853  
10608.5  0.89449  
10613.099999999999  0.89171  
10617.6  0.88876  
10622.2  0.88544  
10626.7  0.88106  
10631.300000000001  0.87524  
10635.8  0.86767  
10640.4  0.85803  
10644.9  0.84676  
10649.5  0.83383  
10654.0  0.82098  
10658.599999999999  0.80931  
10663.099999999999  0.79832  
10667.7  0.78826  
10672.3  0.7772  
10676.800000000001  0.7638  
10681.400000000001  0.7502  
10685.9  0.73753  
10690.5  0.72314  
10695.0  0.70519  
10699.6  0.68525  
10704.1  0.66554  
10708.699999999999  0.64731  
10713.199999999999  0.6309  
10717.8  0.61486  
10722.3  0.59832  
10726.900000000001  0.58134  
10731.400000000001  0.56327  
10736.0  0.54478  
10740.5  0.52692  
10745.1  0.50895  
10749.6  0.49117  
10754.2  0.4737  
10758.800000000001  0.45552  
10763.3  0.43805  
10767.9  0.42294  
10772.4  0.40872  
10777.0  0.39331  
10781.5  0.37631  
10786.099999999999  0.35609  

