@MEASUREMENT_RADIUS 1.0 cm
#lambda:
#tr:
#end
9000.599999999999  0.00205  
9005.1  0.00212  
9009.6  0.00214  
9014.1  0.00212  
9018.6  0.00215  
9023.099999999999  0.00228  
9027.6  0.00242  
9032.1  0.00245  
9036.6  0.00244  
9041.1  0.00258  
9045.599999999999  0.00281  
9050.1  0.00285  
9054.6  0.00268  
9059.1  0.00262  
9063.6  0.00275  
9068.099999999999  0.00291  
9072.6  0.00303  
9077.1  0.00313  
9081.6  0.00327  
9086.1  0.00336  
9090.599999999999  0.00342  
9095.2  0.00354  
9099.7  0.00384  
9104.199999999999  0.00422  
9108.7  0.00447  
9113.2  0.0046  
9117.7  0.00471  
9122.2  0.00484  
9126.699999999999  0.00509  
9131.2  0.00555  
9135.7  0.0061  
9140.2  0.00655  
9144.7  0.00694  
9149.199999999999  0.00747  
9153.7  0.00822  
9158.2  0.00909  
9162.7  0.00991  
9167.2  0.0107  
9171.699999999999  0.0117  
9176.2  0.01308  
9180.7  0.01471  
9185.3  0.01653  
9189.8  0.01866  
9194.3  0.02122  
9198.8  0.0242  
9203.300000000001  0.02755  
9207.8  0.03119  
9212.3  0.03502  
9216.8  0.03924  
9221.3  0.04413  
9225.800000000001  0.04985  
9230.3  0.05642  
9234.8  0.06369  
9239.400000000001  0.07144  
9243.9  0.07956  
9248.4  0.08829  
9252.9  0.09794  
9257.4  0.10878  
9261.900000000001  0.12068  
9266.4  0.13313  
9270.9  0.14594  
9275.4  0.15959  
9279.9  0.17461  
9284.5  0.19103  
9289.0  0.20844  
9293.5  0.22658  
9298.0  0.24564  
9302.5  0.26577  
9307.0  0.28685  
9311.5  0.30886  
9316.0  0.33203  
9320.599999999999  0.3565  
9325.1  0.38212  
9329.6  0.40895  
9334.1  0.43721  
9338.6  0.46686  
9343.099999999999  0.49796  
9347.6  0.53041  
9352.2  0.5636  
9356.699999999999  0.59706  
9361.2  0.63086  
9365.7  0.66489  
9370.2  0.69877  
9374.7  0.73225  
9379.199999999999  0.76523  
9383.8  0.79734  
9388.300000000001  0.82718  
9392.8  0.85334  
9397.3  0.8765  
9401.8  0.89786  
9406.3  0.91678  
9410.9  0.93223  
9415.4  0.94457  
9419.9  0.95495  
9424.400000000001  0.96387  
9428.9  0.97073  
9433.4  0.97547  
9438.0  0.97832  
9442.5  0.97943  
9447.0  0.97951  
9451.5  0.97914  
9456.0  0.97798  
9460.599999999999  0.97629  
9465.1  0.9749  
9469.6  0.97439  
9474.1  0.97416  
9478.6  0.97383  
9483.099999999999  0.97404  
9487.7  0.97455  
9492.2  0.97477  
9496.699999999999  0.97519  
9501.2  0.97567  
9505.800000000001  0.97484  
9510.3  0.97234  
9514.8  0.9698  
9519.3  0.96848  
9523.8  0.96796  
9528.4  0.96758  
9532.9  0.96709  
9537.4  0.96581  
9541.900000000001  0.96363  
9546.4  0.96164  
9551.0  0.96036  
9555.5  0.95916  
9560.0  0.95791  
9564.5  0.95681  
9569.1  0.95562  
9573.6  0.95467  
9578.099999999999  0.9546  
9582.6  0.95517  
9587.2  0.956  
9591.699999999999  0.95655  
9596.2  0.95661  
9600.7  0.95652  
9605.2  0.95645  
9609.8  0.95644  
9614.3  0.95712  
9618.8  0.95863  
9623.300000000001  0.96035  
9627.9  0.96175  
9632.4  0.96273  
9636.900000000001  0.96366  
9641.5  0.96496  
9646.0  0.9662  
9650.5  0.96691  
9655.0  0.96714  
9659.6  0.96716  
9664.1  0.96729  
9668.6  0.96776  
9673.099999999999  0.96796  
9677.7  0.9671  
9682.2  0.9657  
9686.699999999999  0.96525  
9691.2  0.96555  
9695.800000000001  0.96543  
9700.3  0.96494  
9704.8  0.96494  
9709.400000000001  0.96574  
9713.9  0.96628  
9718.4  0.96596  
9722.9  0.96554  
9727.5  0.96505  
9732.0  0.9641  
9736.5  0.96325  
9741.1  0.96304  
9745.599999999999  0.96324  
9750.1  0.96347  
9754.7  0.96357  
9759.199999999999  0.96386  
9763.7  0.96444  
9768.2  0.96505  
9772.8  0.96535  
9777.3  0.96517  
9781.8  0.96455  
9786.4  0.96373  
9790.9  0.96282  
9795.4  0.96221  
9800.0  0.96214  
9804.5  0.96168  
9809.0  0.96034  
9813.6  0.95873  
9818.099999999999  0.95748  
9822.6  0.95691  
9827.1  0.95719  
9831.699999999999  0.95817  
9836.2  0.95916  
9840.7  0.9593  
9845.3  0.95845  
9849.8  0.95763  
9854.3  0.95761  
9858.9  0.95847  
9863.4  0.95994  
9867.9  0.96103  
9872.5  0.96122  
9877.0  0.96107  
9881.5  0.96061  
9886.1  0.95998  
9890.599999999999  0.96045  
9895.2  0.96215  
9899.7  0.9637  
9904.199999999999  0.96453  
9908.8  0.96513  
9913.300000000001  0.9659  
9917.8  0.96656  
9922.4  0.96686  
9926.900000000001  0.96695  
9931.4  0.96741  
9936.0  0.96801  
9940.5  0.96817  
9945.0  0.96801  
9949.6  0.96781  
9954.1  0.96762  
9958.6  0.96757  
9963.2  0.96777  
9967.7  0.96748  
9972.3  0.96659  
9976.8  0.96567  
9981.3  0.96479  
9985.9  0.96404  
9990.4  0.96352  
9994.9  0.9626  
9999.5  0.96126  
10004.0  0.96047  
10008.6  0.96069  
10013.099999999999  0.96073  
10017.6  0.95921  
10022.2  0.95672  
10026.699999999999  0.95556  
10031.3  0.95651  
10035.800000000001  0.95802  
10040.3  0.95806  
10044.9  0.95661  
10049.400000000001  0.95528  
10053.9  0.95489  
10058.5  0.95561  
10063.0  0.95676  
10067.6  0.95783  
10072.1  0.95902  
10076.6  0.9602  
10081.2  0.96066  
10085.7  0.96026  
10090.3  0.96019  
10094.8  0.96115  
10099.3  0.96196  
10103.9  0.96216  
10108.4  0.96306  
10113.0  0.9646  
10117.5  0.96525  
10122.0  0.96476  
10126.6  0.9643  
10131.1  0.96495  
10135.7  0.96667  
10140.2  0.968  
10144.8  0.96783  
10149.3  0.96682  
10153.8  0.96614  
10158.4  0.96548  
10162.9  0.96446  
10167.5  0.96435  
10172.0  0.9658  
10176.5  0.96709  
10181.1  0.9667  
10185.599999999999  0.96516  
10190.2  0.96399  
10194.7  0.9641  
10199.3  0.96523  
10203.8  0.9659  
10208.300000000001  0.96509  
10212.9  0.96348  
10217.4  0.96262  
10222.0  0.96213  
10226.5  0.96096  
10231.1  0.95972  
10235.599999999999  0.9592  
10240.2  0.95944  
10244.7  0.95997  
10249.2  0.96041  
10253.800000000001  0.96067  
10258.3  0.96068  
10262.9  0.96026  
10267.4  0.95982  
10272.0  0.95981  
10276.5  0.96008  
10281.099999999999  0.96014  
10285.599999999999  0.96007  
10290.1  0.95952  
10294.7  0.95849  
10299.2  0.95786  
10303.800000000001  0.95828  
10308.3  0.95991  
10312.9  0.9621  
10317.4  0.96357  
10322.0  0.96397  
10326.5  0.96353  
10331.099999999999  0.9618  
10335.599999999999  0.9591  
10340.1  0.95722  
10344.7  0.95775  
10349.2  0.96021  
10353.800000000001  0.96268  
10358.3  0.96396  
10362.9  0.96387  
10367.4  0.96315  
10372.0  0.96236  
10376.5  0.96162  
10381.099999999999  0.96068  
10385.599999999999  0.95936  
10390.2  0.95769  
10394.7  0.95652  
10399.300000000001  0.9569  
10403.800000000001  0.95925  
10408.4  0.96188  
10412.9  0.96284  
10417.4  0.9619  
10422.0  0.96022  
10426.5  0.95918  
10431.099999999999  0.95805  
10435.599999999999  0.95629  
10440.2  0.9552  
10444.7  0.95449  
10449.300000000001  0.9541  
10453.800000000001  0.95471  
10458.4  0.95519  
10462.9  0.95482  
10467.5  0.95399  
10472.0  0.954  
10476.6  0.95466  
10481.099999999999  0.95423  
10485.699999999999  0.95233  
10490.2  0.95099  
10494.8  0.95039  
10499.300000000001  0.94885  
10503.900000000001  0.9475  
10508.4  0.94759  
10513.0  0.94754  
10517.5  0.94596  
10522.1  0.94387  
10526.6  0.94313  
10531.199999999999  0.94292  
10535.699999999999  0.94261  
10540.3  0.94259  
10544.8  0.94272  
10549.400000000001  0.94162  
10553.900000000001  0.93816  
10558.5  0.93363  
10563.0  0.93067  
10567.6  0.92992  
10572.1  0.93049  
10576.7  0.9306  
10581.199999999999  0.92764  
10585.8  0.9215  
10590.3  0.91556  
10594.9  0.91225  
10599.400000000001  0.90959  
10604.0  0.90483  
10608.5  0.8981  
10613.099999999999  0.89015  
10617.6  0.88254  
10622.2  0.87772  
10626.7  0.87586  
10631.300000000001  0.87319  
10635.8  0.86729  
10640.4  0.8576  
10644.9  0.84588  
10649.5  0.83517  
10654.0  0.82545  
10658.599999999999  0.81392  
10663.099999999999  0.79968  
10667.7  0.78645  
10672.3  0.77541  
10676.800000000001  0.76384  
10681.400000000001  0.74901  
10685.9  0.73131  
10690.5  0.71337  
10695.0  0.69757  
10699.6  0.68282  
10704.1  0.66612  
10708.699999999999  0.64747  
10713.199999999999  0.62953  
10717.8  0.61194  
10722.3  0.59279  
10726.900000000001  0.57485  
10731.400000000001  0.56028  
10736.0  0.54489  
10740.5  0.52513  
10745.1  0.50483  
10749.6  0.48739  
10754.2  0.47034  
10758.800000000001  0.45217  
10763.3  0.43324  
10767.9  0.415  
10772.4  0.39948  
10777.0  0.38724  
10781.5  0.37637  
10786.099999999999  0.36107  

