@MEASUREMENT_RADIUS 2.0 cm
#lambda:
#tr:
#end
9000.599999999999  0.00213  
9005.1  0.0023  
9009.6  0.00231  
9014.1  0.00227  
9018.6  0.00232  
9023.099999999999  0.00242  
9027.6  0.00248  
9032.1  0.00253  
9036.6  0.00258  
9041.1  0.00259  
9045.599999999999  0.00264  
9050.1  0.00276  
9054.6  0.00288  
9059.1  0.00292  
9063.6  0.00303  
9068.099999999999  0.00326  
9072.6  0.00334  
9077.1  0.00327  
9081.6  0.00338  
9086.1  0.0037  
9090.599999999999  0.00391  
9095.2  0.00397  
9099.7  0.00394  
9104.199999999999  0.00393  
9108.7  0.00406  
9113.2  0.00439  
9117.7  0.00481  
9122.2  0.00521  
9126.699999999999  0.00551  
9131.2  0.00567  
9135.7  0.00585  
9140.2  0.00622  
9144.7  0.00676  
9149.199999999999  0.00747  
9153.7  0.00825  
9158.2  0.00902  
9162.7  0.00987  
9167.2  0.01084  
9171.699999999999  0.01195  
9176.2  0.01318  
9180.7  0.01462  
9185.3  0.01645  
9189.8  0.01862  
9194.3  0.02106  
9198.8  0.02382  
9203.300000000001  0.027  
9207.8  0.0307  
9212.3  0.03494  
9216.8  0.03959  
9221.3  0.04463  
9225.800000000001  0.05029  
9230.3  0.05676  
9234.8  0.06404  
9239.400000000001  0.07199  
9243.9  0.08042  
9248.4  0.08941  
9252.9  0.09915  
9257.4  0.10975  
9261.900000000001  0.1212  
9266.4  0.1336  
9270.9  0.14673  
9275.4  0.16051  
9279.9  0.17522  
9284.5  0.19113  
9289.0  0.20821  
9293.5  0.22627  
9298.0  0.24545  
9302.5  0.26567  
9307.0  0.28682  
9311.5  0.30918  
9316.0  0.3328  
9320.599999999999  0.35752  
9325.1  0.38358  
9329.6  0.41125  
9334.1  0.44021  
9338.6  0.47007  
9343.099999999999  0.50103  
9347.6  0.53328  
9352.2  0.56644  
9356.699999999999  0.60001  
9361.2  0.63382  
9365.7  0.66778  
9370.2  0.70187  
9374.7  0.73568  
9379.199999999999  0.76824  
9383.8  0.79913  
9388.300000000001  0.82826  
9392.8  0.85491  
9397.3  0.87861  
9401.8  0.89977  
9406.3  0.9185  
9410.9  0.93451  
9415.4  0.94777  
9419.9  0.95844  
9424.400000000001  0.96616  
9428.9  0.97085  
9433.4  0.97384  
9438.0  0.97649  
9442.5  0.979  
9447.0  0.98054  
9451.5  0.98031  
9456.0  0.97901  
9460.599999999999  0.97791  
9465.1  0.97695  
9469.6  0.97576  
9474.1  0.97469  
9478.6  0.97422  
9483.099999999999  0.97434  
9487.7  0.9744  
9492.2  0.97409  
9496.699999999999  0.97371  
9501.2  0.97347  
9505.800000000001  0.97333  
9510.3  0.97266  
9514.8  0.97148  
9519.3  0.97037  
9523.8  0.96913  
9528.4  0.96748  
9532.9  0.96602  
9537.4  0.96502  
9541.900000000001  0.96401  
9546.4  0.96272  
9551.0  0.96096  
9555.5  0.95899  
9560.0  0.95762  
9564.5  0.95735  
9569.1  0.95731  
9573.6  0.95674  
9578.099999999999  0.95589  
9582.6  0.95526  
9587.2  0.95527  
9591.699999999999  0.95584  
9596.2  0.95645  
9600.7  0.95681  
9605.2  0.95672  
9609.8  0.95628  
9614.3  0.95641  
9618.8  0.95806  
9623.300000000001  0.96076  
9627.9  0.9629  
9632.4  0.96363  
9636.900000000001  0.96355  
9641.5  0.96388  
9646.0  0.96507  
9650.5  0.96651  
9655.0  0.96713  
9659.6  0.9669  
9664.1  0.96698  
9668.6  0.96766  
9673.099999999999  0.96815  
9677.7  0.96817  
9682.2  0.96784  
9686.699999999999  0.96738  
9691.2  0.96696  
9695.800000000001  0.96593  
9700.3  0.96475  
9704.8  0.96457  
9709.400000000001  0.96545  
9713.9  0.96633  
9718.4  0.96619  
9722.9  0.96509  
9727.5  0.96396  
9732.0  0.96353  
9736.5  0.9637  
9741.1  0.96382  
9745.599999999999  0.96359  
9750.1  0.9633  
9754.7  0.9634  
9759.199999999999  0.96402  
9763.7  0.965  
9768.2  0.96582  
9772.8  0.96559  
9777.3  0.96417  
9781.8  0.96263  
9786.4  0.96204  
9790.9  0.96233  
9795.4  0.96284  
9800.0  0.96303  
9804.5  0.96267  
9809.0  0.96172  
9813.6  0.96047  
9818.099999999999  0.95933  
9822.6  0.95834  
9827.1  0.95785  
9831.699999999999  0.95812  
9836.2  0.95877  
9840.7  0.95896  
9845.3  0.95814  
9849.8  0.95682  
9854.3  0.95635  
9858.9  0.95725  
9863.4  0.95898  
9867.9  0.96091  
9872.5  0.96231  
9877.0  0.96294  
9881.5  0.96276  
9886.1  0.96203  
9890.599999999999  0.96157  
9895.2  0.96198  
9899.7  0.96303  
9904.199999999999  0.9643  
9908.8  0.96545  
9913.300000000001  0.96596  
9917.8  0.96612  
9922.4  0.96662  
9926.900000000001  0.96715  
9931.4  0.96743  
9936.0  0.96797  
9940.5  0.96873  
9945.0  0.96886  
9949.6  0.96816  
9954.1  0.96717  
9958.6  0.9665  
9963.2  0.96639  
9967.7  0.96671  
9972.3  0.96706  
9976.8  0.96696  
9981.3  0.96613  
9985.9  0.96487  
9990.4  0.96374  
9994.9  0.96239  
9999.5  0.96091  
10004.0  0.95994  
10008.6  0.95961  
10013.099999999999  0.95921  
10017.6  0.95855  
10022.2  0.95833  
10026.699999999999  0.95859  
10031.3  0.95867  
10035.800000000001  0.95845  
10040.3  0.95791  
10044.9  0.95704  
10049.400000000001  0.95625  
10053.9  0.95591  
10058.5  0.95641  
10063.0  0.95737  
10067.6  0.95805  
10072.1  0.95848  
10076.6  0.95909  
10081.2  0.96001  
10085.7  0.96111  
10090.3  0.96232  
10094.8  0.96366  
10099.3  0.96474  
10103.9  0.96467  
10108.4  0.9639  
10113.0  0.96424  
10117.5  0.9651  
10122.0  0.96479  
10126.6  0.96404  
10131.1  0.96429  
10135.7  0.96547  
10140.2  0.96603  
10144.8  0.96569  
10149.3  0.96593  
10153.8  0.96709  
10158.4  0.96795  
10162.9  0.96776  
10167.5  0.96697  
10172.0  0.96656  
10176.5  0.96661  
10181.1  0.96679  
10185.599999999999  0.96679  
10190.2  0.96615  
10194.7  0.96518  
10199.3  0.96469  
10203.8  0.96444  
10208.300000000001  0.96398  
10212.9  0.96339  
10217.4  0.96284  
10222.0  0.96236  
10226.5  0.96247  
10231.1  0.96282  
10235.599999999999  0.9627  
10240.2  0.96252  
10244.7  0.96235  
10249.2  0.96173  
10253.800000000001  0.96101  
10258.3  0.96048  
10262.9  0.95993  
10267.4  0.95962  
10272.0  0.9597  
10276.5  0.95978  
10281.099999999999  0.95997  
10285.599999999999  0.96107  
10290.1  0.9623  
10294.7  0.96228  
10299.2  0.9613  
10303.800000000001  0.96134  
10308.3  0.96249  
10312.9  0.96315  
10317.4  0.96243  
10322.0  0.96063  
10326.5  0.95914  
10331.099999999999  0.95891  
10335.599999999999  0.95913  
10340.1  0.95913  
10344.7  0.95935  
10349.2  0.95944  
10353.800000000001  0.95885  
10358.3  0.95873  
10362.9  0.96043  
10367.4  0.96326  
10372.0  0.96568  
10376.5  0.96664  
10381.099999999999  0.96531  
10385.599999999999  0.96237  
10390.2  0.95952  
10394.7  0.95774  
10399.300000000001  0.95661  
10403.800000000001  0.95644  
10408.4  0.95827  
10412.9  0.96063  
10417.4  0.96056  
10422.0  0.95881  
10426.5  0.95835  
10431.099999999999  0.95938  
10435.599999999999  0.95953  
10440.2  0.9578  
10444.7  0.95539  
10449.300000000001  0.95329  
10453.800000000001  0.95199  
10458.4  0.95225  
10462.9  0.9535  
10467.5  0.95377  
10472.0  0.95321  
10476.6  0.95317  
10481.099999999999  0.95369  
10485.699999999999  0.95399  
10490.2  0.95409  
10494.8  0.9528  
10499.300000000001  0.94991  
10503.900000000001  0.94862  
10508.4  0.95076  
10513.0  0.95304  
10517.5  0.9524  
10522.1  0.94951  
10526.6  0.94563  
10531.199999999999  0.94162  
10535.699999999999  0.93931  
10540.3  0.93936  
10544.8  0.94072  
10549.400000000001  0.94104  
10553.900000000001  0.93858  
10558.5  0.93408  
10563.0  0.93053  
10567.6  0.92969  
10572.1  0.9297  
10576.7  0.92849  
10581.199999999999  0.92621  
10585.8  0.92338  
10590.3  0.9188  
10594.9  0.91323  
10599.400000000001  0.90923  
10604.0  0.90588  
10608.5  0.90112  
10613.099999999999  0.89407  
10617.6  0.88524  
10622.2  0.87515  
10626.7  0.86664  
10631.300000000001  0.86256  
10635.8  0.85994  
10640.4  0.8547  
10644.9  0.84608  
10649.5  0.83586  
10654.0  0.82492  
10658.599999999999  0.81246  
10663.099999999999  0.79947  
10667.7  0.78703  
10672.3  0.77397  
10676.800000000001  0.75952  
10681.400000000001  0.74398  
10685.9  0.72745  
10690.5  0.71085  
10695.0  0.69693  
10699.6  0.68355  
10704.1  0.66593  
10708.699999999999  0.6451  
10713.199999999999  0.62523  
10717.8  0.60715  
10722.3  0.58929  
10726.900000000001  0.57282  
10731.400000000001  0.55744  
10736.0  0.54036  
10740.5  0.52108  
10745.1  0.50076  
10749.6  0.48078  
10754.2  0.46376  
10758.800000000001  0.44953  
10763.3  0.43437  
10767.9  0.41665  
10772.4  0.39983  
10777.0  0.38776  
10781.5  0.37739  
10786.099999999999  0.3608  

