@MEASUREMENT_RADIUS 3.0 cm
#lambda:
#tr:
#end
9000.599999999999  0.00172  
9005.1  0.00188  
9009.6  0.00202  
9014.1  0.00209  
9018.6  0.00208  
9023.099999999999  0.00202  
9027.6  0.00208  
9032.1  0.00228  
9036.6  0.00246  
9041.1  0.00254  
9045.599999999999  0.0026  
9050.1  0.00272  
9054.6  0.00285  
9059.1  0.00292  
9063.6  0.00291  
9068.099999999999  0.00291  
9072.6  0.00314  
9077.1  0.00347  
9081.6  0.00359  
9086.1  0.00352  
9090.599999999999  0.00343  
9095.2  0.00354  
9099.7  0.00389  
9104.199999999999  0.00434  
9108.7  0.00474  
9113.2  0.00497  
9117.7  0.00511  
9122.2  0.00527  
9126.699999999999  0.00542  
9131.2  0.00564  
9135.7  0.00593  
9140.2  0.00625  
9144.7  0.00669  
9149.199999999999  0.00725  
9153.7  0.00796  
9158.2  0.00881  
9162.7  0.00971  
9167.2  0.01073  
9171.699999999999  0.01204  
9176.2  0.01358  
9180.7  0.01515  
9185.3  0.01674  
9189.8  0.0186  
9194.3  0.02089  
9198.8  0.02359  
9203.300000000001  0.02674  
9207.8  0.03028  
9212.3  0.03424  
9216.8  0.03892  
9221.3  0.0444  
9225.800000000001  0.05029  
9230.3  0.05638  
9234.8  0.06293  
9239.400000000001  0.07036  
9243.9  0.07868  
9248.4  0.08772  
9252.9  0.0975  
9257.4  0.10823  
9261.900000000001  0.11984  
9266.4  0.13229  
9270.9  0.14557  
9275.4  0.15969  
9279.9  0.17459  
9284.5  0.19034  
9289.0  0.20718  
9293.5  0.22512  
9298.0  0.2439  
9302.5  0.26354  
9307.0  0.2845  
9311.5  0.30704  
9316.0  0.33088  
9320.599999999999  0.35583  
9325.1  0.3818  
9329.6  0.40884  
9334.1  0.43722  
9338.6  0.46704  
9343.099999999999  0.49799  
9347.6  0.5299  
9352.2  0.56283  
9356.699999999999  0.59671  
9361.2  0.63123  
9365.7  0.66577  
9370.2  0.69981  
9374.7  0.73324  
9379.199999999999  0.766  
9383.8  0.79747  
9388.300000000001  0.82656  
9392.8  0.85265  
9397.3  0.87615  
9401.8  0.89815  
9406.3  0.91849  
9410.9  0.93573  
9415.4  0.94875  
9419.9  0.95799  
9424.400000000001  0.96476  
9428.9  0.96997  
9433.4  0.97396  
9438.0  0.97692  
9442.5  0.97926  
9447.0  0.98081  
9451.5  0.98096  
9456.0  0.97974  
9460.599999999999  0.97832  
9465.1  0.97696  
9469.6  0.97542  
9474.1  0.97427  
9478.6  0.97413  
9483.099999999999  0.97464  
9487.7  0.97471  
9492.2  0.97454  
9496.699999999999  0.9749  
9501.2  0.97536  
9505.800000000001  0.97487  
9510.3  0.97327  
9514.8  0.97146  
9519.3  0.97002  
9523.8  0.96866  
9528.4  0.96735  
9532.9  0.96644  
9537.4  0.9656  
9541.900000000001  0.96448  
9546.4  0.96322  
9551.0  0.96183  
9555.5  0.96032  
9560.0  0.95892  
9564.5  0.95782  
9569.1  0.95689  
9573.6  0.95589  
9578.099999999999  0.955  
9582.6  0.95486  
9587.2  0.95571  
9591.699999999999  0.95654  
9596.2  0.95683  
9600.7  0.95694  
9605.2  0.95706  
9609.8  0.95733  
9614.3  0.9581  
9618.8  0.95927  
9623.300000000001  0.96068  
9627.9  0.96204  
9632.4  0.963  
9636.900000000001  0.96386  
9641.5  0.96518  
9646.0  0.96643  
9650.5  0.96698  
9655.0  0.96713  
9659.6  0.96719  
9664.1  0.96728  
9668.6  0.96757  
9673.099999999999  0.96777  
9677.7  0.96758  
9682.2  0.96718  
9686.699999999999  0.96708  
9691.2  0.96726  
9695.800000000001  0.96685  
9700.3  0.96591  
9704.8  0.96538  
9709.400000000001  0.96562  
9713.9  0.9663  
9718.4  0.96675  
9722.9  0.96653  
9727.5  0.96566  
9732.0  0.96459  
9736.5  0.96404  
9741.1  0.96431  
9745.599999999999  0.96495  
9750.1  0.96528  
9754.7  0.96483  
9759.199999999999  0.96385  
9763.7  0.96313  
9768.2  0.96326  
9772.8  0.96385  
9777.3  0.96408  
9781.8  0.96378  
9786.4  0.96306  
9790.9  0.9622  
9795.4  0.96197  
9800.0  0.96219  
9804.5  0.9619  
9809.0  0.9611  
9813.6  0.96032  
9818.099999999999  0.95976  
9822.6  0.9594  
9827.1  0.9591  
9831.699999999999  0.95908  
9836.2  0.95919  
9840.7  0.9588  
9845.3  0.95815  
9849.8  0.95754  
9854.3  0.95703  
9858.9  0.95721  
9863.4  0.9584  
9867.9  0.95997  
9872.5  0.96127  
9877.0  0.96197  
9881.5  0.96193  
9886.1  0.96177  
9890.599999999999  0.96229  
9895.2  0.9629  
9899.7  0.96329  
9904.199999999999  0.96395  
9908.8  0.96463  
9913.300000000001  0.96521  
9917.8  0.96575  
9922.4  0.96616  
9926.900000000001  0.96686  
9931.4  0.96828  
9936.0  0.96978  
9940.5  0.9704  
9945.0  0.9696  
9949.6  0.96788  
9954.1  0.96643  
9958.6  0.96583  
9963.2  0.96617  
9967.7  0.9668  
9972.3  0.96694  
9976.8  0.96641  
9981.3  0.9656  
9985.9  0.96489  
9990.4  0.96436  
9994.9  0.96356  
9999.5  0.96241  
10004.0  0.96152  
10008.6  0.96117  
10013.099999999999  0.96075  
10017.6  0.95971  
10022.2  0.95821  
10026.699999999999  0.95717  
10031.3  0.95737  
10035.800000000001  0.95871  
10040.3  0.95983  
10044.9  0.95965  
10049.400000000001  0.95833  
10053.9  0.95677  
10058.5  0.95641  
10063.0  0.95746  
10067.6  0.95859  
10072.1  0.95924  
10076.6  0.96013  
10081.2  0.96109  
10085.7  0.96157  
10090.3  0.96173  
10094.8  0.96204  
10099.3  0.96264  
10103.9  0.96294  
10108.4  0.96299  
10113.0  0.96369  
10117.5  0.96498  
10122.0  0.96605  
10126.6  0.96658  
10131.1  0.96687  
10135.7  0.96758  
10140.2  0.96848  
10144.8  0.96862  
10149.3  0.96784  
10153.8  0.967  
10158.4  0.96614  
10162.9  0.96506  
10167.5  0.9649  
10172.0  0.96631  
10176.5  0.96774  
10181.1  0.96761  
10185.599999999999  0.96649  
10190.2  0.96591  
10194.7  0.96606  
10199.3  0.966  
10203.8  0.96516  
10208.300000000001  0.96388  
10212.9  0.96317  
10217.4  0.96325  
10222.0  0.96323  
10226.5  0.96253  
10231.1  0.96138  
10235.599999999999  0.96079  
10240.2  0.96148  
10244.7  0.96234  
10249.2  0.96228  
10253.800000000001  0.96184  
10258.3  0.96155  
10262.9  0.96121  
10267.4  0.96052  
10272.0  0.95943  
10276.5  0.95839  
10281.099999999999  0.95785  
10285.599999999999  0.95878  
10290.1  0.96042  
10294.7  0.96116  
10299.2  0.96051  
10303.800000000001  0.95925  
10308.3  0.9588  
10312.9  0.9597  
10317.4  0.96084  
10322.0  0.96104  
10326.5  0.9605  
10331.099999999999  0.95994  
10335.599999999999  0.95937  
10340.1  0.9592  
10344.7  0.96036  
10349.2  0.96253  
10353.800000000001  0.96369  
10358.3  0.96325  
10362.9  0.96314  
10367.4  0.96365  
10372.0  0.96341  
10376.5  0.96242  
10381.099999999999  0.96134  
10385.599999999999  0.96078  
10390.2  0.96085  
10394.7  0.96166  
10399.300000000001  0.9625  
10403.800000000001  0.96214  
10408.4  0.96081  
10412.9  0.95969  
10417.4  0.95884  
10422.0  0.95792  
10426.5  0.95727  
10431.099999999999  0.95687  
10435.599999999999  0.95656  
10440.2  0.9556  
10444.7  0.95348  
10449.300000000001  0.95176  
10453.800000000001  0.95169  
10458.4  0.9518  
10462.9  0.95154  
10467.5  0.95149  
10472.0  0.95211  
10476.6  0.95349  
10481.099999999999  0.95448  
10485.699999999999  0.95359  
10490.2  0.95186  
10494.8  0.95019  
10499.300000000001  0.94866  
10503.900000000001  0.948  
10508.4  0.94899  
10513.0  0.95015  
10517.5  0.949  
10522.1  0.94567  
10526.6  0.94229  
10531.199999999999  0.94083  
10535.699999999999  0.94128  
10540.3  0.9414  
10544.8  0.94061  
10549.400000000001  0.93974  
10553.900000000001  0.93788  
10558.5  0.93406  
10563.0  0.92983  
10567.6  0.9291  
10572.1  0.9309  
10576.7  0.93025  
10581.199999999999  0.92675  
10585.8  0.92302  
10590.3  0.91955  
10594.9  0.91513  
10599.400000000001  0.90884  
10604.0  0.90026  
10608.5  0.89196  
10613.099999999999  0.88628  
10617.6  0.88251  
10622.2  0.87878  
10626.7  0.87508  
10631.300000000001  0.87059  
10635.8  0.86415  
10640.4  0.85481  
10644.9  0.84283  
10649.5  0.83114  
10654.0  0.82085  
10658.599999999999  0.8092  
10663.099999999999  0.79464  
10667.7  0.77856  
10672.3  0.76465  
10676.800000000001  0.75403  
10681.400000000001  0.74251  
10685.9  0.72705  
10690.5  0.70866  
10695.0  0.6906  
10699.6  0.67508  
10704.1  0.66061  
10708.699999999999  0.64438  
10713.199999999999  0.62662  
10717.8  0.60744  
10722.3  0.58582  
10726.900000000001  0.56574  
10731.400000000001  0.54992  
10736.0  0.53373  
10740.5  0.51494  
10745.1  0.49541  
10749.6  0.47783  
10754.2  0.4631  
10758.800000000001  0.44836  
10763.3  0.43032  
10767.9  0.41081  
10772.4  0.39605  
10777.0  0.38838  
10781.5  0.38129  
10786.099999999999  0.36418  

