@MEASUREMENT_RADIUS 4.0 cm
#lambda:
#tr:
#end
9000.599999999999  0.00145  
9005.1  0.00162  
9009.6  0.00186  
9014.1  0.002  
9018.6  0.00196  
9023.099999999999  0.00183  
9027.6  0.00176  
9032.1  0.00179  
9036.6  0.00199  
9041.1  0.00234  
9045.599999999999  0.00276  
9050.1  0.00314  
9054.6  0.00331  
9059.1  0.00323  
9063.6  0.00308  
9068.099999999999  0.00308  
9072.6  0.0032  
9077.1  0.00328  
9081.6  0.00323  
9086.1  0.0032  
9090.599999999999  0.00327  
9095.2  0.00339  
9099.7  0.00353  
9104.199999999999  0.00377  
9108.7  0.00407  
9113.2  0.0043  
9117.7  0.0045  
9122.2  0.00473  
9126.699999999999  0.00497  
9131.2  0.00526  
9135.7  0.00566  
9140.2  0.00618  
9144.7  0.00665  
9149.199999999999  0.007  
9153.7  0.00739  
9158.2  0.00805  
9162.7  0.00908  
9167.2  0.01041  
9171.699999999999  0.01175  
9176.2  0.01292  
9180.7  0.01413  
9185.3  0.01574  
9189.8  0.01782  
9194.3  0.02023  
9198.8  0.02289  
9203.300000000001  0.02583  
9207.8  0.02927  
9212.3  0.03329  
9216.8  0.0377  
9221.3  0.0425  
9225.800000000001  0.04798  
9230.3  0.0543  
9234.8  0.06128  
9239.400000000001  0.06879  
9243.9  0.07683  
9248.4  0.08551  
9252.9  0.09505  
9257.4  0.10565  
9261.900000000001  0.11718  
9266.4  0.12932  
9270.9  0.14193  
9275.4  0.15531  
9279.9  0.16988  
9284.5  0.1856  
9289.0  0.20214  
9293.5  0.21962  
9298.0  0.23844  
9302.5  0.25854  
9307.0  0.27959  
9311.5  0.30143  
9316.0  0.32411  
9320.599999999999  0.34786  
9325.1  0.37292  
9329.6  0.39968  
9334.1  0.42829  
9338.6  0.45826  
9343.099999999999  0.48898  
9347.6  0.52049  
9352.2  0.55327  
9356.699999999999  0.58719  
9361.2  0.62151  
9365.7  0.65552  
9370.2  0.68906  
9374.7  0.72225  
9379.199999999999  0.75506  
9383.8  0.78703  
9388.300000000001  0.81709  
9392.8  0.84457  
9397.3  0.86961  
9401.8  0.89262  
9406.3  0.91312  
9410.9  0.93031  
9415.4  0.94396  
9419.9  0.9541  
9424.400000000001  0.96145  
9428.9  0.96725  
9433.4  0.97199  
9438.0  0.9752  
9442.5  0.97702  
9447.0  0.97814  
9451.5  0.97843  
9456.0  0.97764  
9460.599999999999  0.9768  
9465.1  0.97643  
9469.6  0.97597  
9474.1  0.97514  
9478.6  0.97416  
9483.099999999999  0.97341  
9487.7  0.97338  
9492.2  0.97432  
9496.699999999999  0.9753  
9501.2  0.97552  
9505.800000000001  0.97515  
9510.3  0.97406  
9514.8  0.97175  
9519.3  0.96877  
9523.8  0.96651  
9528.4  0.96603  
9532.9  0.96669  
9537.4  0.96621  
9541.900000000001  0.96377  
9546.4  0.96123  
9551.0  0.95993  
9555.5  0.95922  
9560.0  0.95835  
9564.5  0.95748  
9569.1  0.95662  
9573.6  0.9557  
9578.099999999999  0.95531  
9582.6  0.95566  
9587.2  0.95607  
9591.699999999999  0.95615  
9596.2  0.95627  
9600.7  0.95656  
9605.2  0.957  
9609.8  0.95737  
9614.3  0.95794  
9618.8  0.95942  
9623.300000000001  0.96168  
9627.9  0.96342  
9632.4  0.96378  
9636.900000000001  0.96364  
9641.5  0.96416  
9646.0  0.96516  
9650.5  0.96616  
9655.0  0.96673  
9659.6  0.96672  
9664.1  0.96659  
9668.6  0.96684  
9673.099999999999  0.96726  
9677.7  0.96733  
9682.2  0.96671  
9686.699999999999  0.9661  
9691.2  0.96603  
9695.800000000001  0.96589  
9700.3  0.96534  
9704.8  0.96503  
9709.400000000001  0.96551  
9713.9  0.96614  
9718.4  0.96591  
9722.9  0.96497  
9727.5  0.96395  
9732.0  0.96333  
9736.5  0.96364  
9741.1  0.96453  
9745.599999999999  0.96496  
9750.1  0.9646  
9754.7  0.9637  
9759.199999999999  0.96314  
9763.7  0.96352  
9768.2  0.96455  
9772.8  0.96513  
9777.3  0.96448  
9781.8  0.96319  
9786.4  0.96218  
9790.9  0.96152  
9795.4  0.96134  
9800.0  0.96172  
9804.5  0.96206  
9809.0  0.96173  
9813.6  0.96072  
9818.099999999999  0.95943  
9822.6  0.95834  
9827.1  0.95762  
9831.699999999999  0.9574  
9836.2  0.95752  
9840.7  0.95754  
9845.3  0.95738  
9849.8  0.95783  
9854.3  0.95911  
9858.9  0.96019  
9863.4  0.96035  
9867.9  0.96021  
9872.5  0.96048  
9877.0  0.9608  
9881.5  0.96048  
9886.1  0.96016  
9890.599999999999  0.96102  
9895.2  0.96273  
9899.7  0.96433  
9904.199999999999  0.96559  
9908.8  0.96632  
9913.300000000001  0.96681  
9917.8  0.96751  
9922.4  0.96814  
9926.900000000001  0.96802  
9931.4  0.96753  
9936.0  0.96771  
9940.5  0.96829  
9945.0  0.96832  
9949.6  0.96775  
9954.1  0.96735  
9958.6  0.96743  
9963.2  0.9675  
9967.7  0.96711  
9972.3  0.96663  
9976.8  0.96663  
9981.3  0.96655  
9985.9  0.96563  
9990.4  0.9641  
9994.9  0.96249  
9999.5  0.9618  
10004.0  0.96227  
10008.6  0.96278  
10013.099999999999  0.96196  
10017.6  0.95993  
10022.2  0.95818  
10026.699999999999  0.95783  
10031.3  0.95841  
10035.800000000001  0.95891  
10040.3  0.9586  
10044.9  0.95752  
10049.400000000001  0.95646  
10053.9  0.95621  
10058.5  0.95695  
10063.0  0.95773  
10067.6  0.95758  
10072.1  0.95706  
10076.6  0.95783  
10081.2  0.95987  
10085.7  0.96154  
10090.3  0.96242  
10094.8  0.96311  
10099.3  0.96362  
10103.9  0.96394  
10108.4  0.96449  
10113.0  0.96527  
10117.5  0.96527  
10122.0  0.96447  
10126.6  0.96423  
10131.1  0.96488  
10135.7  0.96566  
10140.2  0.96578  
10144.8  0.96543  
10149.3  0.96559  
10153.8  0.96641  
10158.4  0.9669  
10162.9  0.96649  
10167.5  0.96581  
10172.0  0.96589  
10176.5  0.96636  
10181.1  0.96607  
10185.599999999999  0.96496  
10190.2  0.96422  
10194.7  0.96385  
10199.3  0.963  
10203.8  0.96208  
10208.300000000001  0.96185  
10212.9  0.96253  
10217.4  0.9638  
10222.0  0.96445  
10226.5  0.9639  
10231.1  0.96313  
10235.599999999999  0.96296  
10240.2  0.96279  
10244.7  0.96183  
10249.2  0.96099  
10253.800000000001  0.96092  
10258.3  0.96108  
10262.9  0.96111  
10267.4  0.96127  
10272.0  0.96136  
10276.5  0.96109  
10281.099999999999  0.96084  
10285.599999999999  0.96066  
10290.1  0.95995  
10294.7  0.95955  
10299.2  0.95994  
10303.800000000001  0.96056  
10308.3  0.96141  
10312.9  0.96213  
10317.4  0.96172  
10322.0  0.9605  
10326.5  0.95956  
10331.099999999999  0.95913  
10335.599999999999  0.95879  
10340.1  0.95867  
10344.7  0.95968  
10349.2  0.96186  
10353.800000000001  0.96368  
10358.3  0.9639  
10362.9  0.9631  
10367.4  0.96287  
10372.0  0.96303  
10376.5  0.96248  
10381.099999999999  0.9611  
10385.599999999999  0.96012  
10390.2  0.95978  
10394.7  0.95913  
10399.300000000001  0.95818  
10403.800000000001  0.95832  
10408.4  0.95937  
10412.9  0.95983  
10417.4  0.95928  
10422.0  0.95882  
10426.5  0.95909  
10431.099999999999  0.95887  
10435.599999999999  0.95711  
10440.2  0.95535  
10444.7  0.95477  
10449.300000000001  0.95509  
10453.800000000001  0.95625  
10458.4  0.95702  
10462.9  0.95598  
10467.5  0.95392  
10472.0  0.95251  
10476.6  0.95201  
10481.099999999999  0.95199  
10485.699999999999  0.95175  
10490.2  0.95131  
10494.8  0.95016  
10499.300000000001  0.94797  
10503.900000000001  0.94617  
10508.4  0.94539  
10513.0  0.94491  
10517.5  0.94453  
10522.1  0.94388  
10526.6  0.94333  
10531.199999999999  0.94328  
10535.699999999999  0.94263  
10540.3  0.94113  
10544.8  0.93996  
10549.400000000001  0.93909  
10553.900000000001  0.9377  
10558.5  0.93502  
10563.0  0.93145  
10567.6  0.92894  
10572.1  0.92846  
10576.7  0.92867  
10581.199999999999  0.9265  
10585.8  0.92101  
10590.3  0.9146  
10594.9  0.90974  
10599.400000000001  0.90563  
10604.0  0.90032  
10608.5  0.89418  
10613.099999999999  0.88774  
10617.6  0.88074  
10622.2  0.87356  
10626.7  0.86907  
10631.300000000001  0.86666  
10635.8  0.8619  
10640.4  0.85239  
10644.9  0.84042  
10649.5  0.82891  
10654.0  0.8188  
10658.599999999999  0.80891  
10663.099999999999  0.7991  
10667.7  0.78978  
10672.3  0.77705  
10676.800000000001  0.75866  
10681.400000000001  0.73898  
10685.9  0.72319  
10690.5  0.71008  
10695.0  0.69627  
10699.6  0.68074  
10704.1  0.66417  
10708.699999999999  0.64697  
10713.199999999999  0.62879  
10717.8  0.60968  
10722.3  0.59093  
10726.900000000001  0.57356  
10731.400000000001  0.55567  
10736.0  0.53498  
10740.5  0.51315  
10745.1  0.49274  
10749.6  0.47528  
10754.2  0.46134  
10758.800000000001  0.4479  
10763.3  0.43114  
10767.9  0.41209  
10772.4  0.39312  
10777.0  0.37745  
10781.5  0.36631  
10786.099999999999  0.35285  

