@MEASUREMENT_RADIUS 5.0 cm
#lambda:
#tr:
#end
9000.599999999999  0.00135  
9005.1  0.00157  
9009.6  0.00187  
9014.1  0.00204  
9018.6  0.00206  
9023.099999999999  0.00203  
9027.6  0.00208  
9032.1  0.00219  
9036.6  0.00225  
9041.1  0.0022  
9045.599999999999  0.00222  
9050.1  0.0025  
9054.6  0.00296  
9059.1  0.00323  
9063.6  0.00319  
9068.099999999999  0.00306  
9072.6  0.00305  
9077.1  0.00319  
9081.6  0.00348  
9086.1  0.00375  
9090.599999999999  0.00383  
9095.2  0.00382  
9099.7  0.00391  
9104.199999999999  0.004  
9108.7  0.00406  
9113.2  0.00429  
9117.7  0.00469  
9122.2  0.00505  
9126.699999999999  0.00527  
9131.2  0.00539  
9135.7  0.00555  
9140.2  0.00592  
9144.7  0.00644  
9149.199999999999  0.00702  
9153.7  0.00749  
9158.2  0.00788  
9162.7  0.00858  
9167.2  0.00977  
9171.699999999999  0.01104  
9176.2  0.01219  
9180.7  0.01343  
9185.3  0.01502  
9189.8  0.01698  
9194.3  0.01931  
9198.8  0.02189  
9203.300000000001  0.02472  
9207.8  0.02802  
9212.3  0.03193  
9216.8  0.03641  
9221.3  0.04129  
9225.800000000001  0.04646  
9230.3  0.05212  
9234.8  0.05843  
9239.400000000001  0.06533  
9243.9  0.07282  
9248.4  0.08108  
9252.9  0.09023  
9257.4  0.10034  
9261.900000000001  0.11138  
9266.4  0.12318  
9270.9  0.13559  
9275.4  0.14889  
9279.9  0.16319  
9284.5  0.17825  
9289.0  0.19418  
9293.5  0.21124  
9298.0  0.2294  
9302.5  0.24873  
9307.0  0.26914  
9311.5  0.29041  
9316.0  0.3127  
9320.599999999999  0.33618  
9325.1  0.36079  
9329.6  0.38671  
9334.1  0.41417  
9338.6  0.44301  
9343.099999999999  0.4732  
9347.6  0.50461  
9352.2  0.53699  
9356.699999999999  0.5702  
9361.2  0.60393  
9365.7  0.63785  
9370.2  0.67195  
9374.7  0.70633  
9379.199999999999  0.74036  
9383.8  0.77327  
9388.300000000001  0.80411  
9392.8  0.83206  
9397.3  0.857  
9401.8  0.87969  
9406.3  0.90035  
9410.9  0.9184  
9415.4  0.93382  
9419.9  0.94699  
9424.400000000001  0.95784  
9428.9  0.96571  
9433.4  0.97073  
9438.0  0.97414  
9442.5  0.97666  
9447.0  0.97788  
9451.5  0.97779  
9456.0  0.9772  
9460.599999999999  0.9769  
9465.1  0.97662  
9469.6  0.97603  
9474.1  0.97516  
9478.6  0.97439  
9483.099999999999  0.97426  
9487.7  0.97431  
9492.2  0.97396  
9496.699999999999  0.97362  
9501.2  0.97335  
9505.800000000001  0.97291  
9510.3  0.97184  
9514.8  0.97027  
9519.3  0.96909  
9523.8  0.96841  
9528.4  0.96746  
9532.9  0.96628  
9537.4  0.96517  
9541.900000000001  0.96383  
9546.4  0.96275  
9551.0  0.96223  
9555.5  0.96138  
9560.0  0.95966  
9564.5  0.95776  
9569.1  0.95627  
9573.6  0.95525  
9578.099999999999  0.95476  
9582.6  0.95463  
9587.2  0.95499  
9591.699999999999  0.95548  
9596.2  0.9557  
9600.7  0.95586  
9605.2  0.95601  
9609.8  0.95631  
9614.3  0.95726  
9618.8  0.95889  
9623.300000000001  0.96063  
9627.9  0.96193  
9632.4  0.96279  
9636.900000000001  0.96343  
9641.5  0.96415  
9646.0  0.96517  
9650.5  0.96645  
9655.0  0.96739  
9659.6  0.9675  
9664.1  0.9672  
9668.6  0.96699  
9673.099999999999  0.96668  
9677.7  0.96613  
9682.2  0.96568  
9686.699999999999  0.96564  
9691.2  0.96564  
9695.800000000001  0.96504  
9700.3  0.96427  
9704.8  0.96416  
9709.400000000001  0.96497  
9713.9  0.96604  
9718.4  0.96665  
9722.9  0.9667  
9727.5  0.96599  
9732.0  0.96465  
9736.5  0.9636  
9741.1  0.96374  
9745.599999999999  0.96463  
9750.1  0.96455  
9754.7  0.96321  
9759.199999999999  0.96237  
9763.7  0.96293  
9768.2  0.96408  
9772.8  0.96474  
9777.3  0.96443  
9781.8  0.96392  
9786.4  0.96369  
9790.9  0.96304  
9795.4  0.96211  
9800.0  0.96177  
9804.5  0.96176  
9809.0  0.9614  
9813.6  0.96079  
9818.099999999999  0.96009  
9822.6  0.95894  
9827.1  0.95769  
9831.699999999999  0.95758  
9836.2  0.95807  
9840.7  0.95763  
9845.3  0.95723  
9849.8  0.95808  
9854.3  0.95912  
9858.9  0.95928  
9863.4  0.95903  
9867.9  0.95915  
9872.5  0.95979  
9877.0  0.96056  
9881.5  0.96105  
9886.1  0.96147  
9890.599999999999  0.96237  
9895.2  0.96349  
9899.7  0.9644  
9904.199999999999  0.9651  
9908.8  0.96534  
9913.300000000001  0.96517  
9917.8  0.96523  
9922.4  0.96622  
9926.900000000001  0.96755  
9931.4  0.96818  
9936.0  0.96805  
9940.5  0.96794  
9945.0  0.96818  
9949.6  0.96841  
9954.1  0.96843  
9958.6  0.96837  
9963.2  0.968  
9967.7  0.96736  
9972.3  0.96678  
9976.8  0.96636  
9981.3  0.96587  
9985.9  0.96552  
9990.4  0.96537  
9994.9  0.96457  
9999.5  0.96307  
10004.0  0.9619  
10008.6  0.96139  
10013.099999999999  0.9608  
10017.6  0.95985  
10022.2  0.95894  
10026.699999999999  0.95829  
10031.3  0.95789  
10035.800000000001  0.95778  
10040.3  0.95762  
10044.9  0.95707  
10049.400000000001  0.95653  
10053.9  0.95632  
10058.5  0.95643  
10063.0  0.95678  
10067.6  0.95746  
10072.1  0.95846  
10076.6  0.95948  
10081.2  0.95991  
10085.7  0.9598  
10090.3  0.95998  
10094.8  0.96119  
10099.3  0.96262  
10103.9  0.96299  
10108.4  0.96255  
10113.0  0.96263  
10117.5  0.96374  
10122.0  0.96474  
10126.6  0.96498  
10131.1  0.96485  
10135.7  0.96488  
10140.2  0.96541  
10144.8  0.96643  
10149.3  0.96762  
10153.8  0.96812  
10158.4  0.96735  
10162.9  0.96645  
10167.5  0.9666  
10172.0  0.96736  
10176.5  0.96713  
10181.1  0.96557  
10185.599999999999  0.96391  
10190.2  0.963  
10194.7  0.9629  
10199.3  0.96333  
10203.8  0.96346  
10208.300000000001  0.96292  
10212.9  0.96244  
10217.4  0.9629  
10222.0  0.96402  
10226.5  0.96503  
10231.1  0.965  
10235.599999999999  0.96347  
10240.2  0.96176  
10244.7  0.9606  
10249.2  0.95979  
10253.800000000001  0.95979  
10258.3  0.96082  
10262.9  0.96165  
10267.4  0.9614  
10272.0  0.96141  
10276.5  0.96243  
10281.099999999999  0.96213  
10285.599999999999  0.96008  
10290.1  0.95811  
10294.7  0.95748  
10299.2  0.95796  
10303.800000000001  0.95888  
10308.3  0.96039  
10312.9  0.9623  
10317.4  0.96354  
10322.0  0.96309  
10326.5  0.96125  
10331.099999999999  0.9593  
10335.599999999999  0.95838  
10340.1  0.95868  
10344.7  0.96033  
10349.2  0.96266  
10353.800000000001  0.96339  
10358.3  0.96197  
10362.9  0.96069  
10367.4  0.96132  
10372.0  0.96245  
10376.5  0.96269  
10381.099999999999  0.96233  
10385.599999999999  0.96162  
10390.2  0.96002  
10394.7  0.95798  
10399.300000000001  0.9569  
10403.800000000001  0.95772  
10408.4  0.95949  
10412.9  0.96024  
10417.4  0.95911  
10422.0  0.95739  
10426.5  0.95717  
10431.099999999999  0.9577  
10435.599999999999  0.9569  
10440.2  0.95542  
10444.7  0.95475  
10449.300000000001  0.95463  
10453.800000000001  0.95449  
10458.4  0.95446  
10462.9  0.95444  
10467.5  0.95401  
10472.0  0.95406  
10476.6  0.95457  
10481.099999999999  0.95428  
10485.699999999999  0.95292  
10490.2  0.95229  
10494.8  0.9528  
10499.300000000001  0.95236  
10503.900000000001  0.9504  
10508.4  0.94854  
10513.0  0.94806  
10517.5  0.94743  
10522.1  0.94565  
10526.6  0.94422  
10531.199999999999  0.94313  
10535.699999999999  0.94194  
10540.3  0.94103  
10544.8  0.94075  
10549.400000000001  0.94043  
10553.900000000001  0.93932  
10558.5  0.93629  
10563.0  0.93223  
10567.6  0.92936  
10572.1  0.92737  
10576.7  0.92536  
10581.199999999999  0.92361  
10585.8  0.92244  
10590.3  0.92044  
10594.9  0.91651  
10599.400000000001  0.91182  
10604.0  0.90647  
10608.5  0.89912  
10613.099999999999  0.88851  
10617.6  0.87711  
10622.2  0.86889  
10626.7  0.86627  
10631.300000000001  0.86713  
10635.8  0.86589  
10640.4  0.8602  
10644.9  0.85037  
10649.5  0.83626  
10654.0  0.82004  
10658.599999999999  0.80463  
10663.099999999999  0.79222  
10667.7  0.78288  
10672.3  0.77296  
10676.800000000001  0.76078  
10681.400000000001  0.74723  
10685.9  0.73291  
10690.5  0.71674  
10695.0  0.69899  
10699.6  0.68028  
10704.1  0.66095  
10708.699999999999  0.64296  
10713.199999999999  0.62666  
10717.8  0.61036  
10722.3  0.59306  
10726.900000000001  0.57544  
10731.400000000001  0.55765  
10736.0  0.53848  
10740.5  0.51811  
10745.1  0.49767  
10749.6  0.47871  
10754.2  0.46229  
10758.800000000001  0.44792  
10763.3  0.43305  
10767.9  0.4169  
10772.4  0.40123  
10777.0  0.38749  
10781.5  0.3735  
10786.099999999999  0.35231  

