@MEASUREMENT_RADIUS 6.0 cm
#lambda:
#tr:
#end
9000.599999999999  0.00192  
9005.1  0.00183  
9009.6  0.00188  
9014.1  0.002  
9018.6  0.00222  
9023.099999999999  0.00244  
9027.6  0.00247  
9032.1  0.00238  
9036.6  0.00242  
9041.1  0.00258  
9045.599999999999  0.00269  
9050.1  0.0027  
9054.6  0.00273  
9059.1  0.0029  
9063.6  0.00313  
9068.099999999999  0.00324  
9072.6  0.00314  
9077.1  0.00304  
9081.6  0.00298  
9086.1  0.00295  
9090.599999999999  0.00305  
9095.2  0.00327  
9099.7  0.00349  
9104.199999999999  0.0037  
9108.7  0.0039  
9113.2  0.00402  
9117.7  0.00411  
9122.2  0.00425  
9126.699999999999  0.00446  
9131.2  0.00477  
9135.7  0.00516  
9140.2  0.00563  
9144.7  0.00608  
9149.199999999999  0.00647  
9153.7  0.00695  
9158.2  0.00773  
9162.7  0.00867  
9167.2  0.00957  
9171.699999999999  0.01034  
9176.2  0.01118  
9180.7  0.0123  
9185.3  0.01383  
9189.8  0.01581  
9194.3  0.01792  
9198.8  0.02006  
9203.300000000001  0.02263  
9207.8  0.0258  
9212.3  0.02937  
9216.8  0.03329  
9221.3  0.03775  
9225.800000000001  0.04282  
9230.3  0.04842  
9234.8  0.05454  
9239.400000000001  0.06118  
9243.9  0.06843  
9248.4  0.07643  
9252.9  0.08511  
9257.4  0.09462  
9261.900000000001  0.10527  
9266.4  0.1169  
9270.9  0.12901  
9275.4  0.14159  
9279.9  0.15503  
9284.5  0.16955  
9289.0  0.18497  
9293.5  0.20115  
9298.0  0.21843  
9302.5  0.2372  
9307.0  0.25723  
9311.5  0.27819  
9316.0  0.30009  
9320.599999999999  0.32287  
9325.1  0.34636  
9329.6  0.37101  
9334.1  0.3975  
9338.6  0.42562  
9343.099999999999  0.45484  
9347.6  0.48542  
9352.2  0.51767  
9356.699999999999  0.55083  
9361.2  0.58377  
9365.7  0.61655  
9370.2  0.64988  
9374.7  0.68417  
9379.199999999999  0.71891  
9383.8  0.75269  
9388.300000000001  0.78424  
9392.8  0.81318  
9397.3  0.83971  
9401.8  0.86415  
9406.3  0.88662  
9410.9  0.90675  
9415.4  0.92383  
9419.9  0.93776  
9424.400000000001  0.94924  
9428.9  0.95869  
9433.4  0.96636  
9438.0  0.9721  
9442.5  0.97569  
9447.0  0.97715  
9451.5  0.97706  
9456.0  0.97651  
9460.599999999999  0.97643  
9465.1  0.97656  
9469.6  0.97626  
9474.1  0.97551  
9478.6  0.97482  
9483.099999999999  0.97459  
9487.7  0.97469  
9492.2  0.97498  
9496.699999999999  0.97544  
9501.2  0.97582  
9505.800000000001  0.97568  
9510.3  0.97481  
9514.8  0.97339  
9519.3  0.97198  
9523.8  0.9706  
9528.4  0.96902  
9532.9  0.96765  
9537.4  0.96643  
9541.900000000001  0.96515  
9546.4  0.96409  
9551.0  0.96302  
9555.5  0.96115  
9560.0  0.95881  
9564.5  0.95702  
9569.1  0.95572  
9573.6  0.95464  
9578.099999999999  0.95395  
9582.6  0.95379  
9587.2  0.95457  
9591.699999999999  0.95592  
9596.2  0.95689  
9600.7  0.95688  
9605.2  0.95614  
9609.8  0.95562  
9614.3  0.95628  
9618.8  0.95798  
9623.300000000001  0.95971  
9627.9  0.96075  
9632.4  0.96116  
9636.900000000001  0.96177  
9641.5  0.96319  
9646.0  0.96484  
9650.5  0.96576  
9655.0  0.96617  
9659.6  0.96665  
9664.1  0.96742  
9668.6  0.96825  
9673.099999999999  0.96826  
9677.7  0.96739  
9682.2  0.9664  
9686.699999999999  0.96584  
9691.2  0.96577  
9695.800000000001  0.9657  
9700.3  0.96565  
9704.8  0.96611  
9709.400000000001  0.96713  
9713.9  0.96755  
9718.4  0.96667  
9722.9  0.96548  
9727.5  0.96488  
9732.0  0.96458  
9736.5  0.96463  
9741.1  0.96553  
9745.599999999999  0.96669  
9750.1  0.96688  
9754.7  0.96586  
9759.199999999999  0.96446  
9763.7  0.96334  
9768.2  0.96308  
9772.8  0.96343  
9777.3  0.96359  
9781.8  0.96349  
9786.4  0.96328  
9790.9  0.96303  
9795.4  0.9629  
9800.0  0.96286  
9804.5  0.9626  
9809.0  0.96175  
9813.6  0.96072  
9818.099999999999  0.9601  
9822.6  0.95967  
9827.1  0.9591  
9831.699999999999  0.95842  
9836.2  0.95771  
9840.7  0.95672  
9845.3  0.95558  
9849.8  0.95535  
9854.3  0.95644  
9858.9  0.95794  
9863.4  0.95912  
9867.9  0.96003  
9872.5  0.96062  
9877.0  0.96046  
9881.5  0.9594  
9886.1  0.95835  
9890.599999999999  0.95864  
9895.2  0.9605  
9899.7  0.96287  
9904.199999999999  0.96462  
9908.8  0.96488  
9913.300000000001  0.96413  
9917.8  0.9639  
9922.4  0.96521  
9926.900000000001  0.967  
9931.4  0.96817  
9936.0  0.96891  
9940.5  0.96955  
9945.0  0.97  
9949.6  0.96988  
9954.1  0.96893  
9958.6  0.96746  
9963.2  0.96623  
9967.7  0.96581  
9972.3  0.96654  
9976.8  0.96768  
9981.3  0.96781  
9985.9  0.96672  
9990.4  0.96545  
9994.9  0.96433  
9999.5  0.96319  
10004.0  0.96244  
10008.6  0.96206  
10013.099999999999  0.96098  
10017.6  0.95965  
10022.2  0.95883  
10026.699999999999  0.95829  
10031.3  0.95811  
10035.800000000001  0.95779  
10040.3  0.95658  
10044.9  0.95547  
10049.400000000001  0.95532  
10053.9  0.95555  
10058.5  0.95591  
10063.0  0.95624  
10067.6  0.95648  
10072.1  0.95691  
10076.6  0.95775  
10081.2  0.95904  
10085.7  0.96017  
10090.3  0.96047  
10094.8  0.96014  
10099.3  0.95981  
10103.9  0.96001  
10108.4  0.96086  
10113.0  0.96231  
10117.5  0.96386  
10122.0  0.96468  
10126.6  0.9644  
10131.1  0.96384  
10135.7  0.96419  
10140.2  0.96513  
10144.8  0.96614  
10149.3  0.96736  
10153.8  0.96804  
10158.4  0.96703  
10162.9  0.96527  
10167.5  0.96479  
10172.0  0.9655  
10176.5  0.96592  
10181.1  0.96567  
10185.599999999999  0.96523  
10190.2  0.96494  
10194.7  0.96511  
10199.3  0.96573  
10203.8  0.96603  
10208.300000000001  0.96489  
10212.9  0.96337  
10217.4  0.96321  
10222.0  0.96384  
10226.5  0.96369  
10231.1  0.96251  
10235.599999999999  0.96152  
10240.2  0.96152  
10244.7  0.96159  
10249.2  0.96116  
10253.800000000001  0.96114  
10258.3  0.96174  
10262.9  0.96197  
10267.4  0.96146  
10272.0  0.96089  
10276.5  0.96098  
10281.099999999999  0.96099  
10285.599999999999  0.96021  
10290.1  0.95881  
10294.7  0.95781  
10299.2  0.95778  
10303.800000000001  0.95814  
10308.3  0.95955  
10312.9  0.96244  
10317.4  0.96447  
10322.0  0.96405  
10326.5  0.96308  
10331.099999999999  0.9628  
10335.599999999999  0.96177  
10340.1  0.95974  
10344.7  0.95912  
10349.2  0.96077  
10353.800000000001  0.96236  
10358.3  0.96265  
10362.9  0.96253  
10367.4  0.9626  
10372.0  0.96277  
10376.5  0.96303  
10381.099999999999  0.96243  
10385.599999999999  0.96089  
10390.2  0.95941  
10394.7  0.95905  
10399.300000000001  0.95954  
10403.800000000001  0.96061  
10408.4  0.96178  
10412.9  0.96171  
10417.4  0.95969  
10422.0  0.95744  
10426.5  0.95724  
10431.099999999999  0.95838  
10435.599999999999  0.95847  
10440.2  0.95716  
10444.7  0.9554  
10449.300000000001  0.95402  
10453.800000000001  0.95411  
10458.4  0.95468  
10462.9  0.95446  
10467.5  0.95421  
10472.0  0.9549  
10476.6  0.95622  
10481.099999999999  0.95765  
10485.699999999999  0.95746  
10490.2  0.95501  
10494.8  0.95191  
10499.300000000001  0.94899  
10503.900000000001  0.94656  
10508.4  0.94576  
10513.0  0.94672  
10517.5  0.94671  
10522.1  0.94352  
10526.6  0.94008  
10531.199999999999  0.93986  
10535.699999999999  0.94215  
10540.3  0.94337  
10544.8  0.94205  
10549.400000000001  0.93886  
10553.900000000001  0.9352  
10558.5  0.932  
10563.0  0.93038  
10567.6  0.931  
10572.1  0.93151  
10576.7  0.92817  
10581.199999999999  0.92139  
10585.8  0.91558  
10590.3  0.91315  
10594.9  0.91141  
10599.400000000001  0.90625  
10604.0  0.89831  
10608.5  0.89249  
10613.099999999999  0.88814  
10617.6  0.88142  
10622.2  0.87411  
10626.7  0.8706  
10631.300000000001  0.86988  
10635.8  0.86675  
10640.4  0.85791  
10644.9  0.84429  
10649.5  0.82996  
10654.0  0.81832  
10658.599999999999  0.8083  
10663.099999999999  0.79755  
10667.7  0.78745  
10672.3  0.77802  
10676.800000000001  0.76703  
10681.400000000001  0.75355  
10685.9  0.73778  
10690.5  0.72052  
10695.0  0.70413  
10699.6  0.68805  
10704.1  0.67025  
10708.699999999999  0.64985  
10713.199999999999  0.62965  
10717.8  0.61227  
10722.3  0.59506  
10726.900000000001  0.57611  
10731.400000000001  0.55754  
10736.0  0.54037  
10740.5  0.52252  
10745.1  0.50365  
10749.6  0.48519  
10754.2  0.46857  
10758.800000000001  0.45397  
10763.3  0.43749  
10767.9  0.41792  
10772.4  0.3989  
10777.0  0.38336  
10781.5  0.37018  
10786.099999999999  0.35351  

