@MEASUREMENT_RADIUS 7.0 cm
#lambda:
#tr:
#end
9000.599999999999  0.00188  
9005.1  0.00194  
9009.6  0.00189  
9014.1  0.00184  
9018.6  0.0018  
9023.099999999999  0.00177  
9027.6  0.00192  
9032.1  0.00216  
9036.6  0.00229  
9041.1  0.00238  
9045.599999999999  0.00263  
9050.1  0.00303  
9054.6  0.00332  
9059.1  0.00333  
9063.6  0.00315  
9068.099999999999  0.00301  
9072.6  0.003  
9077.1  0.00298  
9081.6  0.00297  
9086.1  0.00309  
9090.599999999999  0.00334  
9095.2  0.00355  
9099.7  0.0036  
9104.199999999999  0.00355  
9108.7  0.0036  
9113.2  0.00384  
9117.7  0.00419  
9122.2  0.00453  
9126.699999999999  0.00479  
9131.2  0.00497  
9135.7  0.00516  
9140.2  0.00548  
9144.7  0.00598  
9149.199999999999  0.00646  
9153.7  0.00685  
9158.2  0.00732  
9162.7  0.008  
9167.2  0.00894  
9171.699999999999  0.01002  
9176.2  0.01103  
9180.7  0.01203  
9185.3  0.01326  
9189.8  0.0147  
9194.3  0.01639  
9198.8  0.01856  
9203.300000000001  0.02129  
9207.8  0.02436  
9212.3  0.02755  
9216.8  0.03089  
9221.3  0.03456  
9225.800000000001  0.03894  
9230.3  0.04418  
9234.8  0.05008  
9239.400000000001  0.05644  
9243.9  0.06318  
9248.4  0.07055  
9252.9  0.07873  
9257.4  0.08793  
9261.900000000001  0.0983  
9266.4  0.10963  
9270.9  0.12149  
9275.4  0.13378  
9279.9  0.14678  
9284.5  0.16058  
9289.0  0.17506  
9293.5  0.19059  
9298.0  0.20764  
9302.5  0.22597  
9307.0  0.24512  
9311.5  0.26493  
9316.0  0.28556  
9320.599999999999  0.30737  
9325.1  0.33073  
9329.6  0.35545  
9334.1  0.38106  
9338.6  0.40767  
9343.099999999999  0.43589  
9347.6  0.46574  
9352.2  0.49654  
9356.699999999999  0.52787  
9361.2  0.55991  
9365.7  0.59265  
9370.2  0.62619  
9374.7  0.66055  
9379.199999999999  0.69506  
9383.8  0.72897  
9388.300000000001  0.76141  
9392.8  0.79149  
9397.3  0.81941  
9401.8  0.84582  
9406.3  0.87034  
9410.9  0.8922  
9415.4  0.91112  
9419.9  0.92727  
9424.400000000001  0.94048  
9428.9  0.95043  
9433.4  0.95818  
9438.0  0.96506  
9442.5  0.97106  
9447.0  0.97563  
9451.5  0.97806  
9456.0  0.97776  
9460.599999999999  0.97613  
9465.1  0.97512  
9469.6  0.97518  
9474.1  0.97561  
9478.6  0.97589  
9483.099999999999  0.97626  
9487.7  0.97638  
9492.2  0.97557  
9496.699999999999  0.97438  
9501.2  0.97394  
9505.800000000001  0.97414  
9510.3  0.97432  
9514.8  0.97397  
9519.3  0.97288  
9523.8  0.97154  
9528.4  0.97051  
9532.9  0.96949  
9537.4  0.9677  
9541.900000000001  0.96574  
9546.4  0.96471  
9551.0  0.96401  
9555.5  0.96246  
9560.0  0.96027  
9564.5  0.95837  
9569.1  0.9569  
9573.6  0.95593  
9578.099999999999  0.95565  
9582.6  0.95565  
9587.2  0.95582  
9591.699999999999  0.956  
9596.2  0.95613  
9600.7  0.95617  
9605.2  0.95606  
9609.8  0.95614  
9614.3  0.95695  
9618.8  0.95815  
9623.300000000001  0.95907  
9627.9  0.95963  
9632.4  0.9603  
9636.900000000001  0.96134  
9641.5  0.96252  
9646.0  0.96358  
9650.5  0.96487  
9655.0  0.96617  
9659.6  0.9664  
9664.1  0.96585  
9668.6  0.96587  
9673.099999999999  0.96666  
9677.7  0.96724  
9682.2  0.96706  
9686.699999999999  0.96617  
9691.2  0.96513  
9695.800000000001  0.96471  
9700.3  0.96489  
9704.8  0.9654  
9709.400000000001  0.96647  
9713.9  0.96747  
9718.4  0.96729  
9722.9  0.96585  
9727.5  0.96382  
9732.0  0.96258  
9736.5  0.9632  
9741.1  0.96475  
9745.599999999999  0.96538  
9750.1  0.96454  
9754.7  0.9632  
9759.199999999999  0.96267  
9763.7  0.96299  
9768.2  0.96363  
9772.8  0.96441  
9777.3  0.96519  
9781.8  0.96563  
9786.4  0.96554  
9790.9  0.96484  
9795.4  0.96393  
9800.0  0.96335  
9804.5  0.96293  
9809.0  0.96207  
9813.6  0.96082  
9818.099999999999  0.95987  
9822.6  0.95946  
9827.1  0.95931  
9831.699999999999  0.95931  
9836.2  0.95912  
9840.7  0.95835  
9845.3  0.95754  
9849.8  0.95708  
9854.3  0.95669  
9858.9  0.95692  
9863.4  0.95817  
9867.9  0.95932  
9872.5  0.95947  
9877.0  0.95933  
9881.5  0.95996  
9886.1  0.96083  
9890.599999999999  0.96109  
9895.2  0.96151  
9899.7  0.96274  
9904.199999999999  0.9643  
9908.8  0.96535  
9913.300000000001  0.96595  
9917.8  0.9664  
9922.4  0.96685  
9926.900000000001  0.96718  
9931.4  0.96742  
9936.0  0.96747  
9940.5  0.96706  
9945.0  0.96652  
9949.6  0.96658  
9954.1  0.96724  
9958.6  0.96759  
9963.2  0.96734  
9967.7  0.96724  
9972.3  0.9675  
9976.8  0.96775  
9981.3  0.9675  
9985.9  0.96644  
9990.4  0.96529  
9994.9  0.96472  
9999.5  0.96431  
10004.0  0.96344  
10008.6  0.96242  
10013.099999999999  0.96145  
10017.6  0.96025  
10022.2  0.95913  
10026.699999999999  0.95899  
10031.3  0.95935  
10035.800000000001  0.95917  
10040.3  0.95843  
10044.9  0.95773  
10049.400000000001  0.9571  
10053.9  0.95624  
10058.5  0.95579  
10063.0  0.95626  
10067.6  0.95703  
10072.1  0.95761  
10076.6  0.95819  
10081.2  0.95899  
10085.7  0.96005  
10090.3  0.96133  
10094.8  0.96218  
10099.3  0.96205  
10103.9  0.96144  
10108.4  0.96158  
10113.0  0.9629  
10117.5  0.96419  
10122.0  0.96452  
10126.6  0.96394  
10131.1  0.96328  
10135.7  0.96381  
10140.2  0.96502  
10144.8  0.96606  
10149.3  0.96728  
10153.8  0.96839  
10158.4  0.9683  
10162.9  0.96682  
10167.5  0.96524  
10172.0  0.96538  
10176.5  0.96704  
10181.1  0.96819  
10185.599999999999  0.9677  
10190.2  0.96644  
10194.7  0.96582  
10199.3  0.96638  
10203.8  0.96707  
10208.300000000001  0.9667  
10212.9  0.96503  
10217.4  0.96323  
10222.0  0.96272  
10226.5  0.9635  
10231.1  0.9644  
10235.599999999999  0.96457  
10240.2  0.96408  
10244.7  0.96254  
10249.2  0.96016  
10253.800000000001  0.95873  
10258.3  0.95913  
10262.9  0.96098  
10267.4  0.96309  
10272.0  0.96393  
10276.5  0.9634  
10281.099999999999  0.96195  
10285.599999999999  0.96023  
10290.1  0.95926  
10294.7  0.95935  
10299.2  0.95969  
10303.800000000001  0.95992  
10308.3  0.96065  
10312.9  0.96133  
10317.4  0.96079  
10322.0  0.95938  
10326.5  0.95836  
10331.099999999999  0.95831  
10335.599999999999  0.9587  
10340.1  0.95939  
10344.7  0.96071  
10349.2  0.96196  
10353.800000000001  0.96208  
10358.3  0.96193  
10362.9  0.96213  
10367.4  0.96236  
10372.0  0.96265  
10376.5  0.9624  
10381.099999999999  0.96124  
10385.599999999999  0.96026  
10390.2  0.95963  
10394.7  0.95904  
10399.300000000001  0.95873  
10403.800000000001  0.9595  
10408.4  0.96102  
10412.9  0.96162  
10417.4  0.95944  
10422.0  0.95614  
10426.5  0.95538  
10431.099999999999  0.9566  
10435.599999999999  0.95766  
10440.2  0.95824  
10444.7  0.9575  
10449.300000000001  0.9563  
10453.800000000001  0.95652  
10458.4  0.95667  
10462.9  0.95561  
10467.5  0.95444  
10472.0  0.95383  
10476.6  0.95371  
10481.099999999999  0.95377  
10485.699999999999  0.95403  
10490.2  0.95381  
10494.8  0.95134  
10499.300000000001  0.94716  
10503.900000000001  0.94439  
10508.4  0.94546  
10513.0  0.94807  
10517.5  0.94782  
10522.1  0.94577  
10526.6  0.94517  
10531.199999999999  0.94508  
10535.699999999999  0.94386  
10540.3  0.94293  
10544.8  0.94269  
10549.400000000001  0.94095  
10553.900000000001  0.93742  
10558.5  0.93379  
10563.0  0.9316  
10567.6  0.93165  
10572.1  0.93219  
10576.7  0.93034  
10581.199999999999  0.92579  
10585.8  0.921  
10590.3  0.91706  
10594.9  0.9139  
10599.400000000001  0.91149  
10604.0  0.90796  
10608.5  0.90275  
10613.099999999999  0.89684  
10617.6  0.89055  
10622.2  0.88416  
10626.7  0.87927  
10631.300000000001  0.87451  
10635.8  0.86667  
10640.4  0.85578  
10644.9  0.84405  
10649.5  0.83248  
10654.0  0.82157  
10658.599999999999  0.8111  
10663.099999999999  0.80101  
10667.7  0.79183  
10672.3  0.78244  
10676.800000000001  0.77087  
10681.400000000001  0.75629  
10685.9  0.73993  
10690.5  0.72261  
10695.0  0.70621  
10699.6  0.6907  
10704.1  0.67293  
10708.699999999999  0.65286  
10713.199999999999  0.6345  
10717.8  0.61873  
10722.3  0.60208  
10726.900000000001  0.58493  
10731.400000000001  0.56961  
10736.0  0.55389  
10740.5  0.5367  
10745.1  0.51744  
10749.6  0.49682  
10754.2  0.47618  
10758.800000000001  0.45481  
10763.3  0.43442  
10767.9  0.41941  
10772.4  0.40939  
10777.0  0.40112  
10781.5  0.39189  
10786.099999999999  0.37479  

