@MEASUREMENT_RADIUS 8.0 cm
#lambda:
#tr:
#end
9000.599999999999  0.00177  
9005.1  0.00196  
9009.6  0.00213  
9014.1  0.00216  
9018.6  0.00215  
9023.099999999999  0.00225  
9027.6  0.00236  
9032.1  0.0023  
9036.6  0.00217  
9041.1  0.00217  
9045.599999999999  0.00236  
9050.1  0.00254  
9054.6  0.00259  
9059.1  0.00265  
9063.6  0.00283  
9068.099999999999  0.00298  
9072.6  0.00306  
9077.1  0.00315  
9081.6  0.00316  
9086.1  0.00304  
9090.599999999999  0.00303  
9095.2  0.00326  
9099.7  0.0035  
9104.199999999999  0.00353  
9108.7  0.00353  
9113.2  0.00363  
9117.7  0.00379  
9122.2  0.00397  
9126.699999999999  0.00426  
9131.2  0.00467  
9135.7  0.00515  
9140.2  0.00553  
9144.7  0.00578  
9149.199999999999  0.00606  
9153.7  0.00645  
9158.2  0.00687  
9162.7  0.00731  
9167.2  0.00787  
9171.699999999999  0.00869  
9176.2  0.0098  
9180.7  0.01096  
9185.3  0.01198  
9189.8  0.01317  
9194.3  0.01488  
9198.8  0.01703  
9203.300000000001  0.01941  
9207.8  0.02201  
9212.3  0.02495  
9216.8  0.02828  
9221.3  0.03196  
9225.800000000001  0.03612  
9230.3  0.04093  
9234.8  0.04629  
9239.400000000001  0.05202  
9243.9  0.05831  
9248.4  0.06554  
9252.9  0.0737  
9257.4  0.08254  
9261.900000000001  0.09196  
9266.4  0.10205  
9270.9  0.11282  
9275.4  0.12435  
9279.9  0.1369  
9284.5  0.15062  
9289.0  0.16532  
9293.5  0.18085  
9298.0  0.19715  
9302.5  0.21424  
9307.0  0.23235  
9311.5  0.2519  
9316.0  0.2728  
9320.599999999999  0.29436  
9325.1  0.31623  
9329.6  0.33894  
9334.1  0.36324  
9338.6  0.38931  
9343.099999999999  0.41688  
9347.6  0.44554  
9352.2  0.47511  
9356.699999999999  0.5056  
9361.2  0.53715  
9365.7  0.5696  
9370.2  0.60303  
9374.7  0.63767  
9379.199999999999  0.67252  
9383.8  0.70609  
9388.300000000001  0.73785  
9392.8  0.7682  
9397.3  0.7975  
9401.8  0.82567  
9406.3  0.85222  
9410.9  0.8764  
9415.4  0.89772  
9419.9  0.91572  
9424.400000000001  0.93034  
9428.9  0.94206  
9433.4  0.95207  
9438.0  0.96065  
9442.5  0.96731  
9447.0  0.97176  
9451.5  0.97386  
9456.0  0.97469  
9460.599999999999  0.97547  
9465.1  0.97549  
9469.6  0.97457  
9474.1  0.97411  
9478.6  0.97433  
9483.099999999999  0.97466  
9487.7  0.97507  
9492.2  0.97568  
9496.699999999999  0.97618  
9501.2  0.97582  
9505.800000000001  0.97468  
9510.3  0.97344  
9514.8  0.97232  
9519.3  0.97148  
9523.8  0.97108  
9528.4  0.97075  
9532.9  0.97023  
9537.4  0.96908  
9541.900000000001  0.9673  
9546.4  0.9658  
9551.0  0.96482  
9555.5  0.96323  
9560.0  0.96106  
9564.5  0.95969  
9569.1  0.95908  
9573.6  0.95835  
9578.099999999999  0.95786  
9582.6  0.9577  
9587.2  0.9572  
9591.699999999999  0.95617  
9596.2  0.95532  
9600.7  0.95506  
9605.2  0.95526  
9609.8  0.95572  
9614.3  0.95648  
9618.8  0.95752  
9623.300000000001  0.95889  
9627.9  0.96021  
9632.4  0.96087  
9636.900000000001  0.96145  
9641.5  0.96282  
9646.0  0.96427  
9650.5  0.96501  
9655.0  0.96509  
9659.6  0.965  
9664.1  0.96541  
9668.6  0.96627  
9673.099999999999  0.96656  
9677.7  0.96607  
9682.2  0.96565  
9686.699999999999  0.96586  
9691.2  0.96615  
9695.800000000001  0.96583  
9700.3  0.96519  
9704.8  0.96497  
9709.400000000001  0.96555  
9713.9  0.96638  
9718.4  0.96691  
9722.9  0.96701  
9727.5  0.96665  
9732.0  0.96606  
9736.5  0.96552  
9741.1  0.96513  
9745.599999999999  0.96495  
9750.1  0.9646  
9754.7  0.96378  
9759.199999999999  0.96339  
9763.7  0.96384  
9768.2  0.96434  
9772.8  0.96423  
9777.3  0.96388  
9781.8  0.96376  
9786.4  0.96394  
9790.9  0.96417  
9795.4  0.96425  
9800.0  0.96377  
9804.5  0.96249  
9809.0  0.96112  
9813.6  0.96061  
9818.099999999999  0.9608  
9822.6  0.96084  
9827.1  0.96033  
9831.699999999999  0.95959  
9836.2  0.95868  
9840.7  0.95779  
9845.3  0.95771  
9849.8  0.95853  
9854.3  0.95912  
9858.9  0.95894  
9863.4  0.95877  
9867.9  0.95926  
9872.5  0.9602  
9877.0  0.96073  
9881.5  0.95996  
9886.1  0.95859  
9890.599999999999  0.95826  
9895.2  0.95931  
9899.7  0.96077  
9904.199999999999  0.96187  
9908.8  0.96293  
9913.300000000001  0.96459  
9917.8  0.96612  
9922.4  0.96674  
9926.900000000001  0.9668  
9931.4  0.96726  
9936.0  0.9684  
9940.5  0.9695  
9945.0  0.96979  
9949.6  0.9691  
9954.1  0.96793  
9958.6  0.96729  
9963.2  0.967  
9967.7  0.96636  
9972.3  0.96603  
9976.8  0.96651  
9981.3  0.96701  
9985.9  0.9668  
9990.4  0.96562  
9994.9  0.96401  
9999.5  0.96314  
10004.0  0.96331  
10008.6  0.96324  
10013.099999999999  0.96158  
10017.6  0.95932  
10022.2  0.95831  
10026.699999999999  0.95899  
10031.3  0.96034  
10035.800000000001  0.96091  
10040.3  0.9598  
10044.9  0.95775  
10049.400000000001  0.9562  
10053.9  0.95568  
10058.5  0.95575  
10063.0  0.95599  
10067.6  0.95645  
10072.1  0.95728  
10076.6  0.95872  
10081.2  0.96025  
10085.7  0.96091  
10090.3  0.96072  
10094.8  0.96059  
10099.3  0.96089  
10103.9  0.96093  
10108.4  0.96052  
10113.0  0.96062  
10117.5  0.96168  
10122.0  0.963  
10126.6  0.96385  
10131.1  0.96436  
10135.7  0.96526  
10140.2  0.96641  
10144.8  0.96712  
10149.3  0.96723  
10153.8  0.96715  
10158.4  0.9669  
10162.9  0.96675  
10167.5  0.96707  
10172.0  0.96746  
10176.5  0.96707  
10181.1  0.96568  
10185.599999999999  0.96443  
10190.2  0.96432  
10194.7  0.96546  
10199.3  0.96749  
10203.8  0.96869  
10208.300000000001  0.96801  
10212.9  0.9664  
10217.4  0.96511  
10222.0  0.96421  
10226.5  0.9637  
10231.1  0.96345  
10235.599999999999  0.96317  
10240.2  0.96287  
10244.7  0.96234  
10249.2  0.96187  
10253.800000000001  0.96187  
10258.3  0.96235  
10262.9  0.96252  
10267.4  0.96194  
10272.0  0.96125  
10276.5  0.9615  
10281.099999999999  0.96241  
10285.599999999999  0.96273  
10290.1  0.96171  
10294.7  0.96044  
10299.2  0.95974  
10303.800000000001  0.95895  
10308.3  0.95828  
10312.9  0.95893  
10317.4  0.96065  
10322.0  0.96148  
10326.5  0.96108  
10331.099999999999  0.96108  
10335.599999999999  0.96182  
10340.1  0.96277  
10344.7  0.96364  
10349.2  0.96368  
10353.800000000001  0.9627  
10358.3  0.96209  
10362.9  0.96244  
10367.4  0.96261  
10372.0  0.96227  
10376.5  0.9622  
10381.099999999999  0.96288  
10385.599999999999  0.96297  
10390.2  0.96123  
10394.7  0.95913  
10399.300000000001  0.95831  
10403.800000000001  0.95825  
10408.4  0.95813  
10412.9  0.9582  
10417.4  0.95818  
10422.0  0.9578  
10426.5  0.95801  
10431.099999999999  0.95931  
10435.599999999999  0.96021  
10440.2  0.95996  
10444.7  0.95955  
10449.300000000001  0.96003  
10453.800000000001  0.96076  
10458.4  0.96029  
10462.9  0.95859  
10467.5  0.95669  
10472.0  0.95529  
10476.6  0.95381  
10481.099999999999  0.95275  
10485.699999999999  0.95377  
10490.2  0.95616  
10494.8  0.95638  
10499.300000000001  0.95334  
10503.900000000001  0.94973  
10508.4  0.94814  
10513.0  0.94853  
10517.5  0.94858  
10522.1  0.94753  
10526.6  0.94655  
10531.199999999999  0.94619  
10535.699999999999  0.9456  
10540.3  0.94394  
10544.8  0.9417  
10549.400000000001  0.93958  
10553.900000000001  0.93744  
10558.5  0.93487  
10563.0  0.93129  
10567.6  0.9276  
10572.1  0.926  
10576.7  0.92711  
10581.199999999999  0.92782  
10585.8  0.92496  
10590.3  0.92014  
10594.9  0.91648  
10599.400000000001  0.91298  
10604.0  0.90744  
10608.5  0.9017  
10613.099999999999  0.89622  
10617.6  0.89004  
10622.2  0.88304  
10626.7  0.87647  
10631.300000000001  0.87131  
10635.8  0.86748  
10640.4  0.86226  
10644.9  0.85262  
10649.5  0.83952  
10654.0  0.82579  
10658.599999999999  0.81274  
10663.099999999999  0.80066  
10667.7  0.79082  
10672.3  0.7836  
10676.800000000001  0.77664  
10681.400000000001  0.76479  
10685.9  0.7467  
10690.5  0.7273  
10695.0  0.71061  
10699.6  0.69572  
10704.1  0.68056  
10708.699999999999  0.66423  
10713.199999999999  0.64651  
10717.8  0.62679  
10722.3  0.6055  
10726.900000000001  0.58608  
10731.400000000001  0.56856  
10736.0  0.54867  
10740.5  0.52696  
10745.1  0.50668  
10749.6  0.48944  
10754.2  0.47416  
10758.800000000001  0.45836  
10763.3  0.44184  
10767.9  0.42702  
10772.4  0.41399  
10777.0  0.40234  
10781.5  0.39223  
10786.099999999999  0.37784  

