@MEASUREMENT_RADIUS 9.0 cm
#lambda:
#tr:
#end
9000.599999999999  0.00179  
9005.1  0.00188  
9009.6  0.00181  
9014.1  0.0016  
9018.6  0.00149  
9023.099999999999  0.0017  
9027.6  0.002  
9032.1  0.00221  
9036.6  0.00224  
9041.1  0.00214  
9045.599999999999  0.00221  
9050.1  0.00254  
9054.6  0.00283  
9059.1  0.00295  
9063.6  0.00301  
9068.099999999999  0.00311  
9072.6  0.00327  
9077.1  0.00337  
9081.6  0.00334  
9086.1  0.00326  
9090.599999999999  0.00317  
9095.2  0.00315  
9099.7  0.00345  
9104.199999999999  0.00401  
9108.7  0.0044  
9113.2  0.00449  
9117.7  0.00453  
9122.2  0.00471  
9126.699999999999  0.00495  
9131.2  0.00519  
9135.7  0.0053  
9140.2  0.00534  
9144.7  0.00549  
9149.199999999999  0.00582  
9153.7  0.00621  
9158.2  0.00671  
9162.7  0.00732  
9167.2  0.00798  
9171.699999999999  0.00861  
9176.2  0.00932  
9180.7  0.01032  
9185.3  0.01171  
9189.8  0.01329  
9194.3  0.01488  
9198.8  0.01644  
9203.300000000001  0.01801  
9207.8  0.0199  
9212.3  0.02258  
9216.8  0.02597  
9221.3  0.02964  
9225.800000000001  0.03358  
9230.3  0.038  
9234.8  0.0429  
9239.400000000001  0.0483  
9243.9  0.05426  
9248.4  0.06082  
9252.9  0.06811  
9257.4  0.07638  
9261.900000000001  0.08566  
9266.4  0.09578  
9270.9  0.10642  
9275.4  0.11757  
9279.9  0.12958  
9284.5  0.14262  
9289.0  0.15658  
9293.5  0.17139  
9298.0  0.18721  
9302.5  0.20409  
9307.0  0.22188  
9311.5  0.24042  
9316.0  0.25971  
9320.599999999999  0.27994  
9325.1  0.30136  
9329.6  0.3241  
9334.1  0.34821  
9338.6  0.37358  
9343.099999999999  0.39985  
9347.6  0.42702  
9352.2  0.45553  
9356.699999999999  0.48558  
9361.2  0.51703  
9365.7  0.54922  
9370.2  0.58187  
9374.7  0.61505  
9379.199999999999  0.64851  
9383.8  0.68166  
9388.300000000001  0.71406  
9392.8  0.74553  
9397.3  0.77625  
9401.8  0.80602  
9406.3  0.83373  
9410.9  0.85876  
9415.4  0.88169  
9419.9  0.9024  
9424.400000000001  0.91959  
9428.9  0.93296  
9433.4  0.94386  
9438.0  0.95318  
9442.5  0.96097  
9447.0  0.9669  
9451.5  0.97107  
9456.0  0.97346  
9460.599999999999  0.9746  
9465.1  0.97479  
9469.6  0.97427  
9474.1  0.97368  
9478.6  0.97333  
9483.099999999999  0.97318  
9487.7  0.97339  
9492.2  0.97406  
9496.699999999999  0.9746  
9501.2  0.97474  
9505.800000000001  0.97515  
9510.3  0.97562  
9514.8  0.97533  
9519.3  0.9741  
9523.8  0.97208  
9528.4  0.96988  
9532.9  0.96851  
9537.4  0.9676  
9541.900000000001  0.96657  
9546.4  0.96559  
9551.0  0.9645  
9555.5  0.96274  
9560.0  0.96078  
9564.5  0.95966  
9569.1  0.95893  
9573.6  0.95799  
9578.099999999999  0.95693  
9582.6  0.95586  
9587.2  0.95511  
9591.699999999999  0.95495  
9596.2  0.95541  
9600.7  0.95601  
9605.2  0.95615  
9609.8  0.95576  
9614.3  0.95561  
9618.8  0.95653  
9623.300000000001  0.95813  
9627.9  0.95931  
9632.4  0.95986  
9636.900000000001  0.96042  
9641.5  0.96179  
9646.0  0.96367  
9650.5  0.96509  
9655.0  0.96563  
9659.6  0.96554  
9664.1  0.96594  
9668.6  0.96691  
9673.099999999999  0.96726  
9677.7  0.96665  
9682.2  0.96588  
9686.699999999999  0.96558  
9691.2  0.96555  
9695.800000000001  0.96552  
9700.3  0.96559  
9704.8  0.9658  
9709.400000000001  0.96627  
9713.9  0.96691  
9718.4  0.96716  
9722.9  0.96651  
9727.5  0.96509  
9732.0  0.96374  
9736.5  0.96355  
9741.1  0.96452  
9745.599999999999  0.9658  
9750.1  0.96618  
9754.7  0.96543  
9759.199999999999  0.96474  
9763.7  0.96451  
9768.2  0.96452  
9772.8  0.96489  
9777.3  0.96549  
9781.8  0.96568  
9786.4  0.96514  
9790.9  0.96442  
9795.4  0.96419  
9800.0  0.96443  
9804.5  0.96424  
9809.0  0.9633  
9813.6  0.96213  
9818.099999999999  0.96156  
9822.6  0.96182  
9827.1  0.96188  
9831.699999999999  0.96138  
9836.2  0.96057  
9840.7  0.95949  
9845.3  0.95849  
9849.8  0.95777  
9854.3  0.95768  
9858.9  0.95855  
9863.4  0.95955  
9867.9  0.95979  
9872.5  0.95932  
9877.0  0.95864  
9881.5  0.95816  
9886.1  0.95829  
9890.599999999999  0.9593  
9895.2  0.96112  
9899.7  0.96299  
9904.199999999999  0.9641  
9908.8  0.96419  
9913.300000000001  0.964  
9917.8  0.96408  
9922.4  0.96442  
9926.900000000001  0.96493  
9931.4  0.96576  
9936.0  0.96693  
9940.5  0.9681  
9945.0  0.96865  
9949.6  0.96823  
9954.1  0.96744  
9958.6  0.96679  
9963.2  0.9664  
9967.7  0.96653  
9972.3  0.96722  
9976.8  0.96794  
9981.3  0.96798  
9985.9  0.96747  
9990.4  0.96679  
9994.9  0.96568  
9999.5  0.96453  
10004.0  0.96429  
10008.6  0.96446  
10013.099999999999  0.96346  
10017.6  0.96141  
10022.2  0.95967  
10026.699999999999  0.95917  
10031.3  0.95951  
10035.800000000001  0.95921  
10040.3  0.95777  
10044.9  0.95602  
10049.400000000001  0.95489  
10053.9  0.95484  
10058.5  0.95598  
10063.0  0.95723  
10067.6  0.95732  
10072.1  0.95653  
10076.6  0.95644  
10081.2  0.9577  
10085.7  0.9593  
10090.3  0.96019  
10094.8  0.96068  
10099.3  0.96126  
10103.9  0.96131  
10108.4  0.9606  
10113.0  0.96045  
10117.5  0.9612  
10122.0  0.96208  
10126.6  0.96258  
10131.1  0.96296  
10135.7  0.96422  
10140.2  0.96628  
10144.8  0.96782  
10149.3  0.96799  
10153.8  0.9674  
10158.4  0.96666  
10162.9  0.96608  
10167.5  0.96589  
10172.0  0.96611  
10176.5  0.96641  
10181.1  0.96659  
10185.599999999999  0.96697  
10190.2  0.96724  
10194.7  0.96713  
10199.3  0.96675  
10203.8  0.96574  
10208.300000000001  0.96429  
10212.9  0.9635  
10217.4  0.96392  
10222.0  0.96498  
10226.5  0.96574  
10231.1  0.96517  
10235.599999999999  0.96333  
10240.2  0.96213  
10244.7  0.96228  
10249.2  0.96221  
10253.800000000001  0.96159  
10258.3  0.96111  
10262.9  0.96043  
10267.4  0.95947  
10272.0  0.95964  
10276.5  0.96182  
10281.099999999999  0.96362  
10285.599999999999  0.9631  
10290.1  0.96141  
10294.7  0.96048  
10299.2  0.96046  
10303.800000000001  0.96083  
10308.3  0.96147  
10312.9  0.96239  
10317.4  0.96291  
10322.0  0.96246  
10326.5  0.96153  
10331.099999999999  0.96105  
10335.599999999999  0.96094  
10340.1  0.96122  
10344.7  0.96208  
10349.2  0.96294  
10353.800000000001  0.9629  
10358.3  0.96234  
10362.9  0.96213  
10367.4  0.96241  
10372.0  0.9626  
10376.5  0.96244  
10381.099999999999  0.962  
10385.599999999999  0.96138  
10390.2  0.96074  
10394.7  0.96035  
10399.300000000001  0.96006  
10403.800000000001  0.96054  
10408.4  0.96194  
10412.9  0.96263  
10417.4  0.96086  
10422.0  0.95778  
10426.5  0.95593  
10431.099999999999  0.95539  
10435.599999999999  0.95479  
10440.2  0.95483  
10444.7  0.9563  
10449.300000000001  0.95841  
10453.800000000001  0.95994  
10458.4  0.96008  
10462.9  0.95895  
10467.5  0.95782  
10472.0  0.95742  
10476.6  0.95647  
10481.099999999999  0.95487  
10485.699999999999  0.95349  
10490.2  0.95272  
10494.8  0.95263  
10499.300000000001  0.95157  
10503.900000000001  0.94792  
10508.4  0.94481  
10513.0  0.9457  
10517.5  0.94805  
10522.1  0.94864  
10526.6  0.94893  
10531.199999999999  0.94897  
10535.699999999999  0.94634  
10540.3  0.94243  
10544.8  0.94063  
10549.400000000001  0.94139  
10553.900000000001  0.94264  
10558.5  0.94229  
10563.0  0.94018  
10567.6  0.93733  
10572.1  0.93447  
10576.7  0.93137  
10581.199999999999  0.92835  
10585.8  0.92588  
10590.3  0.92293  
10594.9  0.91856  
10599.400000000001  0.91281  
10604.0  0.90603  
10608.5  0.90023  
10613.099999999999  0.89554  
10617.6  0.88974  
10622.2  0.88308  
10626.7  0.87683  
10631.300000000001  0.86973  
10635.8  0.86252  
10640.4  0.85671  
10644.9  0.85136  
10649.5  0.84475  
10654.0  0.83632  
10658.599999999999  0.82558  
10663.099999999999  0.81218  
10667.7  0.79835  
10672.3  0.78626  
10676.800000000001  0.77485  
10681.400000000001  0.76091  
10685.9  0.74355  
10690.5  0.72439  
10695.0  0.70705  
10699.6  0.69237  
10704.1  0.67749  
10708.699999999999  0.66143  
10713.199999999999  0.64507  
10717.8  0.62668  
10722.3  0.60559  
10726.900000000001  0.58638  
10731.400000000001  0.57219  
10736.0  0.55889  
10740.5  0.54111  
10745.1  0.51966  
10749.6  0.50014  
10754.2  0.48384  
10758.800000000001  0.46848  
10763.3  0.45166  
10767.9  0.43281  
10772.4  0.41388  
10777.0  0.3983  
10781.5  0.38629  
10786.099999999999  0.37165  

