@MEASUREMENT_RADIUS 10.0 cm
#lambda:
#tr:
#end
9000.599999999999  0.00137  
9005.1  0.00146  
9009.6  0.00151  
9014.1  0.00148  
9018.6  0.00151  
9023.099999999999  0.00168  
9027.6  0.00183  
9032.1  0.00186  
9036.6  0.0019  
9041.1  0.00202  
9045.599999999999  0.00218  
9050.1  0.00229  
9054.6  0.00233  
9059.1  0.00234  
9063.6  0.00232  
9068.099999999999  0.00231  
9072.6  0.00235  
9077.1  0.00251  
9081.6  0.00267  
9086.1  0.00286  
9090.599999999999  0.00316  
9095.2  0.00347  
9099.7  0.00365  
9104.199999999999  0.00373  
9108.7  0.00385  
9113.2  0.00402  
9117.7  0.00416  
9122.2  0.00431  
9126.699999999999  0.00459  
9131.2  0.00491  
9135.7  0.00511  
9140.2  0.00524  
9144.7  0.00545  
9149.199999999999  0.00573  
9153.7  0.00603  
9158.2  0.00649  
9162.7  0.00712  
9167.2  0.00773  
9171.699999999999  0.00826  
9176.2  0.0089  
9180.7  0.00974  
9185.3  0.0108  
9189.8  0.01204  
9194.3  0.01358  
9198.8  0.01533  
9203.300000000001  0.01721  
9207.8  0.01932  
9212.3  0.02172  
9216.8  0.02453  
9221.3  0.02781  
9225.800000000001  0.03155  
9230.3  0.03572  
9234.8  0.04042  
9239.400000000001  0.04564  
9243.9  0.05136  
9248.4  0.05776  
9252.9  0.06493  
9257.4  0.0728  
9261.900000000001  0.08136  
9266.4  0.09077  
9270.9  0.10098  
9275.4  0.11197  
9279.9  0.12396  
9284.5  0.13699  
9289.0  0.15081  
9293.5  0.16523  
9298.0  0.18043  
9302.5  0.19654  
9307.0  0.21359  
9311.5  0.23177  
9316.0  0.25126  
9320.599999999999  0.27165  
9325.1  0.29258  
9329.6  0.31439  
9334.1  0.33756  
9338.6  0.36209  
9343.099999999999  0.38768  
9347.6  0.41417  
9352.2  0.44185  
9356.699999999999  0.47112  
9361.2  0.5019  
9365.7  0.53356  
9370.2  0.56557  
9374.7  0.59856  
9379.199999999999  0.63272  
9383.8  0.66649  
9388.300000000001  0.69858  
9392.8  0.72946  
9397.3  0.75973  
9401.8  0.78924  
9406.3  0.81777  
9410.9  0.84459  
9415.4  0.86885  
9419.9  0.89008  
9424.400000000001  0.90831  
9428.9  0.92394  
9433.4  0.93742  
9438.0  0.94841  
9442.5  0.95714  
9447.0  0.96434  
9451.5  0.96956  
9456.0  0.9722  
9460.599999999999  0.97296  
9465.1  0.97321  
9469.6  0.97362  
9474.1  0.97405  
9478.6  0.97467  
9483.099999999999  0.97601  
9487.7  0.97723  
9492.2  0.97708  
9496.699999999999  0.97585  
9501.2  0.97498  
9505.800000000001  0.9751  
9510.3  0.9752  
9514.8  0.97419  
9519.3  0.9722  
9523.8  0.97047  
9528.4  0.97001  
9532.9  0.97085  
9537.4  0.97129  
9541.900000000001  0.97004  
9546.4  0.96827  
9551.0  0.96703  
9555.5  0.9656  
9560.0  0.96347  
9564.5  0.96117  
9569.1  0.9591  
9573.6  0.9576  
9578.099999999999  0.9569  
9582.6  0.95621  
9587.2  0.95519  
9591.699999999999  0.95414  
9596.2  0.95344  
9600.7  0.95351  
9605.2  0.9542  
9609.8  0.95487  
9614.3  0.95574  
9618.8  0.95688  
9623.300000000001  0.95756  
9627.9  0.95779  
9632.4  0.95811  
9636.900000000001  0.95911  
9641.5  0.9611  
9646.0  0.96319  
9650.5  0.96424  
9655.0  0.96432  
9659.6  0.96419  
9664.1  0.96457  
9668.6  0.96565  
9673.099999999999  0.96637  
9677.7  0.96604  
9682.2  0.96533  
9686.699999999999  0.96516  
9691.2  0.96539  
9695.800000000001  0.96535  
9700.3  0.96512  
9704.8  0.96535  
9709.400000000001  0.96607  
9713.9  0.9665  
9718.4  0.96633  
9722.9  0.96578  
9727.5  0.96503  
9732.0  0.96455  
9736.5  0.96492  
9741.1  0.96565  
9745.599999999999  0.96579  
9750.1  0.96509  
9754.7  0.96382  
9759.199999999999  0.96244  
9763.7  0.96179  
9768.2  0.96232  
9772.8  0.96345  
9777.3  0.96458  
9781.8  0.96572  
9786.4  0.96651  
9790.9  0.96625  
9795.4  0.96571  
9800.0  0.96568  
9804.5  0.9652  
9809.0  0.96357  
9813.6  0.96162  
9818.099999999999  0.96057  
9822.6  0.96044  
9827.1  0.96034  
9831.699999999999  0.95996  
9836.2  0.95949  
9840.7  0.95894  
9845.3  0.95828  
9849.8  0.9578  
9854.3  0.95755  
9858.9  0.95759  
9863.4  0.95787  
9867.9  0.95831  
9872.5  0.95851  
9877.0  0.95834  
9881.5  0.95795  
9886.1  0.95774  
9890.599999999999  0.95826  
9895.2  0.95939  
9899.7  0.96084  
9904.199999999999  0.96233  
9908.8  0.96318  
9913.300000000001  0.96337  
9917.8  0.96385  
9922.4  0.96534  
9926.900000000001  0.96694  
9931.4  0.96821  
9936.0  0.96905  
9940.5  0.96907  
9945.0  0.96853  
9949.6  0.96806  
9954.1  0.96802  
9958.6  0.96822  
9963.2  0.9685  
9967.7  0.96889  
9972.3  0.96902  
9976.8  0.96868  
9981.3  0.96819  
9985.9  0.96775  
9990.4  0.96739  
9994.9  0.96671  
9999.5  0.96551  
10004.0  0.96427  
10008.6  0.96327  
10013.099999999999  0.96206  
10017.6  0.96096  
10022.2  0.96067  
10026.699999999999  0.96096  
10031.3  0.96088  
10035.800000000001  0.9598  
10040.3  0.95784  
10044.9  0.95631  
10049.400000000001  0.95623  
10053.9  0.95679  
10058.5  0.95725  
10063.0  0.9574  
10067.6  0.95706  
10072.1  0.95712  
10076.6  0.9584  
10081.2  0.95967  
10085.7  0.95955  
10090.3  0.95885  
10094.8  0.95936  
10099.3  0.96088  
10103.9  0.9618  
10108.4  0.96162  
10113.0  0.96138  
10117.5  0.96149  
10122.0  0.96161  
10126.6  0.9624  
10131.1  0.96419  
10135.7  0.96642  
10140.2  0.9675  
10144.8  0.96706  
10149.3  0.96657  
10153.8  0.96686  
10158.4  0.96733  
10162.9  0.9671  
10167.5  0.96625  
10172.0  0.96547  
10176.5  0.9651  
10181.1  0.96489  
10185.599999999999  0.96453  
10190.2  0.96442  
10194.7  0.96485  
10199.3  0.96598  
10203.8  0.96715  
10208.300000000001  0.96695  
10212.9  0.96516  
10217.4  0.96377  
10222.0  0.96364  
10226.5  0.96366  
10231.1  0.96327  
10235.599999999999  0.96281  
10240.2  0.96257  
10244.7  0.96223  
10249.2  0.96119  
10253.800000000001  0.96041  
10258.3  0.96107  
10262.9  0.96289  
10267.4  0.96456  
10272.0  0.96476  
10276.5  0.96359  
10281.099999999999  0.96195  
10285.599999999999  0.96054  
10290.1  0.95914  
10294.7  0.95786  
10299.2  0.95732  
10303.800000000001  0.95816  
10308.3  0.96022  
10312.9  0.96249  
10317.4  0.9637  
10322.0  0.9628  
10326.5  0.96008  
10331.099999999999  0.95788  
10335.599999999999  0.95794  
10340.1  0.95946  
10344.7  0.96107  
10349.2  0.96266  
10353.800000000001  0.96342  
10358.3  0.96275  
10362.9  0.96223  
10367.4  0.96257  
10372.0  0.96328  
10376.5  0.96353  
10381.099999999999  0.96213  
10385.599999999999  0.9595  
10390.2  0.95803  
10394.7  0.95886  
10399.300000000001  0.95975  
10403.800000000001  0.9594  
10408.4  0.95815  
10412.9  0.95678  
10417.4  0.95573  
10422.0  0.95558  
10426.5  0.95714  
10431.099999999999  0.95927  
10435.599999999999  0.95943  
10440.2  0.95766  
10444.7  0.95635  
10449.300000000001  0.95595  
10453.800000000001  0.95581  
10458.4  0.95661  
10462.9  0.95767  
10467.5  0.95665  
10472.0  0.95478  
10476.6  0.95481  
10481.099999999999  0.95625  
10485.699999999999  0.95591  
10490.2  0.95428  
10494.8  0.95396  
10499.300000000001  0.95384  
10503.900000000001  0.95202  
10508.4  0.95016  
10513.0  0.95036  
10517.5  0.95021  
10522.1  0.9471  
10526.6  0.94393  
10531.199999999999  0.94321  
10535.699999999999  0.94342  
10540.3  0.94319  
10544.8  0.94327  
10549.400000000001  0.94252  
10553.900000000001  0.93981  
10558.5  0.93599  
10563.0  0.93387  
10567.6  0.93469  
10572.1  0.93544  
10576.7  0.93319  
10581.199999999999  0.9291  
10585.8  0.9247  
10590.3  0.91946  
10594.9  0.91531  
10599.400000000001  0.91331  
10604.0  0.91087  
10608.5  0.90708  
10613.099999999999  0.90138  
10617.6  0.89391  
10622.2  0.88583  
10626.7  0.87947  
10631.300000000001  0.87379  
10635.8  0.86604  
10640.4  0.8571  
10644.9  0.8495  
10649.5  0.84289  
10654.0  0.83549  
10658.599999999999  0.82581  
10663.099999999999  0.81402  
10667.7  0.80341  
10672.3  0.79531  
10676.800000000001  0.78493  
10681.400000000001  0.76832  
10685.9  0.74878  
10690.5  0.73092  
10695.0  0.71489  
10699.6  0.70038  
10704.1  0.68637  
10708.699999999999  0.67035  
10713.199999999999  0.65233  
10717.8  0.63487  
10722.3  0.61821  
10726.900000000001  0.60251  
10731.400000000001  0.58624  
10736.0  0.56672  
10740.5  0.54447  
10745.1  0.52223  
10749.6  0.50279  
10754.2  0.48683  
10758.800000000001  0.47248  
10763.3  0.45784  
10767.9  0.4423  
10772.4  0.42708  
10777.0  0.41408  
10781.5  0.40261  
10786.099999999999  0.38652  

