@MEASUREMENT_RADIUS 11.0 cm
#lambda:
#tr:
#end
9000.599999999999  0.00174  
9005.1  0.00174  
9009.6  0.0017  
9014.1  0.00178  
9018.6  0.00194  
9023.099999999999  0.00205  
9027.6  0.00203  
9032.1  0.00195  
9036.6  0.00205  
9041.1  0.00231  
9045.599999999999  0.00243  
9050.1  0.00231  
9054.6  0.00217  
9059.1  0.00213  
9063.6  0.00222  
9068.099999999999  0.0025  
9072.6  0.00291  
9077.1  0.00317  
9081.6  0.00313  
9086.1  0.00302  
9090.599999999999  0.00304  
9095.2  0.00316  
9099.7  0.0033  
9104.199999999999  0.00353  
9108.7  0.00387  
9113.2  0.00416  
9117.7  0.00428  
9122.2  0.00435  
9126.699999999999  0.00442  
9131.2  0.00453  
9135.7  0.00472  
9140.2  0.00502  
9144.7  0.00545  
9149.199999999999  0.00598  
9153.7  0.00645  
9158.2  0.00681  
9162.7  0.00717  
9167.2  0.00768  
9171.699999999999  0.00834  
9176.2  0.00908  
9180.7  0.00995  
9185.3  0.01109  
9189.8  0.01232  
9194.3  0.01342  
9198.8  0.01449  
9203.300000000001  0.01585  
9207.8  0.01784  
9212.3  0.0204  
9216.8  0.02323  
9221.3  0.02635  
9225.800000000001  0.0299  
9230.3  0.03378  
9234.8  0.03812  
9239.400000000001  0.04328  
9243.9  0.04931  
9248.4  0.05604  
9252.9  0.06322  
9257.4  0.07074  
9261.900000000001  0.07892  
9266.4  0.08808  
9270.9  0.09808  
9275.4  0.10892  
9279.9  0.12076  
9284.5  0.13354  
9289.0  0.14704  
9293.5  0.1612  
9298.0  0.1762  
9302.5  0.19236  
9307.0  0.20967  
9311.5  0.22781  
9316.0  0.24667  
9320.599999999999  0.2664  
9325.1  0.28726  
9329.6  0.30929  
9334.1  0.33202  
9338.6  0.3554  
9343.099999999999  0.38012  
9347.6  0.40655  
9352.2  0.4344  
9356.699999999999  0.46329  
9361.2  0.49314  
9365.7  0.52402  
9370.2  0.55571  
9374.7  0.58794  
9379.199999999999  0.62044  
9383.8  0.65303  
9388.300000000001  0.68561  
9392.8  0.71784  
9397.3  0.74924  
9401.8  0.77971  
9406.3  0.80855  
9410.9  0.8348  
9415.4  0.85856  
9419.9  0.88017  
9424.400000000001  0.89931  
9428.9  0.91568  
9433.4  0.92953  
9438.0  0.94136  
9442.5  0.95124  
9447.0  0.95865  
9451.5  0.96385  
9456.0  0.9677  
9460.599999999999  0.97061  
9465.1  0.97269  
9469.6  0.97434  
9474.1  0.97557  
9478.6  0.97592  
9483.099999999999  0.97575  
9487.7  0.97549  
9492.2  0.97519  
9496.699999999999  0.97487  
9501.2  0.97473  
9505.800000000001  0.97505  
9510.3  0.97531  
9514.8  0.97496  
9519.3  0.97407  
9523.8  0.97277  
9528.4  0.97141  
9532.9  0.97056  
9537.4  0.97  
9541.900000000001  0.96925  
9546.4  0.96829  
9551.0  0.96727  
9555.5  0.9662  
9560.0  0.96494  
9564.5  0.9634  
9569.1  0.96167  
9573.6  0.95998  
9578.099999999999  0.9583  
9582.6  0.95673  
9587.2  0.95567  
9591.699999999999  0.95515  
9596.2  0.95532  
9600.7  0.95572  
9605.2  0.95556  
9609.8  0.95493  
9614.3  0.95492  
9618.8  0.95573  
9623.300000000001  0.95675  
9627.9  0.95782  
9632.4  0.95911  
9636.900000000001  0.96052  
9641.5  0.96177  
9646.0  0.96253  
9650.5  0.96314  
9655.0  0.96405  
9659.6  0.96503  
9664.1  0.96578  
9668.6  0.96635  
9673.099999999999  0.96675  
9677.7  0.96711  
9682.2  0.96706  
9686.699999999999  0.9667  
9691.2  0.96618  
9695.800000000001  0.96547  
9700.3  0.965  
9704.8  0.96515  
9709.400000000001  0.96596  
9713.9  0.96675  
9718.4  0.96697  
9722.9  0.96657  
9727.5  0.96544  
9732.0  0.96421  
9736.5  0.96421  
9741.1  0.96562  
9745.599999999999  0.96704  
9750.1  0.96715  
9754.7  0.96619  
9759.199999999999  0.96554  
9763.7  0.96548  
9768.2  0.96552  
9772.8  0.96554  
9777.3  0.96586  
9781.8  0.96644  
9786.4  0.9667  
9790.9  0.96611  
9795.4  0.96531  
9800.0  0.96477  
9804.5  0.96415  
9809.0  0.96302  
9813.6  0.9617  
9818.099999999999  0.961  
9822.6  0.96088  
9827.1  0.96074  
9831.699999999999  0.96064  
9836.2  0.96042  
9840.7  0.95953  
9845.3  0.95824  
9849.8  0.95736  
9854.3  0.95736  
9858.9  0.95787  
9863.4  0.95825  
9867.9  0.95854  
9872.5  0.95879  
9877.0  0.95911  
9881.5  0.95946  
9886.1  0.95948  
9890.599999999999  0.95961  
9895.2  0.96048  
9899.7  0.96167  
9904.199999999999  0.96253  
9908.8  0.963  
9913.300000000001  0.96361  
9917.8  0.96468  
9922.4  0.96602  
9926.900000000001  0.96697  
9931.4  0.96711  
9936.0  0.96707  
9940.5  0.96783  
9945.0  0.96877  
9949.6  0.96871  
9954.1  0.96828  
9958.6  0.96815  
9963.2  0.96806  
9967.7  0.96794  
9972.3  0.96804  
9976.8  0.96846  
9981.3  0.96843  
9985.9  0.96766  
9990.4  0.96678  
9994.9  0.96591  
9999.5  0.96499  
10004.0  0.96437  
10008.6  0.96423  
10013.099999999999  0.96378  
10017.6  0.96254  
10022.2  0.96131  
10026.699999999999  0.96093  
10031.3  0.96096  
10035.800000000001  0.96099  
10040.3  0.96054  
10044.9  0.95948  
10049.400000000001  0.95814  
10053.9  0.95682  
10058.5  0.95593  
10063.0  0.95564  
10067.6  0.95621  
10072.1  0.95751  
10076.6  0.95862  
10081.2  0.95893  
10085.7  0.95891  
10090.3  0.9592  
10094.8  0.9599  
10099.3  0.96041  
10103.9  0.96013  
10108.4  0.95984  
10113.0  0.96061  
10117.5  0.96163  
10122.0  0.96202  
10126.6  0.96242  
10131.1  0.96288  
10135.7  0.96379  
10140.2  0.96515  
10144.8  0.96589  
10149.3  0.96546  
10153.8  0.96507  
10158.4  0.96537  
10162.9  0.96574  
10167.5  0.96598  
10172.0  0.96662  
10176.5  0.96761  
10181.1  0.96793  
10185.599999999999  0.96742  
10190.2  0.96736  
10194.7  0.96809  
10199.3  0.96852  
10203.8  0.96809  
10208.300000000001  0.96705  
10212.9  0.96588  
10217.4  0.96516  
10222.0  0.965  
10226.5  0.96468  
10231.1  0.96376  
10235.599999999999  0.96301  
10240.2  0.96329  
10244.7  0.9636  
10249.2  0.96259  
10253.800000000001  0.96124  
10258.3  0.96108  
10262.9  0.96176  
10267.4  0.96237  
10272.0  0.96234  
10276.5  0.96179  
10281.099999999999  0.96119  
10285.599999999999  0.96134  
10290.1  0.96202  
10294.7  0.96244  
10299.2  0.96204  
10303.800000000001  0.96139  
10308.3  0.96116  
10312.9  0.96074  
10317.4  0.9596  
10322.0  0.95862  
10326.5  0.95867  
10331.099999999999  0.95956  
10335.599999999999  0.96021  
10340.1  0.9604  
10344.7  0.96103  
10349.2  0.96268  
10353.800000000001  0.96366  
10358.3  0.9629  
10362.9  0.96224  
10367.4  0.96269  
10372.0  0.96315  
10376.5  0.96324  
10381.099999999999  0.96287  
10385.599999999999  0.96154  
10390.2  0.95978  
10394.7  0.95903  
10399.300000000001  0.95885  
10403.800000000001  0.95913  
10408.4  0.95964  
10412.9  0.9597  
10417.4  0.95896  
10422.0  0.95831  
10426.5  0.9585  
10431.099999999999  0.95912  
10435.599999999999  0.95902  
10440.2  0.95793  
10444.7  0.95708  
10449.300000000001  0.95694  
10453.800000000001  0.9571  
10458.4  0.95736  
10462.9  0.95783  
10467.5  0.95837  
10472.0  0.95861  
10476.6  0.9578  
10481.099999999999  0.95613  
10485.699999999999  0.95407  
10490.2  0.95238  
10494.8  0.95165  
10499.300000000001  0.95137  
10503.900000000001  0.95088  
10508.4  0.95109  
10513.0  0.95179  
10517.5  0.94986  
10522.1  0.94545  
10526.6  0.94241  
10531.199999999999  0.94167  
10535.699999999999  0.94223  
10540.3  0.94334  
10544.8  0.94399  
10549.400000000001  0.94314  
10553.900000000001  0.94152  
10558.5  0.93946  
10563.0  0.9363  
10567.6  0.93293  
10572.1  0.92988  
10576.7  0.92742  
10581.199999999999  0.92637  
10585.8  0.92544  
10590.3  0.92316  
10594.9  0.9203  
10599.400000000001  0.91623  
10604.0  0.90906  
10608.5  0.90056  
10613.099999999999  0.89416  
10617.6  0.89051  
10622.2  0.88691  
10626.7  0.8831  
10631.300000000001  0.87948  
10635.8  0.87514  
10640.4  0.8684  
10644.9  0.85873  
10649.5  0.84733  
10654.0  0.83625  
10658.599999999999  0.82569  
10663.099999999999  0.81381  
10667.7  0.8009  
10672.3  0.78866  
10676.800000000001  0.77718  
10681.400000000001  0.76533  
10685.9  0.75156  
10690.5  0.73554  
10695.0  0.7189  
10699.6  0.7027  
10704.1  0.68654  
10708.699999999999  0.66926  
10713.199999999999  0.65086  
10717.8  0.6329  
10722.3  0.61675  
10726.900000000001  0.60186  
10731.400000000001  0.5851  
10736.0  0.56441  
10740.5  0.54242  
10745.1  0.52285  
10749.6  0.50654  
10754.2  0.48978  
10758.800000000001  0.47094  
10763.3  0.45283  
10767.9  0.43545  
10772.4  0.41755  
10777.0  0.40235  
10781.5  0.39274  
10786.099999999999  0.38178  

