@MEASUREMENT_RADIUS 12.0 cm
#lambda:
#tr:
#end
9000.599999999999  0.0017  
9005.1  0.0017  
9009.6  0.00164  
9014.1  0.00163  
9018.6  0.00183  
9023.099999999999  0.00203  
9027.6  0.00201  
9032.1  0.0019  
9036.6  0.00194  
9041.1  0.00222  
9045.599999999999  0.00251  
9050.1  0.00253  
9054.6  0.00249  
9059.1  0.00264  
9063.6  0.00281  
9068.099999999999  0.00283  
9072.6  0.00284  
9077.1  0.00297  
9081.6  0.00316  
9086.1  0.00329  
9090.599999999999  0.00318  
9095.2  0.00302  
9099.7  0.00322  
9104.199999999999  0.00364  
9108.7  0.00391  
9113.2  0.00401  
9117.7  0.00414  
9122.2  0.00435  
9126.699999999999  0.00456  
9131.2  0.00474  
9135.7  0.00497  
9140.2  0.00524  
9144.7  0.00538  
9149.199999999999  0.00535  
9153.7  0.00529  
9158.2  0.00551  
9162.7  0.00622  
9167.2  0.00725  
9171.699999999999  0.0083  
9176.2  0.00924  
9180.7  0.01002  
9185.3  0.01079  
9189.8  0.01169  
9194.3  0.0128  
9198.8  0.0143  
9203.300000000001  0.01621  
9207.8  0.01836  
9212.3  0.02062  
9216.8  0.0231  
9221.3  0.02605  
9225.800000000001  0.0297  
9230.3  0.03395  
9234.8  0.03853  
9239.400000000001  0.04342  
9243.9  0.04877  
9248.4  0.0549  
9252.9  0.062  
9257.4  0.06981  
9261.900000000001  0.078  
9266.4  0.08672  
9270.9  0.09644  
9275.4  0.10733  
9279.9  0.11924  
9284.5  0.13206  
9289.0  0.14571  
9293.5  0.16022  
9298.0  0.17563  
9302.5  0.19178  
9307.0  0.20857  
9311.5  0.22628  
9316.0  0.24526  
9320.599999999999  0.26547  
9325.1  0.28652  
9329.6  0.30826  
9334.1  0.33073  
9338.6  0.35424  
9343.099999999999  0.37921  
9347.6  0.40574  
9352.2  0.43337  
9356.699999999999  0.46174  
9361.2  0.49109  
9365.7  0.52166  
9370.2  0.55337  
9374.7  0.58573  
9379.199999999999  0.61792  
9383.8  0.64977  
9388.300000000001  0.68153  
9392.8  0.71272  
9397.3  0.74326  
9401.8  0.77343  
9406.3  0.80239  
9410.9  0.829  
9415.4  0.85324  
9419.9  0.87533  
9424.400000000001  0.89494  
9428.9  0.91203  
9433.4  0.92707  
9438.0  0.9396  
9442.5  0.94956  
9447.0  0.95752  
9451.5  0.96348  
9456.0  0.96707  
9460.599999999999  0.96907  
9465.1  0.97037  
9469.6  0.97177  
9474.1  0.9732  
9478.6  0.97373  
9483.099999999999  0.9739  
9487.7  0.9746  
9492.2  0.97531  
9496.699999999999  0.9753  
9501.2  0.9748  
9505.800000000001  0.97482  
9510.3  0.97494  
9514.8  0.97412  
9519.3  0.97276  
9523.8  0.97175  
9528.4  0.97154  
9532.9  0.9718  
9537.4  0.97117  
9541.900000000001  0.96928  
9546.4  0.96756  
9551.0  0.96685  
9555.5  0.96635  
9560.0  0.96515  
9564.5  0.96371  
9569.1  0.96246  
9573.6  0.96101  
9578.099999999999  0.95948  
9582.6  0.95815  
9587.2  0.95702  
9591.699999999999  0.95603  
9596.2  0.95542  
9600.7  0.95545  
9605.2  0.95588  
9609.8  0.95606  
9614.3  0.95607  
9618.8  0.95616  
9623.300000000001  0.95692  
9627.9  0.95825  
9632.4  0.95918  
9636.900000000001  0.95973  
9641.5  0.96106  
9646.0  0.96309  
9650.5  0.96467  
9655.0  0.96487  
9659.6  0.96413  
9664.1  0.96393  
9668.6  0.96457  
9673.099999999999  0.96508  
9677.7  0.96539  
9682.2  0.96583  
9686.699999999999  0.96612  
9691.2  0.96578  
9695.800000000001  0.96504  
9700.3  0.96462  
9704.8  0.9651  
9709.400000000001  0.96647  
9713.9  0.96765  
9718.4  0.96721  
9722.9  0.96569  
9727.5  0.96476  
9732.0  0.96451  
9736.5  0.96455  
9741.1  0.96483  
9745.599999999999  0.96504  
9750.1  0.96494  
9754.7  0.96491  
9759.199999999999  0.96538  
9763.7  0.96599  
9768.2  0.96646  
9772.8  0.96685  
9777.3  0.96686  
9781.8  0.96612  
9786.4  0.96514  
9790.9  0.96473  
9795.4  0.9652  
9800.0  0.96585  
9804.5  0.96563  
9809.0  0.96442  
9813.6  0.96287  
9818.099999999999  0.96168  
9822.6  0.96126  
9827.1  0.96148  
9831.699999999999  0.96194  
9836.2  0.96163  
9840.7  0.95987  
9845.3  0.95763  
9849.8  0.95599  
9854.3  0.95545  
9858.9  0.95595  
9863.4  0.95707  
9867.9  0.95832  
9872.5  0.95883  
9877.0  0.95823  
9881.5  0.95736  
9886.1  0.95713  
9890.599999999999  0.95759  
9895.2  0.95845  
9899.7  0.95951  
9904.199999999999  0.96085  
9908.8  0.96199  
9913.300000000001  0.96235  
9917.8  0.96223  
9922.4  0.96289  
9926.900000000001  0.96445  
9931.4  0.96594  
9936.0  0.96709  
9940.5  0.96841  
9945.0  0.96948  
9949.6  0.96935  
9954.1  0.96874  
9958.6  0.96883  
9963.2  0.9693  
9967.7  0.96939  
9972.3  0.96945  
9976.8  0.9696  
9981.3  0.96925  
9985.9  0.96861  
9990.4  0.96788  
9994.9  0.96638  
9999.5  0.96457  
10004.0  0.96372  
10008.6  0.96384  
10013.099999999999  0.96374  
10017.6  0.96304  
10022.2  0.96234  
10026.699999999999  0.96202  
10031.3  0.96157  
10035.800000000001  0.96058  
10040.3  0.95951  
10044.9  0.95896  
10049.400000000001  0.95885  
10053.9  0.95829  
10058.5  0.95727  
10063.0  0.95653  
10067.6  0.95681  
10072.1  0.95806  
10076.6  0.95941  
10081.2  0.95993  
10085.7  0.9594  
10090.3  0.95862  
10094.8  0.95864  
10099.3  0.95948  
10103.9  0.96015  
10108.4  0.96069  
10113.0  0.96174  
10117.5  0.9629  
10122.0  0.96328  
10126.6  0.96261  
10131.1  0.96212  
10135.7  0.96326  
10140.2  0.96469  
10144.8  0.96483  
10149.3  0.96472  
10153.8  0.96542  
10158.4  0.96602  
10162.9  0.96592  
10167.5  0.96615  
10172.0  0.96731  
10176.5  0.96776  
10181.1  0.96658  
10185.599999999999  0.96536  
10190.2  0.96588  
10194.7  0.96769  
10199.3  0.96876  
10203.8  0.96788  
10208.300000000001  0.96577  
10212.9  0.96391  
10217.4  0.96325  
10222.0  0.96343  
10226.5  0.96355  
10231.1  0.96326  
10235.599999999999  0.96284  
10240.2  0.9629  
10244.7  0.96304  
10249.2  0.96262  
10253.800000000001  0.96238  
10258.3  0.96248  
10262.9  0.96211  
10267.4  0.96163  
10272.0  0.96199  
10276.5  0.96278  
10281.099999999999  0.96241  
10285.599999999999  0.96092  
10290.1  0.96011  
10294.7  0.96089  
10299.2  0.96152  
10303.800000000001  0.96063  
10308.3  0.96014  
10312.9  0.96134  
10317.4  0.9624  
10322.0  0.96196  
10326.5  0.96133  
10331.099999999999  0.96189  
10335.599999999999  0.96298  
10340.1  0.96328  
10344.7  0.96281  
10349.2  0.96222  
10353.800000000001  0.96183  
10358.3  0.9616  
10362.9  0.96178  
10367.4  0.96284  
10372.0  0.96414  
10376.5  0.96463  
10381.099999999999  0.96341  
10385.599999999999  0.9611  
10390.2  0.95965  
10394.7  0.95934  
10399.300000000001  0.95899  
10403.800000000001  0.9587  
10408.4  0.95872  
10412.9  0.95913  
10417.4  0.95882  
10422.0  0.95742  
10426.5  0.95705  
10431.099999999999  0.95874  
10435.599999999999  0.96037  
10440.2  0.96066  
10444.7  0.96022  
10449.300000000001  0.95929  
10453.800000000001  0.95826  
10458.4  0.95812  
10462.9  0.95833  
10467.5  0.95816  
10472.0  0.95821  
10476.6  0.95765  
10481.099999999999  0.95596  
10485.699999999999  0.95434  
10490.2  0.95307  
10494.8  0.95146  
10499.300000000001  0.95049  
10503.900000000001  0.95117  
10508.4  0.95238  
10513.0  0.95186  
10517.5  0.94898  
10522.1  0.94564  
10526.6  0.94404  
10531.199999999999  0.94354  
10535.699999999999  0.94293  
10540.3  0.94234  
10544.8  0.94255  
10549.400000000001  0.94304  
10553.900000000001  0.9416  
10558.5  0.93718  
10563.0  0.9328  
10567.6  0.93137  
10572.1  0.93094  
10576.7  0.92951  
10581.199999999999  0.92834  
10585.8  0.9269  
10590.3  0.92202  
10594.9  0.91515  
10599.400000000001  0.91115  
10604.0  0.90986  
10608.5  0.90701  
10613.099999999999  0.90064  
10617.6  0.8922  
10622.2  0.88266  
10626.7  0.87474  
10631.300000000001  0.86952  
10635.8  0.86443  
10640.4  0.85751  
10644.9  0.85055  
10649.5  0.84398  
10654.0  0.8353  
10658.599999999999  0.82307  
10663.099999999999  0.80887  
10667.7  0.79699  
10672.3  0.78804  
10676.800000000001  0.77817  
10681.400000000001  0.76563  
10685.9  0.75161  
10690.5  0.73696  
10695.0  0.721  
10699.6  0.70372  
10704.1  0.68709  
10708.699999999999  0.6713  
10713.199999999999  0.65439  
10717.8  0.63506  
10722.3  0.61365  
10726.900000000001  0.59328  
10731.400000000001  0.57586  
10736.0  0.55973  
10740.5  0.54334  
10745.1  0.52548  
10749.6  0.50559  
10754.2  0.48664  
10758.800000000001  0.47069  
10763.3  0.45476  
10767.9  0.43661  
10772.4  0.41923  
10777.0  0.40721  
10781.5  0.39858  
10786.099999999999  0.3855  

