@MEASUREMENT_RADIUS 13.0 cm
#lambda:
#tr:
#end
9000.599999999999  0.00162  
9005.1  0.00174  
9009.6  0.00191  
9014.1  0.00204  
9018.6  0.00219  
9023.099999999999  0.00226  
9027.6  0.00217  
9032.1  0.002  
9036.6  0.00194  
9041.1  0.00207  
9045.599999999999  0.00233  
9050.1  0.00252  
9054.6  0.00264  
9059.1  0.00274  
9063.6  0.00276  
9068.099999999999  0.00264  
9072.6  0.00251  
9077.1  0.0026  
9081.6  0.00283  
9086.1  0.00291  
9090.599999999999  0.00287  
9095.2  0.00291  
9099.7  0.00314  
9104.199999999999  0.00357  
9108.7  0.00399  
9113.2  0.00428  
9117.7  0.00444  
9122.2  0.00453  
9126.699999999999  0.00462  
9131.2  0.00479  
9135.7  0.00503  
9140.2  0.00535  
9144.7  0.00564  
9149.199999999999  0.00576  
9153.7  0.0059  
9158.2  0.00636  
9162.7  0.00707  
9167.2  0.00769  
9171.699999999999  0.00811  
9176.2  0.0087  
9180.7  0.00965  
9185.3  0.01085  
9189.8  0.01201  
9194.3  0.01315  
9198.8  0.01445  
9203.300000000001  0.01601  
9207.8  0.01797  
9212.3  0.02041  
9216.8  0.02315  
9221.3  0.02615  
9225.800000000001  0.02972  
9230.3  0.03384  
9234.8  0.03827  
9239.400000000001  0.04304  
9243.9  0.04838  
9248.4  0.05458  
9252.9  0.06162  
9257.4  0.0693  
9261.900000000001  0.07778  
9266.4  0.08712  
9270.9  0.09714  
9275.4  0.10812  
9279.9  0.12036  
9284.5  0.13358  
9289.0  0.14744  
9293.5  0.16194  
9298.0  0.17729  
9302.5  0.19368  
9307.0  0.2111  
9311.5  0.22933  
9316.0  0.24821  
9320.599999999999  0.26791  
9325.1  0.28873  
9329.6  0.31092  
9334.1  0.33427  
9338.6  0.35843  
9343.099999999999  0.38345  
9347.6  0.4095  
9352.2  0.43652  
9356.699999999999  0.4645  
9361.2  0.49359  
9365.7  0.5237  
9370.2  0.55435  
9374.7  0.58561  
9379.199999999999  0.61772  
9383.8  0.6501  
9388.300000000001  0.68212  
9392.8  0.71351  
9397.3  0.74416  
9401.8  0.77391  
9406.3  0.8023  
9410.9  0.82893  
9415.4  0.85334  
9419.9  0.8749  
9424.400000000001  0.8939  
9428.9  0.91095  
9433.4  0.9259  
9438.0  0.93842  
9442.5  0.94858  
9447.0  0.95613  
9451.5  0.96162  
9456.0  0.96594  
9460.599999999999  0.96908  
9465.1  0.9709  
9469.6  0.97212  
9474.1  0.97314  
9478.6  0.97366  
9483.099999999999  0.97391  
9487.7  0.97411  
9492.2  0.97426  
9496.699999999999  0.97459  
9501.2  0.97507  
9505.800000000001  0.97553  
9510.3  0.97568  
9514.8  0.97485  
9519.3  0.97307  
9523.8  0.97161  
9528.4  0.97122  
9532.9  0.97161  
9537.4  0.9714  
9541.900000000001  0.9699  
9546.4  0.96817  
9551.0  0.96706  
9555.5  0.96617  
9560.0  0.96509  
9564.5  0.96369  
9569.1  0.96158  
9573.6  0.95911  
9578.099999999999  0.95751  
9582.6  0.95729  
9587.2  0.9575  
9591.699999999999  0.95703  
9596.2  0.95648  
9600.7  0.95645  
9605.2  0.9559  
9609.8  0.95437  
9614.3  0.95393  
9618.8  0.95558  
9623.300000000001  0.95749  
9627.9  0.95836  
9632.4  0.95884  
9636.900000000001  0.95971  
9641.5  0.96118  
9646.0  0.96271  
9650.5  0.96405  
9655.0  0.96524  
9659.6  0.96545  
9664.1  0.96473  
9668.6  0.96425  
9673.099999999999  0.96416  
9677.7  0.96431  
9682.2  0.96493  
9686.699999999999  0.96601  
9691.2  0.96658  
9695.800000000001  0.96575  
9700.3  0.96408  
9704.8  0.96308  
9709.400000000001  0.96399  
9713.9  0.96594  
9718.4  0.96713  
9722.9  0.9671  
9727.5  0.96612  
9732.0  0.96462  
9736.5  0.9637  
9741.1  0.96366  
9745.599999999999  0.96406  
9750.1  0.96458  
9754.7  0.96501  
9759.199999999999  0.96547  
9763.7  0.96587  
9768.2  0.96633  
9772.8  0.96678  
9777.3  0.9666  
9781.8  0.96599  
9786.4  0.96564  
9790.9  0.96552  
9795.4  0.96564  
9800.0  0.96575  
9804.5  0.96494  
9809.0  0.96303  
9813.6  0.96106  
9818.099999999999  0.96012  
9822.6  0.96012  
9827.1  0.96041  
9831.699999999999  0.96057  
9836.2  0.96033  
9840.7  0.95952  
9845.3  0.95818  
9849.8  0.95701  
9854.3  0.95677  
9858.9  0.95732  
9863.4  0.95806  
9867.9  0.9589  
9872.5  0.95959  
9877.0  0.95951  
9881.5  0.95859  
9886.1  0.95761  
9890.599999999999  0.95755  
9895.2  0.95837  
9899.7  0.95968  
9904.199999999999  0.96119  
9908.8  0.9623  
9913.300000000001  0.96297  
9917.8  0.96363  
9922.4  0.96451  
9926.900000000001  0.96556  
9931.4  0.96667  
9936.0  0.96758  
9940.5  0.96785  
9945.0  0.96766  
9949.6  0.96754  
9954.1  0.96775  
9958.6  0.96808  
9963.2  0.96822  
9967.7  0.96818  
9972.3  0.96848  
9976.8  0.96928  
9981.3  0.96958  
9985.9  0.96862  
9990.4  0.96705  
9994.9  0.96542  
9999.5  0.9644  
10004.0  0.96405  
10008.6  0.96403  
10013.099999999999  0.96379  
10017.6  0.96324  
10022.2  0.9627  
10026.699999999999  0.96239  
10031.3  0.96221  
10035.800000000001  0.96186  
10040.3  0.96057  
10044.9  0.95876  
10049.400000000001  0.95786  
10053.9  0.95788  
10058.5  0.95813  
10063.0  0.95827  
10067.6  0.95832  
10072.1  0.95843  
10076.6  0.95858  
10081.2  0.95852  
10085.7  0.95805  
10090.3  0.95778  
10094.8  0.95851  
10099.3  0.95957  
10103.9  0.95994  
10108.4  0.96026  
10113.0  0.96127  
10117.5  0.96232  
10122.0  0.96279  
10126.6  0.96327  
10131.1  0.96434  
10135.7  0.9657  
10140.2  0.96638  
10144.8  0.96633  
10149.3  0.96647  
10153.8  0.96714  
10158.4  0.96772  
10162.9  0.96762  
10167.5  0.96726  
10172.0  0.96772  
10176.5  0.96865  
10181.1  0.9684  
10185.599999999999  0.96651  
10190.2  0.96454  
10194.7  0.96425  
10199.3  0.96526  
10203.8  0.96617  
10208.300000000001  0.9661  
10212.9  0.96537  
10217.4  0.96508  
10222.0  0.96555  
10226.5  0.96621  
10231.1  0.96616  
10235.599999999999  0.9652  
10240.2  0.96394  
10244.7  0.96227  
10249.2  0.96051  
10253.800000000001  0.96043  
10258.3  0.96264  
10262.9  0.96488  
10267.4  0.96546  
10272.0  0.96463  
10276.5  0.96294  
10281.099999999999  0.96107  
10285.599999999999  0.96028  
10290.1  0.96119  
10294.7  0.9627  
10299.2  0.9629  
10303.800000000001  0.96116  
10308.3  0.95898  
10312.9  0.95844  
10317.4  0.9597  
10322.0  0.96125  
10326.5  0.96202  
10331.099999999999  0.96232  
10335.599999999999  0.96231  
10340.1  0.96221  
10344.7  0.96249  
10349.2  0.96298  
10353.800000000001  0.96296  
10358.3  0.96225  
10362.9  0.96185  
10367.4  0.96201  
10372.0  0.96181  
10376.5  0.9613  
10381.099999999999  0.96095  
10385.599999999999  0.96063  
10390.2  0.96012  
10394.7  0.95968  
10399.300000000001  0.95995  
10403.800000000001  0.96111  
10408.4  0.96152  
10412.9  0.96062  
10417.4  0.95928  
10422.0  0.95858  
10426.5  0.9593  
10431.099999999999  0.95932  
10435.599999999999  0.95714  
10440.2  0.95491  
10444.7  0.95455  
10449.300000000001  0.95657  
10453.800000000001  0.95926  
10458.4  0.95967  
10462.9  0.95813  
10467.5  0.95723  
10472.0  0.95754  
10476.6  0.95737  
10481.099999999999  0.95592  
10485.699999999999  0.9541  
10490.2  0.95352  
10494.8  0.95382  
10499.300000000001  0.95279  
10503.900000000001  0.94986  
10508.4  0.94826  
10513.0  0.94852  
10517.5  0.94758  
10522.1  0.94523  
10526.6  0.94447  
10531.199999999999  0.94576  
10535.699999999999  0.94752  
10540.3  0.94772  
10544.8  0.94534  
10549.400000000001  0.94153  
10553.900000000001  0.93858  
10558.5  0.93753  
10563.0  0.93664  
10567.6  0.93471  
10572.1  0.93205  
10576.7  0.92886  
10581.199999999999  0.92511  
10585.8  0.92006  
10590.3  0.91411  
10594.9  0.90997  
10599.400000000001  0.90803  
10604.0  0.9049  
10608.5  0.90015  
10613.099999999999  0.89545  
10617.6  0.89  
10622.2  0.883  
10626.7  0.87663  
10631.300000000001  0.87185  
10635.8  0.86729  
10640.4  0.86204  
10644.9  0.85552  
10649.5  0.84578  
10654.0  0.8321  
10658.599999999999  0.816  
10663.099999999999  0.80136  
10667.7  0.79126  
10672.3  0.78286  
10676.800000000001  0.77174  
10681.400000000001  0.75691  
10685.9  0.74135  
10690.5  0.72741  
10695.0  0.71373  
10699.6  0.69695  
10704.1  0.67775  
10708.699999999999  0.65953  
10713.199999999999  0.64274  
10717.8  0.62526  
10722.3  0.60716  
10726.900000000001  0.59021  
10731.400000000001  0.57433  
10736.0  0.55728  
10740.5  0.53692  
10745.1  0.51389  
10749.6  0.49387  
10754.2  0.47998  
10758.800000000001  0.4694  
10763.3  0.45681  
10767.9  0.4409  
10772.4  0.42498  
10777.0  0.41134  
10781.5  0.39693  
10786.099999999999  0.37584  

