@MEASUREMENT_RADIUS 14.0 cm
#lambda:
#tr:
#end
9000.599999999999  0.00178  
9005.1  0.00176  
9009.6  0.00184  
9014.1  0.00185  
9018.6  0.00177  
9023.099999999999  0.00175  
9027.6  0.00195  
9032.1  0.00216  
9036.6  0.00217  
9041.1  0.00213  
9045.599999999999  0.00224  
9050.1  0.00234  
9054.6  0.00246  
9059.1  0.00272  
9063.6  0.00293  
9068.099999999999  0.00295  
9072.6  0.00298  
9077.1  0.00311  
9081.6  0.00315  
9086.1  0.00307  
9090.599999999999  0.00307  
9095.2  0.00324  
9099.7  0.00342  
9104.199999999999  0.00349  
9108.7  0.00357  
9113.2  0.0038  
9117.7  0.0041  
9122.2  0.00432  
9126.699999999999  0.00447  
9131.2  0.00468  
9135.7  0.00495  
9140.2  0.00524  
9144.7  0.00559  
9149.199999999999  0.00608  
9153.7  0.00657  
9158.2  0.00691  
9162.7  0.00709  
9167.2  0.00739  
9171.699999999999  0.00799  
9176.2  0.0088  
9180.7  0.00973  
9185.3  0.01076  
9189.8  0.01184  
9194.3  0.01312  
9198.8  0.01462  
9203.300000000001  0.01629  
9207.8  0.01824  
9212.3  0.02062  
9216.8  0.0235  
9221.3  0.02677  
9225.800000000001  0.03018  
9230.3  0.0339  
9234.8  0.03834  
9239.400000000001  0.04354  
9243.9  0.04941  
9248.4  0.05595  
9252.9  0.06308  
9257.4  0.07083  
9261.900000000001  0.07949  
9266.4  0.08908  
9270.9  0.09946  
9275.4  0.11064  
9279.9  0.12285  
9284.5  0.13631  
9289.0  0.15073  
9293.5  0.16574  
9298.0  0.18146  
9302.5  0.19821  
9307.0  0.21598  
9311.5  0.23452  
9316.0  0.25365  
9320.599999999999  0.27364  
9325.1  0.29492  
9329.6  0.31743  
9334.1  0.34064  
9338.6  0.36452  
9343.099999999999  0.38943  
9347.6  0.41545  
9352.2  0.44261  
9356.699999999999  0.47083  
9361.2  0.49973  
9365.7  0.52922  
9370.2  0.55957  
9374.7  0.59063  
9379.199999999999  0.62204  
9383.8  0.65399  
9388.300000000001  0.68635  
9392.8  0.7179  
9397.3  0.74775  
9401.8  0.77621  
9406.3  0.80363  
9410.9  0.82979  
9415.4  0.8542  
9419.9  0.87598  
9424.400000000001  0.89459  
9428.9  0.91045  
9433.4  0.92478  
9438.0  0.93767  
9442.5  0.94857  
9447.0  0.95707  
9451.5  0.96227  
9456.0  0.96433  
9460.599999999999  0.96578  
9465.1  0.96839  
9469.6  0.97112  
9474.1  0.97245  
9478.6  0.97211  
9483.099999999999  0.97152  
9487.7  0.97197  
9492.2  0.97335  
9496.699999999999  0.97431  
9501.2  0.97414  
9505.800000000001  0.97414  
9510.3  0.97484  
9514.8  0.97512  
9519.3  0.97406  
9523.8  0.97216  
9528.4  0.97074  
9532.9  0.97034  
9537.4  0.97002  
9541.900000000001  0.96903  
9546.4  0.96805  
9551.0  0.96739  
9555.5  0.9662  
9560.0  0.96445  
9564.5  0.96302  
9569.1  0.96187  
9573.6  0.96063  
9578.099999999999  0.95946  
9582.6  0.95873  
9587.2  0.95846  
9591.699999999999  0.95811  
9596.2  0.95736  
9600.7  0.95611  
9605.2  0.95461  
9609.8  0.95378  
9614.3  0.95456  
9618.8  0.95663  
9623.300000000001  0.95847  
9627.9  0.95902  
9632.4  0.95879  
9636.900000000001  0.95893  
9641.5  0.95983  
9646.0  0.96096  
9650.5  0.96179  
9655.0  0.96224  
9659.6  0.96258  
9664.1  0.96297  
9668.6  0.96343  
9673.099999999999  0.96388  
9677.7  0.96434  
9682.2  0.96484  
9686.699999999999  0.96553  
9691.2  0.96596  
9695.800000000001  0.96529  
9700.3  0.96401  
9704.8  0.96375  
9709.400000000001  0.96529  
9713.9  0.96735  
9718.4  0.968  
9722.9  0.96707  
9727.5  0.96551  
9732.0  0.96409  
9736.5  0.96347  
9741.1  0.96367  
9745.599999999999  0.96426  
9750.1  0.96486  
9754.7  0.96539  
9759.199999999999  0.96584  
9763.7  0.96588  
9768.2  0.96542  
9772.8  0.96506  
9777.3  0.9654  
9781.8  0.96609  
9786.4  0.9661  
9790.9  0.96541  
9795.4  0.96507  
9800.0  0.96524  
9804.5  0.96522  
9809.0  0.96462  
9813.6  0.96368  
9818.099999999999  0.9624  
9822.6  0.96121  
9827.1  0.96071  
9831.699999999999  0.96065  
9836.2  0.96026  
9840.7  0.95868  
9845.3  0.9563  
9849.8  0.95493  
9854.3  0.95561  
9858.9  0.95764  
9863.4  0.95979  
9867.9  0.96078  
9872.5  0.95986  
9877.0  0.95783  
9881.5  0.9563  
9886.1  0.9563  
9890.599999999999  0.95756  
9895.2  0.9592  
9899.7  0.96074  
9904.199999999999  0.96205  
9908.8  0.96285  
9913.300000000001  0.96301  
9917.8  0.96303  
9922.4  0.96358  
9926.900000000001  0.96473  
9931.4  0.96625  
9936.0  0.96767  
9940.5  0.96834  
9945.0  0.96821  
9949.6  0.9679  
9954.1  0.96778  
9958.6  0.96776  
9963.2  0.96791  
9967.7  0.96827  
9972.3  0.96862  
9976.8  0.96874  
9981.3  0.96847  
9985.9  0.96793  
9990.4  0.96771  
9994.9  0.96746  
9999.5  0.9668  
10004.0  0.96616  
10008.6  0.9658  
10013.099999999999  0.96523  
10017.6  0.96393  
10022.2  0.96211  
10026.699999999999  0.96106  
10031.3  0.96138  
10035.800000000001  0.96189  
10040.3  0.96099  
10044.9  0.95869  
10049.400000000001  0.95686  
10053.9  0.95652  
10058.5  0.95695  
10063.0  0.95727  
10067.6  0.95724  
10072.1  0.95743  
10076.6  0.95808  
10081.2  0.95834  
10085.7  0.9578  
10090.3  0.95714  
10094.8  0.95716  
10099.3  0.95785  
10103.9  0.95864  
10108.4  0.95942  
10113.0  0.96071  
10117.5  0.96209  
10122.0  0.96253  
10126.6  0.96224  
10131.1  0.96236  
10135.7  0.96374  
10140.2  0.96529  
10144.8  0.96589  
10149.3  0.96611  
10153.8  0.96641  
10158.4  0.96642  
10162.9  0.96616  
10167.5  0.96639  
10172.0  0.96707  
10176.5  0.9675  
10181.1  0.96722  
10185.599999999999  0.96664  
10190.2  0.96636  
10194.7  0.96669  
10199.3  0.96738  
10203.8  0.96754  
10208.300000000001  0.9666  
10212.9  0.96489  
10217.4  0.96369  
10222.0  0.96376  
10226.5  0.96455  
10231.1  0.96501  
10235.599999999999  0.96461  
10240.2  0.96378  
10244.7  0.96291  
10249.2  0.96238  
10253.800000000001  0.96262  
10258.3  0.96296  
10262.9  0.96215  
10267.4  0.96107  
10272.0  0.96116  
10276.5  0.96177  
10281.099999999999  0.96142  
10285.599999999999  0.96071  
10290.1  0.96049  
10294.7  0.96026  
10299.2  0.95996  
10303.800000000001  0.96054  
10308.3  0.9623  
10312.9  0.96385  
10317.4  0.96386  
10322.0  0.96272  
10326.5  0.96191  
10331.099999999999  0.96153  
10335.599999999999  0.96054  
10340.1  0.9593  
10344.7  0.9596  
10349.2  0.96165  
10353.800000000001  0.96293  
10358.3  0.96262  
10362.9  0.96227  
10367.4  0.96289  
10372.0  0.96361  
10376.5  0.96278  
10381.099999999999  0.96097  
10385.599999999999  0.96056  
10390.2  0.96118  
10394.7  0.9612  
10399.300000000001  0.96085  
10403.800000000001  0.9614  
10408.4  0.96179  
10412.9  0.96087  
10417.4  0.95995  
10422.0  0.96021  
10426.5  0.96111  
10431.099999999999  0.9616  
10435.599999999999  0.96079  
10440.2  0.95919  
10444.7  0.95791  
10449.300000000001  0.95732  
10453.800000000001  0.95781  
10458.4  0.95862  
10462.9  0.95861  
10467.5  0.95761  
10472.0  0.95622  
10476.6  0.95464  
10481.099999999999  0.95318  
10485.699999999999  0.95279  
10490.2  0.95403  
10494.8  0.95419  
10499.300000000001  0.95122  
10503.900000000001  0.94725  
10508.4  0.94651  
10513.0  0.94992  
10517.5  0.95283  
10522.1  0.95152  
10526.6  0.94842  
10531.199999999999  0.94632  
10535.699999999999  0.94543  
10540.3  0.94453  
10544.8  0.94381  
10549.400000000001  0.94397  
10553.900000000001  0.9435  
10558.5  0.9399  
10563.0  0.9334  
10567.6  0.92751  
10572.1  0.9253  
10576.7  0.92569  
10581.199999999999  0.92616  
10585.8  0.92512  
10590.3  0.92105  
10594.9  0.91509  
10599.400000000001  0.90937  
10604.0  0.90302  
10608.5  0.89539  
10613.099999999999  0.88792  
10617.6  0.88154  
10622.2  0.87574  
10626.7  0.87261  
10631.300000000001  0.87107  
10635.8  0.86737  
10640.4  0.86059  
10644.9  0.85168  
10649.5  0.84133  
10654.0  0.83008  
10658.599999999999  0.81854  
10663.099999999999  0.807  
10667.7  0.79554  
10672.3  0.78396  
10676.800000000001  0.7721  
10681.400000000001  0.75913  
10685.9  0.74494  
10690.5  0.73004  
10695.0  0.71318  
10699.6  0.69443  
10704.1  0.67647  
10708.699999999999  0.6589  
10713.199999999999  0.64161  
10717.8  0.62536  
10722.3  0.60724  
10726.900000000001  0.58719  
10731.400000000001  0.56889  
10736.0  0.5534  
10740.5  0.53751  
10745.1  0.51788  
10749.6  0.49835  
10754.2  0.48328  
10758.800000000001  0.47076  
10763.3  0.45544  
10767.9  0.43719  
10772.4  0.41929  
10777.0  0.40439  
10781.5  0.39208  
10786.099999999999  0.3759  

