@MEASUREMENT_RADIUS 15.0 cm
#lambda:
#tr:
#end
9000.599999999999  0.00199  
9005.1  0.00181  
9009.6  0.00153  
9014.1  0.00139  
9018.6  0.0015  
9023.099999999999  0.00166  
9027.6  0.00173  
9032.1  0.00187  
9036.6  0.0022  
9041.1  0.0025  
9045.599999999999  0.00262  
9050.1  0.00264  
9054.6  0.00265  
9059.1  0.00268  
9063.6  0.00281  
9068.099999999999  0.003  
9072.6  0.00306  
9077.1  0.00296  
9081.6  0.00288  
9086.1  0.00297  
9090.599999999999  0.00329  
9095.2  0.00366  
9099.7  0.00382  
9104.199999999999  0.00383  
9108.7  0.00392  
9113.2  0.00415  
9117.7  0.00454  
9122.2  0.00494  
9126.699999999999  0.00517  
9131.2  0.00524  
9135.7  0.00538  
9140.2  0.00561  
9144.7  0.00576  
9149.199999999999  0.00593  
9153.7  0.00634  
9158.2  0.00695  
9162.7  0.0075  
9167.2  0.00798  
9171.699999999999  0.00855  
9176.2  0.00937  
9180.7  0.01042  
9185.3  0.01144  
9189.8  0.01231  
9194.3  0.01333  
9198.8  0.01476  
9203.300000000001  0.01662  
9207.8  0.01875  
9212.3  0.02113  
9216.8  0.02387  
9221.3  0.02707  
9225.800000000001  0.03072  
9230.3  0.03481  
9234.8  0.03959  
9239.400000000001  0.04517  
9243.9  0.05136  
9248.4  0.05798  
9252.9  0.06506  
9257.4  0.07285  
9261.900000000001  0.0816  
9266.4  0.09133  
9270.9  0.10202  
9275.4  0.11367  
9279.9  0.1263  
9284.5  0.13997  
9289.0  0.15446  
9293.5  0.16961  
9298.0  0.18551  
9302.5  0.20252  
9307.0  0.22073  
9311.5  0.23993  
9316.0  0.25995  
9320.599999999999  0.28062  
9325.1  0.30196  
9329.6  0.32429  
9334.1  0.34781  
9338.6  0.37239  
9343.099999999999  0.39792  
9347.6  0.42416  
9352.2  0.45092  
9356.699999999999  0.47855  
9361.2  0.5073  
9365.7  0.53705  
9370.2  0.56754  
9374.7  0.59865  
9379.199999999999  0.63025  
9383.8  0.66202  
9388.300000000001  0.69328  
9392.8  0.72331  
9397.3  0.75221  
9401.8  0.7806  
9406.3  0.80843  
9410.9  0.83477  
9415.4  0.85857  
9419.9  0.87918  
9424.400000000001  0.89685  
9428.9  0.91226  
9433.4  0.92576  
9438.0  0.93736  
9442.5  0.94717  
9447.0  0.95505  
9451.5  0.96047  
9456.0  0.96348  
9460.599999999999  0.96531  
9465.1  0.96668  
9469.6  0.96777  
9474.1  0.96916  
9478.6  0.97141  
9483.099999999999  0.97374  
9487.7  0.97465  
9492.2  0.97425  
9496.699999999999  0.97392  
9501.2  0.97404  
9505.800000000001  0.9741  
9510.3  0.97373  
9514.8  0.9728  
9519.3  0.97159  
9523.8  0.97079  
9528.4  0.97061  
9532.9  0.97096  
9537.4  0.97142  
9541.900000000001  0.97137  
9546.4  0.97067  
9551.0  0.96924  
9555.5  0.96694  
9560.0  0.96421  
9564.5  0.96189  
9569.1  0.96032  
9573.6  0.95945  
9578.099999999999  0.95904  
9582.6  0.95858  
9587.2  0.95819  
9591.699999999999  0.95797  
9596.2  0.95759  
9600.7  0.95668  
9605.2  0.95506  
9609.8  0.95367  
9614.3  0.95404  
9618.8  0.95598  
9623.300000000001  0.95811  
9627.9  0.95933  
9632.4  0.95944  
9636.900000000001  0.95922  
9641.5  0.95975  
9646.0  0.96078  
9650.5  0.96172  
9655.0  0.96219  
9659.6  0.96225  
9664.1  0.96287  
9668.6  0.96417  
9673.099999999999  0.96502  
9677.7  0.96505  
9682.2  0.96492  
9686.699999999999  0.96497  
9691.2  0.96484  
9695.800000000001  0.96415  
9700.3  0.96326  
9704.8  0.9633  
9709.400000000001  0.96488  
9713.9  0.96664  
9718.4  0.96692  
9722.9  0.96592  
9727.5  0.96499  
9732.0  0.96491  
9736.5  0.96531  
9741.1  0.96555  
9745.599999999999  0.96539  
9750.1  0.96501  
9754.7  0.9649  
9759.199999999999  0.96538  
9763.7  0.96606  
9768.2  0.96626  
9772.8  0.96587  
9777.3  0.96546  
9781.8  0.96554  
9786.4  0.96587  
9790.9  0.96576  
9795.4  0.96523  
9800.0  0.9647  
9804.5  0.96445  
9809.0  0.96416  
9813.6  0.96354  
9818.099999999999  0.96293  
9822.6  0.96237  
9827.1  0.96143  
9831.699999999999  0.96044  
9836.2  0.95978  
9840.7  0.95902  
9845.3  0.95831  
9849.8  0.95821  
9854.3  0.95848  
9858.9  0.95857  
9863.4  0.95835  
9867.9  0.95813  
9872.5  0.95789  
9877.0  0.9577  
9881.5  0.95772  
9886.1  0.95798  
9890.599999999999  0.95839  
9895.2  0.95912  
9899.7  0.96027  
9904.199999999999  0.96116  
9908.8  0.96129  
9913.300000000001  0.96115  
9917.8  0.96138  
9922.4  0.96249  
9926.900000000001  0.96439  
9931.4  0.96637  
9936.0  0.96796  
9940.5  0.96877  
9945.0  0.96889  
9949.6  0.96881  
9954.1  0.96871  
9958.6  0.96859  
9963.2  0.96806  
9967.7  0.96695  
9972.3  0.96652  
9976.8  0.96769  
9981.3  0.96938  
9985.9  0.97008  
9990.4  0.96949  
9994.9  0.96778  
9999.5  0.96608  
10004.0  0.9656  
10008.6  0.96582  
10013.099999999999  0.96535  
10017.6  0.96421  
10022.2  0.96293  
10026.699999999999  0.96203  
10031.3  0.96142  
10035.800000000001  0.96021  
10040.3  0.95802  
10044.9  0.95597  
10049.400000000001  0.95516  
10053.9  0.95532  
10058.5  0.95606  
10063.0  0.95723  
10067.6  0.95847  
10072.1  0.95892  
10076.6  0.9584  
10081.2  0.958  
10085.7  0.95853  
10090.3  0.95934  
10094.8  0.95951  
10099.3  0.95897  
10103.9  0.95862  
10108.4  0.95931  
10113.0  0.96079  
10117.5  0.96159  
10122.0  0.96134  
10126.6  0.96131  
10131.1  0.96203  
10135.7  0.96346  
10140.2  0.96497  
10144.8  0.96609  
10149.3  0.96688  
10153.8  0.96747  
10158.4  0.96746  
10162.9  0.96622  
10167.5  0.96501  
10172.0  0.9658  
10176.5  0.96767  
10181.1  0.96826  
10185.599999999999  0.96725  
10190.2  0.96619  
10194.7  0.96613  
10199.3  0.96656  
10203.8  0.96645  
10208.300000000001  0.96566  
10212.9  0.96493  
10217.4  0.96488  
10222.0  0.96501  
10226.5  0.96497  
10231.1  0.96506  
10235.599999999999  0.9652  
10240.2  0.9651  
10244.7  0.96466  
10249.2  0.96384  
10253.800000000001  0.96338  
10258.3  0.9641  
10262.9  0.9651  
10267.4  0.96489  
10272.0  0.96375  
10276.5  0.96273  
10281.099999999999  0.9618  
10285.599999999999  0.96137  
10290.1  0.9613  
10294.7  0.96072  
10299.2  0.95973  
10303.800000000001  0.95944  
10308.3  0.96046  
10312.9  0.96221  
10317.4  0.96323  
10322.0  0.96216  
10326.5  0.95995  
10331.099999999999  0.95867  
10335.599999999999  0.9586  
10340.1  0.95938  
10344.7  0.96063  
10349.2  0.96171  
10353.800000000001  0.96161  
10358.3  0.96053  
10362.9  0.96006  
10367.4  0.96082  
10372.0  0.96227  
10376.5  0.96328  
10381.099999999999  0.96336  
10385.599999999999  0.96304  
10390.2  0.96186  
10394.7  0.96006  
10399.300000000001  0.95894  
10403.800000000001  0.95962  
10408.4  0.96111  
10412.9  0.9615  
10417.4  0.95959  
10422.0  0.95722  
10426.5  0.95694  
10431.099999999999  0.95805  
10435.599999999999  0.95855  
10440.2  0.95775  
10444.7  0.95675  
10449.300000000001  0.95586  
10453.800000000001  0.95493  
10458.4  0.95448  
10462.9  0.95478  
10467.5  0.95525  
10472.0  0.95638  
10476.6  0.95733  
10481.099999999999  0.95659  
10485.699999999999  0.95538  
10490.2  0.95553  
10494.8  0.95519  
10499.300000000001  0.95189  
10503.900000000001  0.94721  
10508.4  0.94537  
10513.0  0.947  
10517.5  0.94843  
10522.1  0.94754  
10526.6  0.9463  
10531.199999999999  0.94603  
10535.699999999999  0.94496  
10540.3  0.94165  
10544.8  0.93907  
10549.400000000001  0.93923  
10553.900000000001  0.94059  
10558.5  0.94001  
10563.0  0.93706  
10567.6  0.93447  
10572.1  0.93377  
10576.7  0.93334  
10581.199999999999  0.93092  
10585.8  0.92601  
10590.3  0.92003  
10594.9  0.9149  
10599.400000000001  0.90974  
10604.0  0.9027  
10608.5  0.89581  
10613.099999999999  0.89032  
10617.6  0.88513  
10622.2  0.87883  
10626.7  0.87215  
10631.300000000001  0.86755  
10635.8  0.86442  
10640.4  0.85994  
10644.9  0.85231  
10649.5  0.84068  
10654.0  0.82628  
10658.599999999999  0.81209  
10663.099999999999  0.80079  
10667.7  0.79295  
10672.3  0.78522  
10676.800000000001  0.77258  
10681.400000000001  0.75433  
10685.9  0.73604  
10690.5  0.72116  
10695.0  0.70722  
10699.6  0.69162  
10704.1  0.67576  
10708.699999999999  0.65991  
10713.199999999999  0.64262  
10717.8  0.62214  
10722.3  0.60049  
10726.900000000001  0.58439  
10731.400000000001  0.57204  
10736.0  0.55454  
10740.5  0.53289  
10745.1  0.51339  
10749.6  0.49722  
10754.2  0.48123  
10758.800000000001  0.4629  
10763.3  0.44315  
10767.9  0.42467  
10772.4  0.40929  
10777.0  0.39671  
10781.5  0.385  
10786.099999999999  0.3679  

