@MEASUREMENT_RADIUS 16.0 cm
#lambda:
#tr:
#end
9000.599999999999  0.0024  
9005.1  0.00232  
9009.6  0.00215  
9014.1  0.00201  
9018.6  0.00204  
9023.099999999999  0.00213  
9027.6  0.00219  
9032.1  0.0022  
9036.6  0.00219  
9041.1  0.00227  
9045.599999999999  0.00241  
9050.1  0.00243  
9054.6  0.0024  
9059.1  0.00253  
9063.6  0.00272  
9068.099999999999  0.0029  
9072.6  0.00306  
9077.1  0.00324  
9081.6  0.00334  
9086.1  0.00337  
9090.599999999999  0.00349  
9095.2  0.00374  
9099.7  0.00395  
9104.199999999999  0.00396  
9108.7  0.00396  
9113.2  0.00415  
9117.7  0.00439  
9122.2  0.00452  
9126.699999999999  0.0046  
9131.2  0.00473  
9135.7  0.00488  
9140.2  0.00508  
9144.7  0.00539  
9149.199999999999  0.00588  
9153.7  0.00648  
9158.2  0.00707  
9162.7  0.00769  
9167.2  0.00822  
9171.699999999999  0.00861  
9176.2  0.00924  
9180.7  0.01019  
9185.3  0.01124  
9189.8  0.01221  
9194.3  0.01336  
9198.8  0.01501  
9203.300000000001  0.01706  
9207.8  0.01923  
9212.3  0.02164  
9216.8  0.02463  
9221.3  0.02811  
9225.800000000001  0.03185  
9230.3  0.03582  
9234.8  0.04033  
9239.400000000001  0.0458  
9243.9  0.05229  
9248.4  0.05952  
9252.9  0.06718  
9257.4  0.07535  
9261.900000000001  0.08436  
9266.4  0.09456  
9270.9  0.1058  
9275.4  0.11776  
9279.9  0.13046  
9284.5  0.14434  
9289.0  0.15949  
9293.5  0.17552  
9298.0  0.19219  
9302.5  0.20971  
9307.0  0.22824  
9311.5  0.24777  
9316.0  0.26827  
9320.599999999999  0.28951  
9325.1  0.31129  
9329.6  0.33391  
9334.1  0.35761  
9338.6  0.38217  
9343.099999999999  0.40754  
9347.6  0.43386  
9352.2  0.46117  
9356.699999999999  0.48933  
9361.2  0.51807  
9365.7  0.54741  
9370.2  0.57763  
9374.7  0.60836  
9379.199999999999  0.63896  
9383.8  0.66937  
9388.300000000001  0.69931  
9392.8  0.72865  
9397.3  0.75803  
9401.8  0.78699  
9406.3  0.81398  
9410.9  0.83883  
9415.4  0.86196  
9419.9  0.88233  
9424.400000000001  0.89937  
9428.9  0.91398  
9433.4  0.92726  
9438.0  0.93898  
9442.5  0.94819  
9447.0  0.955  
9451.5  0.96015  
9456.0  0.96398  
9460.599999999999  0.96681  
9465.1  0.96872  
9469.6  0.96972  
9474.1  0.97013  
9478.6  0.97033  
9483.099999999999  0.9711  
9487.7  0.97255  
9492.2  0.97385  
9496.699999999999  0.97444  
9501.2  0.97422  
9505.800000000001  0.97357  
9510.3  0.97312  
9514.8  0.97267  
9519.3  0.97205  
9523.8  0.9719  
9528.4  0.97244  
9532.9  0.9727  
9537.4  0.97153  
9541.900000000001  0.96948  
9546.4  0.96806  
9551.0  0.9675  
9555.5  0.96666  
9560.0  0.96509  
9564.5  0.96364  
9569.1  0.96229  
9573.6  0.96037  
9578.099999999999  0.95864  
9582.6  0.95797  
9587.2  0.9577  
9591.699999999999  0.95707  
9596.2  0.95645  
9600.7  0.9562  
9605.2  0.95585  
9609.8  0.95539  
9614.3  0.95558  
9618.8  0.95624  
9623.300000000001  0.95678  
9627.9  0.95697  
9632.4  0.95701  
9636.900000000001  0.9573  
9641.5  0.95831  
9646.0  0.9597  
9650.5  0.96114  
9655.0  0.96284  
9659.6  0.96436  
9664.1  0.96498  
9668.6  0.96468  
9673.099999999999  0.96409  
9677.7  0.96411  
9682.2  0.9645  
9686.699999999999  0.96443  
9691.2  0.96414  
9695.800000000001  0.96429  
9700.3  0.96472  
9704.8  0.96521  
9709.400000000001  0.96593  
9713.9  0.96629  
9718.4  0.9659  
9722.9  0.96535  
9727.5  0.9649  
9732.0  0.96452  
9736.5  0.9646  
9741.1  0.96489  
9745.599999999999  0.96477  
9750.1  0.96406  
9754.7  0.96321  
9759.199999999999  0.96318  
9763.7  0.96385  
9768.2  0.96467  
9772.8  0.96549  
9777.3  0.96602  
9781.8  0.96629  
9786.4  0.96612  
9790.9  0.96502  
9795.4  0.964  
9800.0  0.96414  
9804.5  0.96467  
9809.0  0.96424  
9813.6  0.96322  
9818.099999999999  0.96241  
9822.6  0.96166  
9827.1  0.96095  
9831.699999999999  0.96038  
9836.2  0.95956  
9840.7  0.95797  
9845.3  0.95633  
9849.8  0.95562  
9854.3  0.95561  
9858.9  0.95618  
9863.4  0.95731  
9867.9  0.9583  
9872.5  0.95832  
9877.0  0.9577  
9881.5  0.95707  
9886.1  0.95675  
9890.599999999999  0.95703  
9895.2  0.958  
9899.7  0.95946  
9904.199999999999  0.96079  
9908.8  0.96148  
9913.300000000001  0.96192  
9917.8  0.96262  
9922.4  0.96357  
9926.900000000001  0.96427  
9931.4  0.96469  
9936.0  0.96531  
9940.5  0.96647  
9945.0  0.96781  
9949.6  0.96826  
9954.1  0.96766  
9958.6  0.96701  
9963.2  0.96671  
9967.7  0.96651  
9972.3  0.96667  
9976.8  0.96769  
9981.3  0.96911  
9985.9  0.96992  
9990.4  0.96937  
9994.9  0.96739  
9999.5  0.96536  
10004.0  0.96457  
10008.6  0.96469  
10013.099999999999  0.96422  
10017.6  0.96307  
10022.2  0.96223  
10026.699999999999  0.96195  
10031.3  0.96144  
10035.800000000001  0.96034  
10040.3  0.9592  
10044.9  0.95863  
10049.400000000001  0.95844  
10053.9  0.95802  
10058.5  0.95776  
10063.0  0.95771  
10067.6  0.95727  
10072.1  0.95676  
10076.6  0.95705  
10081.2  0.95813  
10085.7  0.95921  
10090.3  0.95973  
10094.8  0.95981  
10099.3  0.95974  
10103.9  0.95949  
10108.4  0.95904  
10113.0  0.95918  
10117.5  0.95986  
10122.0  0.96091  
10126.6  0.96245  
10131.1  0.96409  
10135.7  0.96516  
10140.2  0.96518  
10144.8  0.96473  
10149.3  0.96523  
10153.8  0.96697  
10158.4  0.96832  
10162.9  0.96791  
10167.5  0.96699  
10172.0  0.96774  
10176.5  0.96932  
10181.1  0.96939  
10185.599999999999  0.96765  
10190.2  0.96593  
10194.7  0.96541  
10199.3  0.96561  
10203.8  0.96585  
10208.300000000001  0.96566  
10212.9  0.965  
10217.4  0.96434  
10222.0  0.96404  
10226.5  0.96434  
10231.1  0.96525  
10235.599999999999  0.96615  
10240.2  0.9661  
10244.7  0.96479  
10249.2  0.96272  
10253.800000000001  0.96188  
10258.3  0.96301  
10262.9  0.96399  
10267.4  0.96323  
10272.0  0.96152  
10276.5  0.96024  
10281.099999999999  0.95944  
10285.599999999999  0.95928  
10290.1  0.96002  
10294.7  0.96147  
10299.2  0.96259  
10303.800000000001  0.96223  
10308.3  0.96076  
10312.9  0.95964  
10317.4  0.95925  
10322.0  0.95926  
10326.5  0.95958  
10331.099999999999  0.96012  
10335.599999999999  0.96014  
10340.1  0.95962  
10344.7  0.95946  
10349.2  0.95981  
10353.800000000001  0.96002  
10358.3  0.96011  
10362.9  0.96091  
10367.4  0.96212  
10372.0  0.9627  
10376.5  0.96193  
10381.099999999999  0.95982  
10385.599999999999  0.95821  
10390.2  0.9586  
10394.7  0.96035  
10399.300000000001  0.9615  
10403.800000000001  0.96108  
10408.4  0.9597  
10412.9  0.95923  
10417.4  0.95971  
10422.0  0.96029  
10426.5  0.9607  
10431.099999999999  0.96047  
10435.599999999999  0.95956  
10440.2  0.95904  
10444.7  0.95861  
10449.300000000001  0.95714  
10453.800000000001  0.9555  
10458.4  0.95527  
10462.9  0.95556  
10467.5  0.95564  
10472.0  0.95661  
10476.6  0.95764  
10481.099999999999  0.9575  
10485.699999999999  0.95577  
10490.2  0.95355  
10494.8  0.95266  
10499.300000000001  0.95302  
10503.900000000001  0.95314  
10508.4  0.95246  
10513.0  0.95207  
10517.5  0.95214  
10522.1  0.95164  
10526.6  0.95006  
10531.199999999999  0.94767  
10535.699999999999  0.94477  
10540.3  0.94202  
10544.8  0.93975  
10549.400000000001  0.93718  
10553.900000000001  0.93412  
10558.5  0.93139  
10563.0  0.93039  
10567.6  0.93094  
10572.1  0.93072  
10576.7  0.92829  
10581.199999999999  0.92434  
10585.8  0.92002  
10590.3  0.91569  
10594.9  0.91136  
10599.400000000001  0.90775  
10604.0  0.90315  
10608.5  0.89602  
10613.099999999999  0.88806  
10617.6  0.88149  
10622.2  0.87634  
10626.7  0.87201  
10631.300000000001  0.86802  
10635.8  0.86246  
10640.4  0.85432  
10644.9  0.84457  
10649.5  0.83326  
10654.0  0.82159  
10658.599999999999  0.81118  
10663.099999999999  0.80166  
10667.7  0.79204  
10672.3  0.78133  
10676.800000000001  0.76943  
10681.400000000001  0.75655  
10685.9  0.74064  
10690.5  0.72227  
10695.0  0.70513  
10699.6  0.69031  
10704.1  0.6755  
10708.699999999999  0.658  
10713.199999999999  0.63836  
10717.8  0.61833  
10722.3  0.59923  
10726.900000000001  0.58223  
10731.400000000001  0.56574  
10736.0  0.54659  
10740.5  0.52609  
10745.1  0.50732  
10749.6  0.49163  
10754.2  0.47845  
10758.800000000001  0.46405  
10763.3  0.44582  
10767.9  0.4264  
10772.4  0.40965  
10777.0  0.39686  
10781.5  0.38707  
10786.099999999999  0.374  

