@MEASUREMENT_RADIUS 17.0 cm
#lambda:
#tr:
#end
9000.599999999999  0.00167  
9005.1  0.00182  
9009.6  0.00191  
9014.1  0.00201  
9018.6  0.002  
9023.099999999999  0.00189  
9027.6  0.00188  
9032.1  0.00197  
9036.6  0.00202  
9041.1  0.00201  
9045.599999999999  0.00215  
9050.1  0.00245  
9054.6  0.00275  
9059.1  0.00286  
9063.6  0.00284  
9068.099999999999  0.00286  
9072.6  0.003  
9077.1  0.00314  
9081.6  0.00322  
9086.1  0.00335  
9090.599999999999  0.00362  
9095.2  0.00393  
9099.7  0.00415  
9104.199999999999  0.00427  
9108.7  0.00434  
9113.2  0.00446  
9117.7  0.00453  
9122.2  0.00452  
9126.699999999999  0.00456  
9131.2  0.00471  
9135.7  0.00503  
9140.2  0.00541  
9144.7  0.00569  
9149.199999999999  0.00589  
9153.7  0.00609  
9158.2  0.0064  
9162.7  0.00695  
9167.2  0.00781  
9171.699999999999  0.0088  
9176.2  0.00972  
9180.7  0.01052  
9185.3  0.01145  
9189.8  0.01275  
9194.3  0.0144  
9198.8  0.01613  
9203.300000000001  0.01793  
9207.8  0.02003  
9212.3  0.02249  
9216.8  0.02531  
9221.3  0.02861  
9225.800000000001  0.03249  
9230.3  0.03691  
9234.8  0.04187  
9239.400000000001  0.0475  
9243.9  0.05399  
9248.4  0.06132  
9252.9  0.06939  
9257.4  0.07819  
9261.900000000001  0.08782  
9266.4  0.0984  
9270.9  0.10997  
9275.4  0.12246  
9279.9  0.13585  
9284.5  0.15027  
9289.0  0.16554  
9293.5  0.18162  
9298.0  0.19888  
9302.5  0.21744  
9307.0  0.23695  
9311.5  0.25703  
9316.0  0.27767  
9320.599999999999  0.29923  
9325.1  0.32185  
9329.6  0.34538  
9334.1  0.36947  
9338.6  0.39413  
9343.099999999999  0.41954  
9347.6  0.44565  
9352.2  0.47253  
9356.699999999999  0.50031  
9361.2  0.52884  
9365.7  0.55768  
9370.2  0.5869  
9374.7  0.61685  
9379.199999999999  0.64746  
9383.8  0.6783  
9388.300000000001  0.70861  
9392.8  0.73754  
9397.3  0.76532  
9401.8  0.79263  
9406.3  0.81872  
9410.9  0.84225  
9415.4  0.8632  
9419.9  0.88246  
9424.400000000001  0.90003  
9428.9  0.91506  
9433.4  0.92802  
9438.0  0.93958  
9442.5  0.94929  
9447.0  0.95671  
9451.5  0.96177  
9456.0  0.96471  
9460.599999999999  0.96658  
9465.1  0.96775  
9469.6  0.96812  
9474.1  0.9685  
9478.6  0.9692  
9483.099999999999  0.96994  
9487.7  0.97024  
9492.2  0.97052  
9496.699999999999  0.97164  
9501.2  0.97323  
9505.800000000001  0.97428  
9510.3  0.97417  
9514.8  0.97309  
9519.3  0.97184  
9523.8  0.97111  
9528.4  0.9709  
9532.9  0.97062  
9537.4  0.96971  
9541.900000000001  0.96885  
9546.4  0.96865  
9551.0  0.9683  
9555.5  0.9669  
9560.0  0.96504  
9564.5  0.96378  
9569.1  0.96293  
9573.6  0.96169  
9578.099999999999  0.96002  
9582.6  0.95883  
9587.2  0.95847  
9591.699999999999  0.95817  
9596.2  0.95742  
9600.7  0.9566  
9605.2  0.95615  
9609.8  0.95605  
9614.3  0.95655  
9618.8  0.95761  
9623.300000000001  0.95853  
9627.9  0.95871  
9632.4  0.95836  
9636.900000000001  0.95823  
9641.5  0.95891  
9646.0  0.96023  
9650.5  0.96146  
9655.0  0.96206  
9659.6  0.96215  
9664.1  0.96253  
9668.6  0.96355  
9673.099999999999  0.96446  
9677.7  0.96466  
9682.2  0.96444  
9686.699999999999  0.96463  
9691.2  0.96518  
9695.800000000001  0.96536  
9700.3  0.96512  
9704.8  0.96495  
9709.400000000001  0.96496  
9713.9  0.96488  
9718.4  0.96482  
9722.9  0.96495  
9727.5  0.96523  
9732.0  0.96543  
9736.5  0.96515  
9741.1  0.96448  
9745.599999999999  0.96374  
9750.1  0.96283  
9754.7  0.96216  
9759.199999999999  0.96284  
9763.7  0.96438  
9768.2  0.96521  
9772.8  0.96517  
9777.3  0.96526  
9781.8  0.96574  
9786.4  0.96607  
9790.9  0.96587  
9795.4  0.96535  
9800.0  0.96503  
9804.5  0.9647  
9809.0  0.96404  
9813.6  0.96347  
9818.099999999999  0.96313  
9822.6  0.96252  
9827.1  0.96131  
9831.699999999999  0.96001  
9836.2  0.95908  
9840.7  0.9581  
9845.3  0.95684  
9849.8  0.95625  
9854.3  0.95688  
9858.9  0.95772  
9863.4  0.95757  
9867.9  0.95719  
9872.5  0.95758  
9877.0  0.9582  
9881.5  0.95831  
9886.1  0.9578  
9890.599999999999  0.95699  
9895.2  0.9566  
9899.7  0.95762  
9904.199999999999  0.95985  
9908.8  0.96184  
9913.300000000001  0.96283  
9917.8  0.96308  
9922.4  0.96365  
9926.900000000001  0.96499  
9931.4  0.9663  
9936.0  0.96736  
9940.5  0.96805  
9945.0  0.96785  
9949.6  0.96734  
9954.1  0.96763  
9958.6  0.96848  
9963.2  0.96904  
9967.7  0.96911  
9972.3  0.96897  
9976.8  0.96873  
9981.3  0.96823  
9985.9  0.96766  
9990.4  0.9672  
9994.9  0.9663  
9999.5  0.96554  
10004.0  0.96588  
10008.6  0.96682  
10013.099999999999  0.96658  
10017.6  0.96466  
10022.2  0.96232  
10026.699999999999  0.96077  
10031.3  0.96039  
10035.800000000001  0.96075  
10040.3  0.96059  
10044.9  0.95971  
10049.400000000001  0.95913  
10053.9  0.95867  
10058.5  0.95811  
10063.0  0.95765  
10067.6  0.95718  
10072.1  0.95706  
10076.6  0.95755  
10081.2  0.95834  
10085.7  0.95907  
10090.3  0.95954  
10094.8  0.95948  
10099.3  0.95882  
10103.9  0.95812  
10108.4  0.95823  
10113.0  0.95947  
10117.5  0.9607  
10122.0  0.96061  
10126.6  0.96011  
10131.1  0.96101  
10135.7  0.96282  
10140.2  0.96384  
10144.8  0.96421  
10149.3  0.96481  
10153.8  0.9659  
10158.4  0.9669  
10162.9  0.96702  
10167.5  0.96636  
10172.0  0.96575  
10176.5  0.96545  
10181.1  0.9651  
10185.599999999999  0.96494  
10190.2  0.96542  
10194.7  0.9662  
10199.3  0.96634  
10203.8  0.96581  
10208.300000000001  0.96569  
10212.9  0.96588  
10217.4  0.96545  
10222.0  0.96438  
10226.5  0.96334  
10231.1  0.9624  
10235.599999999999  0.9617  
10240.2  0.9616  
10244.7  0.96124  
10249.2  0.96034  
10253.800000000001  0.9606  
10258.3  0.96208  
10262.9  0.96266  
10267.4  0.96231  
10272.0  0.96215  
10276.5  0.9624  
10281.099999999999  0.96188  
10285.599999999999  0.96079  
10290.1  0.96044  
10294.7  0.96112  
10299.2  0.96165  
10303.800000000001  0.96148  
10308.3  0.96147  
10312.9  0.96176  
10317.4  0.96174  
10322.0  0.9609  
10326.5  0.95996  
10331.099999999999  0.96009  
10335.599999999999  0.96114  
10340.1  0.96202  
10344.7  0.96244  
10349.2  0.96276  
10353.800000000001  0.96302  
10358.3  0.96334  
10362.9  0.96315  
10367.4  0.96218  
10372.0  0.96139  
10376.5  0.9608  
10381.099999999999  0.96027  
10385.599999999999  0.96051  
10390.2  0.96138  
10394.7  0.96174  
10399.300000000001  0.96073  
10403.800000000001  0.95895  
10408.4  0.95826  
10412.9  0.95948  
10417.4  0.96075  
10422.0  0.95989  
10426.5  0.95803  
10431.099999999999  0.95676  
10435.599999999999  0.95545  
10440.2  0.95485  
10444.7  0.95614  
10449.300000000001  0.95854  
10453.800000000001  0.96086  
10458.4  0.96127  
10462.9  0.95905  
10467.5  0.95632  
10472.0  0.95498  
10476.6  0.95413  
10481.099999999999  0.95321  
10485.699999999999  0.95328  
10490.2  0.95478  
10494.8  0.95589  
10499.300000000001  0.95464  
10503.900000000001  0.95182  
10508.4  0.94926  
10513.0  0.94795  
10517.5  0.94725  
10522.1  0.94588  
10526.6  0.94446  
10531.199999999999  0.94507  
10535.699999999999  0.94782  
10540.3  0.94914  
10544.8  0.94639  
10549.400000000001  0.94158  
10553.900000000001  0.93845  
10558.5  0.93685  
10563.0  0.9343  
10567.6  0.93066  
10572.1  0.92766  
10576.7  0.9258  
10581.199999999999  0.92417  
10585.8  0.92092  
10590.3  0.91559  
10594.9  0.91061  
10599.400000000001  0.9079  
10604.0  0.90545  
10608.5  0.90148  
10613.099999999999  0.89571  
10617.6  0.88776  
10622.2  0.87936  
10626.7  0.87415  
10631.300000000001  0.87052  
10635.8  0.8641  
10640.4  0.85515  
10644.9  0.84539  
10649.5  0.83365  
10654.0  0.82159  
10658.599999999999  0.8118  
10663.099999999999  0.80128  
10667.7  0.78828  
10672.3  0.7754  
10676.800000000001  0.76328  
10681.400000000001  0.75015  
10685.9  0.73484  
10690.5  0.71859  
10695.0  0.7046  
10699.6  0.69255  
10704.1  0.67786  
10708.699999999999  0.65798  
10713.199999999999  0.63531  
10717.8  0.6137  
10722.3  0.59535  
10726.900000000001  0.58061  
10731.400000000001  0.56716  
10736.0  0.55169  
10740.5  0.53262  
10745.1  0.51203  
10749.6  0.49143  
10754.2  0.47024  
10758.800000000001  0.45147  
10763.3  0.43801  
10767.9  0.42669  
10772.4  0.4141  
10777.0  0.40237  
10781.5  0.39288  
10786.099999999999  0.37843  

