@MEASUREMENT_RADIUS 18.0 cm
#lambda:
#tr:
#end
9000.599999999999  0.00186  
9005.1  0.00169  
9009.6  0.00147  
9014.1  0.00139  
9018.6  0.00152  
9023.099999999999  0.0018  
9027.6  0.00214  
9032.1  0.00238  
9036.6  0.00242  
9041.1  0.00239  
9045.599999999999  0.00252  
9050.1  0.00278  
9054.6  0.00294  
9059.1  0.00294  
9063.6  0.00298  
9068.099999999999  0.00316  
9072.6  0.00347  
9077.1  0.00374  
9081.6  0.00369  
9086.1  0.00342  
9090.599999999999  0.00327  
9095.2  0.0034  
9099.7  0.00376  
9104.199999999999  0.0042  
9108.7  0.00452  
9113.2  0.00459  
9117.7  0.00459  
9122.2  0.00481  
9126.699999999999  0.00517  
9131.2  0.00539  
9135.7  0.0055  
9140.2  0.00566  
9144.7  0.00594  
9149.199999999999  0.00627  
9153.7  0.0066  
9158.2  0.00707  
9162.7  0.00774  
9167.2  0.00854  
9171.699999999999  0.00938  
9176.2  0.01011  
9180.7  0.01088  
9185.3  0.0119  
9189.8  0.01316  
9194.3  0.01454  
9198.8  0.01608  
9203.300000000001  0.01799  
9207.8  0.02034  
9212.3  0.02314  
9216.8  0.02635  
9221.3  0.02986  
9225.800000000001  0.03373  
9230.3  0.03812  
9234.8  0.04317  
9239.400000000001  0.049  
9243.9  0.05564  
9248.4  0.06307  
9252.9  0.07128  
9257.4  0.08035  
9261.900000000001  0.0904  
9266.4  0.10153  
9270.9  0.11369  
9275.4  0.12673  
9279.9  0.14059  
9284.5  0.15539  
9289.0  0.17112  
9293.5  0.18784  
9298.0  0.20569  
9302.5  0.22475  
9307.0  0.24499  
9311.5  0.26618  
9316.0  0.28778  
9320.599999999999  0.30956  
9325.1  0.33177  
9329.6  0.35497  
9334.1  0.37929  
9338.6  0.40444  
9343.099999999999  0.43042  
9347.6  0.45713  
9352.2  0.48423  
9356.699999999999  0.51168  
9361.2  0.53996  
9365.7  0.5692  
9370.2  0.59889  
9374.7  0.62831  
9379.199999999999  0.65729  
9383.8  0.68651  
9388.300000000001  0.71598  
9392.8  0.74483  
9397.3  0.77232  
9401.8  0.79812  
9406.3  0.82263  
9410.9  0.84638  
9415.4  0.86859  
9419.9  0.88788  
9424.400000000001  0.90369  
9428.9  0.91659  
9433.4  0.92807  
9438.0  0.93913  
9442.5  0.9491  
9447.0  0.95696  
9451.5  0.96267  
9456.0  0.96645  
9460.599999999999  0.9681  
9465.1  0.96826  
9469.6  0.9685  
9474.1  0.96948  
9478.6  0.97086  
9483.099999999999  0.97183  
9487.7  0.97221  
9492.2  0.97278  
9496.699999999999  0.97353  
9501.2  0.97373  
9505.800000000001  0.97339  
9510.3  0.97297  
9514.8  0.97252  
9519.3  0.97206  
9523.8  0.97151  
9528.4  0.97099  
9532.9  0.97073  
9537.4  0.97  
9541.900000000001  0.96883  
9546.4  0.96817  
9551.0  0.96797  
9555.5  0.96738  
9560.0  0.96589  
9564.5  0.96397  
9569.1  0.9625  
9573.6  0.96153  
9578.099999999999  0.96042  
9582.6  0.95901  
9587.2  0.95798  
9591.699999999999  0.95748  
9596.2  0.95735  
9600.7  0.9571  
9605.2  0.95617  
9609.8  0.95504  
9614.3  0.95494  
9618.8  0.95628  
9623.300000000001  0.95801  
9627.9  0.95889  
9632.4  0.95846  
9636.900000000001  0.95766  
9641.5  0.95834  
9646.0  0.96067  
9650.5  0.96277  
9655.0  0.96331  
9659.6  0.96298  
9664.1  0.96302  
9668.6  0.96372  
9673.099999999999  0.96415  
9677.7  0.96407  
9682.2  0.96431  
9686.699999999999  0.96508  
9691.2  0.96548  
9695.800000000001  0.96469  
9700.3  0.96315  
9704.8  0.96218  
9709.400000000001  0.96302  
9713.9  0.96481  
9718.4  0.96535  
9722.9  0.96459  
9727.5  0.96376  
9732.0  0.96328  
9736.5  0.96353  
9741.1  0.96458  
9745.599999999999  0.96556  
9750.1  0.96543  
9754.7  0.96448  
9759.199999999999  0.96395  
9763.7  0.96405  
9768.2  0.96433  
9772.8  0.96459  
9777.3  0.96489  
9781.8  0.9652  
9786.4  0.96538  
9790.9  0.96548  
9795.4  0.96577  
9800.0  0.96594  
9804.5  0.9657  
9809.0  0.96533  
9813.6  0.96468  
9818.099999999999  0.96336  
9822.6  0.96148  
9827.1  0.95983  
9831.699999999999  0.95932  
9836.2  0.95953  
9840.7  0.95931  
9845.3  0.95861  
9849.8  0.95814  
9854.3  0.9584  
9858.9  0.95899  
9863.4  0.95905  
9867.9  0.95853  
9872.5  0.95777  
9877.0  0.95719  
9881.5  0.95682  
9886.1  0.9567  
9890.599999999999  0.95728  
9895.2  0.95842  
9899.7  0.95955  
9904.199999999999  0.9601  
9908.8  0.96013  
9913.300000000001  0.96042  
9917.8  0.96141  
9922.4  0.96277  
9926.900000000001  0.96405  
9931.4  0.96512  
9936.0  0.96612  
9940.5  0.96696  
9945.0  0.96751  
9949.6  0.96767  
9954.1  0.96754  
9958.6  0.96738  
9963.2  0.96745  
9967.7  0.96762  
9972.3  0.96768  
9976.8  0.96778  
9981.3  0.96813  
9985.9  0.96848  
9990.4  0.96837  
9994.9  0.96721  
9999.5  0.96561  
10004.0  0.96458  
10008.6  0.96397  
10013.099999999999  0.9631  
10017.6  0.96211  
10022.2  0.96176  
10026.699999999999  0.96229  
10031.3  0.96286  
10035.800000000001  0.96231  
10040.3  0.96029  
10044.9  0.95797  
10049.400000000001  0.95672  
10053.9  0.95673  
10058.5  0.95752  
10063.0  0.95832  
10067.6  0.95846  
10072.1  0.95819  
10076.6  0.95874  
10081.2  0.95965  
10085.7  0.95931  
10090.3  0.95795  
10094.8  0.95714  
10099.3  0.95762  
10103.9  0.95836  
10108.4  0.9585  
10113.0  0.95862  
10117.5  0.95909  
10122.0  0.96008  
10126.6  0.9616  
10131.1  0.96294  
10135.7  0.9638  
10140.2  0.96387  
10144.8  0.96319  
10149.3  0.96324  
10153.8  0.96492  
10158.4  0.96695  
10162.9  0.96777  
10167.5  0.96776  
10172.0  0.96795  
10176.5  0.96807  
10181.1  0.96733  
10185.599999999999  0.96603  
10190.2  0.96532  
10194.7  0.966  
10199.3  0.96734  
10203.8  0.96769  
10208.300000000001  0.96697  
10212.9  0.96607  
10217.4  0.96598  
10222.0  0.96676  
10226.5  0.96763  
10231.1  0.96757  
10235.599999999999  0.96646  
10240.2  0.96571  
10244.7  0.9656  
10249.2  0.96485  
10253.800000000001  0.96359  
10258.3  0.96322  
10262.9  0.9632  
10267.4  0.963  
10272.0  0.96307  
10276.5  0.96314  
10281.099999999999  0.9627  
10285.599999999999  0.96216  
10290.1  0.96167  
10294.7  0.96121  
10299.2  0.96068  
10303.800000000001  0.96064  
10308.3  0.96158  
10312.9  0.96303  
10317.4  0.96373  
10322.0  0.96274  
10326.5  0.96081  
10331.099999999999  0.95956  
10335.599999999999  0.95916  
10340.1  0.95927  
10344.7  0.96023  
10349.2  0.96125  
10353.800000000001  0.96093  
10358.3  0.9597  
10362.9  0.95913  
10367.4  0.96022  
10372.0  0.96249  
10376.5  0.96491  
10381.099999999999  0.96591  
10385.599999999999  0.96396  
10390.2  0.95929  
10394.7  0.95542  
10399.300000000001  0.95515  
10403.800000000001  0.95787  
10408.4  0.96082  
10412.9  0.9618  
10417.4  0.96072  
10422.0  0.95909  
10426.5  0.95804  
10431.099999999999  0.95732  
10435.599999999999  0.95689  
10440.2  0.957  
10444.7  0.957  
10449.300000000001  0.95669  
10453.800000000001  0.95689  
10458.4  0.95731  
10462.9  0.95751  
10467.5  0.95812  
10472.0  0.95878  
10476.6  0.95788  
10481.099999999999  0.95597  
10485.699999999999  0.95447  
10490.2  0.95459  
10494.8  0.9561  
10499.300000000001  0.9568  
10503.900000000001  0.95612  
10508.4  0.95554  
10513.0  0.95504  
10517.5  0.95261  
10522.1  0.94719  
10526.6  0.94218  
10531.199999999999  0.94136  
10535.699999999999  0.94337  
10540.3  0.94397  
10544.8  0.94321  
10549.400000000001  0.94276  
10553.900000000001  0.94201  
10558.5  0.93949  
10563.0  0.93545  
10567.6  0.93144  
10572.1  0.928  
10576.7  0.92505  
10581.199999999999  0.92316  
10585.8  0.92198  
10590.3  0.91977  
10594.9  0.91645  
10599.400000000001  0.91222  
10604.0  0.90605  
10608.5  0.89891  
10613.099999999999  0.89273  
10617.6  0.88681  
10622.2  0.87904  
10626.7  0.87144  
10631.300000000001  0.86588  
10635.8  0.86035  
10640.4  0.8531  
10644.9  0.84459  
10649.5  0.83654  
10654.0  0.82918  
10658.599999999999  0.81982  
10663.099999999999  0.80658  
10667.7  0.79154  
10672.3  0.77628  
10676.800000000001  0.7597  
10681.400000000001  0.74272  
10685.9  0.72857  
10690.5  0.71807  
10695.0  0.70771  
10699.6  0.69293  
10704.1  0.67265  
10708.699999999999  0.65132  
10713.199999999999  0.63333  
10717.8  0.61622  
10722.3  0.5962  
10726.900000000001  0.57681  
10731.400000000001  0.56227  
10736.0  0.5511  
10740.5  0.53784  
10745.1  0.51865  
10749.6  0.49688  
10754.2  0.47645  
10758.800000000001  0.45757  
10763.3  0.43926  
10767.9  0.42267  
10772.4  0.40954  
10777.0  0.39873  
10781.5  0.38593  
10786.099999999999  0.36726  

