@MEASUREMENT_RADIUS 19.0 cm
#lambda:
#tr:
#end
9000.599999999999  0.00146  
9005.1  0.00149  
9009.6  0.00154  
9014.1  0.00173  
9018.6  0.00194  
9023.099999999999  0.00199  
9027.6  0.00203  
9032.1  0.00219  
9036.6  0.00242  
9041.1  0.00253  
9045.599999999999  0.00251  
9050.1  0.00262  
9054.6  0.00292  
9059.1  0.00312  
9063.6  0.00321  
9068.099999999999  0.00326  
9072.6  0.0032  
9077.1  0.0031  
9081.6  0.00312  
9086.1  0.00323  
9090.599999999999  0.00339  
9095.2  0.0037  
9099.7  0.0041  
9104.199999999999  0.00442  
9108.7  0.00466  
9113.2  0.00488  
9117.7  0.00506  
9122.2  0.00517  
9126.699999999999  0.00529  
9131.2  0.00547  
9135.7  0.00566  
9140.2  0.0059  
9144.7  0.00627  
9149.199999999999  0.00684  
9153.7  0.00754  
9158.2  0.0082  
9162.7  0.00876  
9167.2  0.00935  
9171.699999999999  0.00997  
9176.2  0.01069  
9180.7  0.01155  
9185.3  0.01251  
9189.8  0.01361  
9194.3  0.0152  
9198.8  0.01723  
9203.300000000001  0.01932  
9207.8  0.02141  
9212.3  0.02394  
9216.8  0.02715  
9221.3  0.03083  
9225.800000000001  0.03491  
9230.3  0.03963  
9234.8  0.04495  
9239.400000000001  0.05086  
9243.9  0.05764  
9248.4  0.0654  
9252.9  0.07405  
9257.4  0.08357  
9261.900000000001  0.09404  
9266.4  0.10564  
9270.9  0.11813  
9275.4  0.13117  
9279.9  0.14508  
9284.5  0.16052  
9289.0  0.17736  
9293.5  0.19505  
9298.0  0.21348  
9302.5  0.23277  
9307.0  0.2529  
9311.5  0.27404  
9316.0  0.29617  
9320.599999999999  0.31893  
9325.1  0.34212  
9329.6  0.36593  
9334.1  0.39044  
9338.6  0.41574  
9343.099999999999  0.44181  
9347.6  0.46853  
9352.2  0.49587  
9356.699999999999  0.52375  
9361.2  0.55193  
9365.7  0.58038  
9370.2  0.60919  
9374.7  0.63843  
9379.199999999999  0.66795  
9383.8  0.6972  
9388.300000000001  0.72554  
9392.8  0.7528  
9397.3  0.77931  
9401.8  0.80562  
9406.3  0.83112  
9410.9  0.85406  
9415.4  0.87346  
9419.9  0.89013  
9424.400000000001  0.90531  
9428.9  0.91884  
9433.4  0.93038  
9438.0  0.9404  
9442.5  0.94876  
9447.0  0.95481  
9451.5  0.9589  
9456.0  0.96178  
9460.599999999999  0.96406  
9465.1  0.96578  
9469.6  0.96712  
9474.1  0.96841  
9478.6  0.96942  
9483.099999999999  0.96985  
9487.7  0.96992  
9492.2  0.97033  
9496.699999999999  0.97113  
9501.2  0.97215  
9505.800000000001  0.97325  
9510.3  0.97366  
9514.8  0.9731  
9519.3  0.97213  
9523.8  0.97124  
9528.4  0.971  
9532.9  0.97131  
9537.4  0.97112  
9541.900000000001  0.97033  
9546.4  0.96958  
9551.0  0.96906  
9555.5  0.96818  
9560.0  0.96667  
9564.5  0.96518  
9569.1  0.9638  
9573.6  0.96252  
9578.099999999999  0.96181  
9582.6  0.96131  
9587.2  0.96018  
9591.699999999999  0.95865  
9596.2  0.95777  
9600.7  0.95755  
9605.2  0.95688  
9609.8  0.95538  
9614.3  0.95446  
9618.8  0.95499  
9623.300000000001  0.95639  
9627.9  0.9578  
9632.4  0.95877  
9636.900000000001  0.95937  
9641.5  0.96024  
9646.0  0.96119  
9650.5  0.96131  
9655.0  0.9608  
9659.6  0.96075  
9664.1  0.96154  
9668.6  0.96255  
9673.099999999999  0.96295  
9677.7  0.96266  
9682.2  0.96248  
9686.699999999999  0.96317  
9691.2  0.96417  
9695.800000000001  0.96431  
9700.3  0.96378  
9704.8  0.96376  
9709.400000000001  0.96462  
9713.9  0.96522  
9718.4  0.96489  
9722.9  0.96409  
9727.5  0.96342  
9732.0  0.96307  
9736.5  0.96327  
9741.1  0.96395  
9745.599999999999  0.96445  
9750.1  0.96418  
9754.7  0.96372  
9759.199999999999  0.96391  
9763.7  0.96441  
9768.2  0.96466  
9772.8  0.96493  
9777.3  0.9654  
9781.8  0.9658  
9786.4  0.96586  
9790.9  0.96567  
9795.4  0.96556  
9800.0  0.96551  
9804.5  0.96499  
9809.0  0.96417  
9813.6  0.96354  
9818.099999999999  0.96303  
9822.6  0.96231  
9827.1  0.96135  
9831.699999999999  0.96057  
9836.2  0.95992  
9840.7  0.95871  
9845.3  0.95725  
9849.8  0.9567  
9854.3  0.95718  
9858.9  0.9576  
9863.4  0.95751  
9867.9  0.95769  
9872.5  0.95824  
9877.0  0.95826  
9881.5  0.95743  
9886.1  0.95665  
9890.599999999999  0.95707  
9895.2  0.95867  
9899.7  0.96044  
9904.199999999999  0.96116  
9908.8  0.96074  
9913.300000000001  0.96058  
9917.8  0.96152  
9922.4  0.96275  
9926.900000000001  0.96365  
9931.4  0.96499  
9936.0  0.96656  
9940.5  0.96727  
9945.0  0.96705  
9949.6  0.96657  
9954.1  0.96617  
9958.6  0.96602  
9963.2  0.96611  
9967.7  0.96636  
9972.3  0.96722  
9976.8  0.96857  
9981.3  0.96909  
9985.9  0.96857  
9990.4  0.96781  
9994.9  0.96697  
9999.5  0.96635  
10004.0  0.96618  
10008.6  0.96595  
10013.099999999999  0.96472  
10017.6  0.96263  
10022.2  0.96091  
10026.699999999999  0.96038  
10031.3  0.96039  
10035.800000000001  0.95985  
10040.3  0.95857  
10044.9  0.95725  
10049.400000000001  0.95653  
10053.9  0.95645  
10058.5  0.95703  
10063.0  0.95746  
10067.6  0.95714  
10072.1  0.95651  
10076.6  0.95644  
10081.2  0.95704  
10085.7  0.9578  
10090.3  0.95841  
10094.8  0.95882  
10099.3  0.9588  
10103.9  0.95853  
10108.4  0.95858  
10113.0  0.95942  
10117.5  0.96083  
10122.0  0.96193  
10126.6  0.96206  
10131.1  0.96173  
10135.7  0.96236  
10140.2  0.96364  
10144.8  0.96448  
10149.3  0.96501  
10153.8  0.96595  
10158.4  0.96673  
10162.9  0.96651  
10167.5  0.9657  
10172.0  0.96585  
10176.5  0.96728  
10181.1  0.96806  
10185.599999999999  0.9674  
10190.2  0.9666  
10194.7  0.96666  
10199.3  0.9675  
10203.8  0.96804  
10208.300000000001  0.96713  
10212.9  0.9653  
10217.4  0.96456  
10222.0  0.96486  
10226.5  0.96531  
10231.1  0.96551  
10235.599999999999  0.96535  
10240.2  0.96486  
10244.7  0.96377  
10249.2  0.96195  
10253.800000000001  0.96056  
10258.3  0.96089  
10262.9  0.96188  
10267.4  0.96202  
10272.0  0.96174  
10276.5  0.96168  
10281.099999999999  0.96138  
10285.599999999999  0.96134  
10290.1  0.96194  
10294.7  0.96274  
10299.2  0.96244  
10303.800000000001  0.96084  
10308.3  0.9598  
10312.9  0.9603  
10317.4  0.961  
10322.0  0.96121  
10326.5  0.96165  
10331.099999999999  0.96197  
10335.599999999999  0.96131  
10340.1  0.96041  
10344.7  0.961  
10349.2  0.96274  
10353.800000000001  0.96336  
10358.3  0.96166  
10362.9  0.95898  
10367.4  0.95784  
10372.0  0.95942  
10376.5  0.96211  
10381.099999999999  0.96308  
10385.599999999999  0.96197  
10390.2  0.95993  
10394.7  0.95786  
10399.300000000001  0.95669  
10403.800000000001  0.95686  
10408.4  0.958  
10412.9  0.95918  
10417.4  0.95897  
10422.0  0.95731  
10426.5  0.95545  
10431.099999999999  0.95464  
10435.599999999999  0.95478  
10440.2  0.95499  
10444.7  0.95569  
10449.300000000001  0.95779  
10453.800000000001  0.96039  
10458.4  0.9613  
10462.9  0.96048  
10467.5  0.95884  
10472.0  0.95737  
10476.6  0.95641  
10481.099999999999  0.95582  
10485.699999999999  0.95548  
10490.2  0.95535  
10494.8  0.95441  
10499.300000000001  0.95193  
10503.900000000001  0.94956  
10508.4  0.95002  
10513.0  0.95177  
10517.5  0.95167  
10522.1  0.95097  
10526.6  0.95147  
10531.199999999999  0.95142  
10535.699999999999  0.94921  
10540.3  0.94477  
10544.8  0.94069  
10549.400000000001  0.93919  
10553.900000000001  0.93905  
10558.5  0.93812  
10563.0  0.93555  
10567.6  0.93265  
10572.1  0.93079  
10576.7  0.92892  
10581.199999999999  0.92613  
10585.8  0.92234  
10590.3  0.91771  
10594.9  0.91328  
10599.400000000001  0.90995  
10604.0  0.9069  
10608.5  0.9025  
10613.099999999999  0.89581  
10617.6  0.88801  
10622.2  0.88044  
10626.7  0.87489  
10631.300000000001  0.87109  
10635.8  0.86647  
10640.4  0.85948  
10644.9  0.85071  
10649.5  0.83956  
10654.0  0.82599  
10658.599999999999  0.81289  
10663.099999999999  0.80317  
10667.7  0.79504  
10672.3  0.78479  
10676.800000000001  0.77171  
10681.400000000001  0.75608  
10685.9  0.73763  
10690.5  0.719  
10695.0  0.70371  
10699.6  0.69043  
10704.1  0.6749  
10708.699999999999  0.6569  
10713.199999999999  0.63954  
10717.8  0.62279  
10722.3  0.60336  
10726.900000000001  0.58188  
10731.400000000001  0.56252  
10736.0  0.54621  
10740.5  0.52975  
10745.1  0.51082  
10749.6  0.49182  
10754.2  0.47556  
10758.800000000001  0.46079  
10763.3  0.44456  
10767.9  0.42639  
10772.4  0.41017  
10777.0  0.39868  
10781.5  0.38855  
10786.099999999999  0.37258  

