@MEASUREMENT_RADIUS 20.0 cm
#lambda:
#tr:
#end
9000.599999999999  0.00162  
9005.1  0.00189  
9009.6  0.00203  
9014.1  0.00202  
9018.6  0.00205  
9023.099999999999  0.00215  
9027.6  0.00217  
9032.1  0.00213  
9036.6  0.00218  
9041.1  0.00228  
9045.599999999999  0.00237  
9050.1  0.00248  
9054.6  0.0027  
9059.1  0.003  
9063.6  0.0032  
9068.099999999999  0.00323  
9072.6  0.00322  
9077.1  0.00336  
9081.6  0.00353  
9086.1  0.00362  
9090.599999999999  0.00364  
9095.2  0.00384  
9099.7  0.00429  
9104.199999999999  0.00473  
9108.7  0.00505  
9113.2  0.00514  
9117.7  0.005  
9122.2  0.00498  
9126.699999999999  0.00531  
9131.2  0.00574  
9135.7  0.00603  
9140.2  0.00624  
9144.7  0.00647  
9149.199999999999  0.00673  
9153.7  0.00707  
9158.2  0.00761  
9162.7  0.00839  
9167.2  0.00927  
9171.699999999999  0.01005  
9176.2  0.01077  
9180.7  0.01173  
9185.3  0.01309  
9189.8  0.0145  
9194.3  0.01589  
9198.8  0.0175  
9203.300000000001  0.01949  
9207.8  0.02193  
9212.3  0.02481  
9216.8  0.0281  
9221.3  0.03185  
9225.800000000001  0.03621  
9230.3  0.04117  
9234.8  0.0467  
9239.400000000001  0.05286  
9243.9  0.05982  
9248.4  0.06771  
9252.9  0.07641  
9257.4  0.08608  
9261.900000000001  0.09704  
9266.4  0.10925  
9270.9  0.12239  
9275.4  0.13626  
9279.9  0.15103  
9284.5  0.16698  
9289.0  0.18433  
9293.5  0.20288  
9298.0  0.22224  
9302.5  0.24228  
9307.0  0.26323  
9311.5  0.28513  
9316.0  0.30762  
9320.599999999999  0.33029  
9325.1  0.35323  
9329.6  0.37703  
9334.1  0.40175  
9338.6  0.42703  
9343.099999999999  0.45307  
9347.6  0.48027  
9352.2  0.50842  
9356.699999999999  0.5366  
9361.2  0.56422  
9365.7  0.5916  
9370.2  0.61933  
9374.7  0.6479  
9379.199999999999  0.67717  
9383.8  0.70614  
9388.300000000001  0.73406  
9392.8  0.76083  
9397.3  0.78631  
9401.8  0.81046  
9406.3  0.83351  
9410.9  0.85539  
9415.4  0.8752  
9419.9  0.89241  
9424.400000000001  0.90723  
9428.9  0.9202  
9433.4  0.93182  
9438.0  0.94162  
9442.5  0.94938  
9447.0  0.95559  
9451.5  0.96048  
9456.0  0.96371  
9460.599999999999  0.96572  
9465.1  0.96691  
9469.6  0.96753  
9474.1  0.96823  
9478.6  0.96936  
9483.099999999999  0.97045  
9487.7  0.97088  
9492.2  0.97096  
9496.699999999999  0.9712  
9501.2  0.97164  
9505.800000000001  0.97219  
9510.3  0.97222  
9514.8  0.97152  
9519.3  0.97069  
9523.8  0.97024  
9528.4  0.97072  
9532.9  0.97213  
9537.4  0.97257  
9541.900000000001  0.97118  
9546.4  0.96948  
9551.0  0.96831  
9555.5  0.96729  
9560.0  0.96639  
9564.5  0.96572  
9569.1  0.96464  
9573.6  0.96313  
9578.099999999999  0.96207  
9582.6  0.96137  
9587.2  0.96029  
9591.699999999999  0.95871  
9596.2  0.95765  
9600.7  0.95755  
9605.2  0.95752  
9609.8  0.95686  
9614.3  0.95615  
9618.8  0.95603  
9623.300000000001  0.9564  
9627.9  0.95666  
9632.4  0.9566  
9636.900000000001  0.95698  
9641.5  0.95832  
9646.0  0.95988  
9650.5  0.96112  
9655.0  0.96187  
9659.6  0.96212  
9664.1  0.96252  
9668.6  0.96353  
9673.099999999999  0.96436  
9677.7  0.96413  
9682.2  0.96325  
9686.699999999999  0.96306  
9691.2  0.96368  
9695.800000000001  0.96399  
9700.3  0.96368  
9704.8  0.96323  
9709.400000000001  0.96364  
9713.9  0.96468  
9718.4  0.96508  
9722.9  0.96456  
9727.5  0.96372  
9732.0  0.96311  
9736.5  0.96332  
9741.1  0.96426  
9745.599999999999  0.96508  
9750.1  0.96517  
9754.7  0.96477  
9759.199999999999  0.9644  
9763.7  0.96431  
9768.2  0.96478  
9772.8  0.96543  
9777.3  0.9657  
9781.8  0.96564  
9786.4  0.96552  
9790.9  0.96538  
9795.4  0.96519  
9800.0  0.96498  
9804.5  0.96483  
9809.0  0.96473  
9813.6  0.9644  
9818.099999999999  0.96369  
9822.6  0.96274  
9827.1  0.96176  
9831.699999999999  0.96053  
9836.2  0.95908  
9840.7  0.95794  
9845.3  0.95743  
9849.8  0.95723  
9854.3  0.95716  
9858.9  0.95744  
9863.4  0.95775  
9867.9  0.95776  
9872.5  0.95768  
9877.0  0.9577  
9881.5  0.95763  
9886.1  0.95747  
9890.599999999999  0.95786  
9895.2  0.95939  
9899.7  0.96131  
9904.199999999999  0.96218  
9908.8  0.96162  
9913.300000000001  0.96121  
9917.8  0.96205  
9922.4  0.96355  
9926.900000000001  0.96472  
9931.4  0.96528  
9936.0  0.96551  
9940.5  0.96552  
9945.0  0.96538  
9949.6  0.96541  
9954.1  0.96598  
9958.6  0.96695  
9963.2  0.96791  
9967.7  0.96869  
9972.3  0.96898  
9976.8  0.9687  
9981.3  0.96834  
9985.9  0.96819  
9990.4  0.96787  
9994.9  0.96711  
9999.5  0.96632  
10004.0  0.96604  
10008.6  0.96614  
10013.099999999999  0.96543  
10017.6  0.96371  
10022.2  0.9624  
10026.699999999999  0.96226  
10031.3  0.96227  
10035.800000000001  0.96161  
10040.3  0.9603  
10044.9  0.95911  
10049.400000000001  0.95845  
10053.9  0.95791  
10058.5  0.95737  
10063.0  0.95663  
10067.6  0.95608  
10072.1  0.95661  
10076.6  0.95777  
10081.2  0.95806  
10085.7  0.95709  
10090.3  0.95605  
10094.8  0.95635  
10099.3  0.95778  
10103.9  0.95917  
10108.4  0.96035  
10113.0  0.96151  
10117.5  0.96209  
10122.0  0.96166  
10126.6  0.96092  
10131.1  0.96099  
10135.7  0.96211  
10140.2  0.96333  
10144.8  0.96426  
10149.3  0.96543  
10153.8  0.96658  
10158.4  0.96686  
10162.9  0.96633  
10167.5  0.96619  
10172.0  0.96736  
10176.5  0.96879  
10181.1  0.96872  
10185.599999999999  0.96753  
10190.2  0.96656  
10194.7  0.96648  
10199.3  0.96746  
10203.8  0.96842  
10208.300000000001  0.96799  
10212.9  0.96661  
10217.4  0.96578  
10222.0  0.96593  
10226.5  0.96667  
10231.1  0.96709  
10235.599999999999  0.96625  
10240.2  0.9648  
10244.7  0.9633  
10249.2  0.96138  
10253.800000000001  0.96023  
10258.3  0.96092  
10262.9  0.96177  
10267.4  0.9619  
10272.0  0.96271  
10276.5  0.964  
10281.099999999999  0.96333  
10285.599999999999  0.9615  
10290.1  0.96113  
10294.7  0.96254  
10299.2  0.96421  
10303.800000000001  0.96445  
10308.3  0.96308  
10312.9  0.96152  
10317.4  0.9608  
10322.0  0.96053  
10326.5  0.96024  
10331.099999999999  0.96021  
10335.599999999999  0.96013  
10340.1  0.96012  
10344.7  0.96033  
10349.2  0.96007  
10353.800000000001  0.95897  
10358.3  0.9586  
10362.9  0.96003  
10367.4  0.96159  
10372.0  0.96219  
10376.5  0.96237  
10381.099999999999  0.96264  
10385.599999999999  0.96305  
10390.2  0.96215  
10394.7  0.95986  
10399.300000000001  0.95836  
10403.800000000001  0.95911  
10408.4  0.96105  
10412.9  0.96274  
10417.4  0.96307  
10422.0  0.96216  
10426.5  0.96126  
10431.099999999999  0.96049  
10435.599999999999  0.95865  
10440.2  0.95647  
10444.7  0.95617  
10449.300000000001  0.95781  
10453.800000000001  0.95888  
10458.4  0.9577  
10462.9  0.95525  
10467.5  0.95342  
10472.0  0.95345  
10476.6  0.95415  
10481.099999999999  0.95407  
10485.699999999999  0.95397  
10490.2  0.95486  
10494.8  0.95543  
10499.300000000001  0.95344  
10503.900000000001  0.95005  
10508.4  0.9487  
10513.0  0.94991  
10517.5  0.95031  
10522.1  0.94866  
10526.6  0.94749  
10531.199999999999  0.94835  
10535.699999999999  0.9493  
10540.3  0.94843  
10544.8  0.94638  
10549.400000000001  0.94384  
10553.900000000001  0.94131  
10558.5  0.93873  
10563.0  0.93505  
10567.6  0.93105  
10572.1  0.92879  
10576.7  0.92827  
10581.199999999999  0.92757  
10585.8  0.92556  
10590.3  0.92207  
10594.9  0.91774  
10599.400000000001  0.91382  
10604.0  0.9087  
10608.5  0.90069  
10613.099999999999  0.89212  
10617.6  0.88529  
10622.2  0.87992  
10626.7  0.8764  
10631.300000000001  0.87409  
10635.8  0.86973  
10640.4  0.86096  
10644.9  0.85091  
10649.5  0.84259  
10654.0  0.83315  
10658.599999999999  0.82079  
10663.099999999999  0.80809  
10667.7  0.79673  
10672.3  0.78593  
10676.800000000001  0.77455  
10681.400000000001  0.76137  
10685.9  0.74607  
10690.5  0.72968  
10695.0  0.71437  
10699.6  0.70029  
10704.1  0.68651  
10708.699999999999  0.67194  
10713.199999999999  0.65496  
10717.8  0.6345  
10722.3  0.61222  
10726.900000000001  0.59174  
10731.400000000001  0.57316  
10736.0  0.55443  
10740.5  0.53605  
10745.1  0.51869  
10749.6  0.50275  
10754.2  0.48747  
10758.800000000001  0.47069  
10763.3  0.45293  
10767.9  0.43641  
10772.4  0.4206  
10777.0  0.40591  
10781.5  0.39265  
10786.099999999999  0.3753  

