@MEASUREMENT_RADIUS 21.0 cm
#lambda:
#tr:
#end
9000.599999999999  0.00151  
9005.1  0.00139  
9009.6  0.00144  
9014.1  0.00172  
9018.6  0.00209  
9023.099999999999  0.00232  
9027.6  0.00236  
9032.1  0.0023  
9036.6  0.00226  
9041.1  0.00244  
9045.599999999999  0.00272  
9050.1  0.00284  
9054.6  0.00277  
9059.1  0.00275  
9063.6  0.00297  
9068.099999999999  0.00324  
9072.6  0.00335  
9077.1  0.00342  
9081.6  0.00353  
9086.1  0.00366  
9090.599999999999  0.00379  
9095.2  0.00399  
9099.7  0.00422  
9104.199999999999  0.00441  
9108.7  0.00463  
9113.2  0.00494  
9117.7  0.00524  
9122.2  0.00556  
9126.699999999999  0.00584  
9131.2  0.006  
9135.7  0.00619  
9140.2  0.00658  
9144.7  0.00713  
9149.199999999999  0.00766  
9153.7  0.00816  
9158.2  0.00866  
9162.7  0.00914  
9167.2  0.00962  
9171.699999999999  0.01024  
9176.2  0.01113  
9180.7  0.01226  
9185.3  0.01354  
9189.8  0.01495  
9194.3  0.01659  
9198.8  0.01847  
9203.300000000001  0.02056  
9207.8  0.02301  
9212.3  0.02593  
9216.8  0.02928  
9221.3  0.03308  
9225.800000000001  0.03751  
9230.3  0.04266  
9234.8  0.0486  
9239.400000000001  0.05525  
9243.9  0.06262  
9248.4  0.07085  
9252.9  0.07991  
9257.4  0.09013  
9261.900000000001  0.10187  
9266.4  0.11487  
9270.9  0.12837  
9275.4  0.14235  
9279.9  0.15741  
9284.5  0.17411  
9289.0  0.19236  
9293.5  0.21159  
9298.0  0.23145  
9302.5  0.25203  
9307.0  0.27349  
9311.5  0.2958  
9316.0  0.31879  
9320.599999999999  0.34229  
9325.1  0.36616  
9329.6  0.39053  
9334.1  0.41551  
9338.6  0.44109  
9343.099999999999  0.46716  
9347.6  0.49359  
9352.2  0.52052  
9356.699999999999  0.54791  
9361.2  0.57554  
9365.7  0.60338  
9370.2  0.63145  
9374.7  0.65974  
9379.199999999999  0.68794  
9383.8  0.71561  
9388.300000000001  0.74229  
9392.8  0.76796  
9397.3  0.7929  
9401.8  0.81721  
9406.3  0.84027  
9410.9  0.861  
9415.4  0.87921  
9419.9  0.89544  
9424.400000000001  0.9102  
9428.9  0.92328  
9433.4  0.93391  
9438.0  0.94203  
9442.5  0.94904  
9447.0  0.95553  
9451.5  0.96002  
9456.0  0.96237  
9460.599999999999  0.9643  
9465.1  0.96607  
9469.6  0.9672  
9474.1  0.96784  
9478.6  0.96784  
9483.099999999999  0.96775  
9487.7  0.96853  
9492.2  0.96991  
9496.699999999999  0.97104  
9501.2  0.97164  
9505.800000000001  0.97198  
9510.3  0.97208  
9514.8  0.9716  
9519.3  0.97105  
9523.8  0.97089  
9528.4  0.9709  
9532.9  0.97064  
9537.4  0.96965  
9541.900000000001  0.96892  
9546.4  0.9694  
9551.0  0.9701  
9555.5  0.96972  
9560.0  0.96837  
9564.5  0.96679  
9569.1  0.96521  
9573.6  0.9637  
9578.099999999999  0.96233  
9582.6  0.96103  
9587.2  0.95974  
9591.699999999999  0.95847  
9596.2  0.95787  
9600.7  0.9579  
9605.2  0.95748  
9609.8  0.95633  
9614.3  0.95545  
9618.8  0.95552  
9623.300000000001  0.9567  
9627.9  0.95842  
9632.4  0.9593  
9636.900000000001  0.9591  
9641.5  0.95907  
9646.0  0.9597  
9650.5  0.96071  
9655.0  0.96176  
9659.6  0.96247  
9664.1  0.96271  
9668.6  0.96258  
9673.099999999999  0.96253  
9677.7  0.96311  
9682.2  0.96389  
9686.699999999999  0.96444  
9691.2  0.96465  
9695.800000000001  0.96394  
9700.3  0.96302  
9704.8  0.96337  
9709.400000000001  0.96483  
9713.9  0.96582  
9718.4  0.96548  
9722.9  0.96446  
9727.5  0.96353  
9732.0  0.96269  
9736.5  0.96215  
9741.1  0.96246  
9745.599999999999  0.96338  
9750.1  0.96394  
9754.7  0.96369  
9759.199999999999  0.96336  
9763.7  0.96362  
9768.2  0.96441  
9772.8  0.96517  
9777.3  0.96563  
9781.8  0.96581  
9786.4  0.96583  
9790.9  0.96586  
9795.4  0.96606  
9800.0  0.96622  
9804.5  0.96561  
9809.0  0.96399  
9813.6  0.96232  
9818.099999999999  0.96142  
9822.6  0.96115  
9827.1  0.96133  
9831.699999999999  0.96191  
9836.2  0.96192  
9840.7  0.96044  
9845.3  0.95853  
9849.8  0.95804  
9854.3  0.95868  
9858.9  0.95863  
9863.4  0.95758  
9867.9  0.95688  
9872.5  0.9572  
9877.0  0.9579  
9881.5  0.9584  
9886.1  0.95881  
9890.599999999999  0.95928  
9895.2  0.95956  
9899.7  0.95981  
9904.199999999999  0.96031  
9908.8  0.96071  
9913.300000000001  0.96118  
9917.8  0.9621  
9922.4  0.96311  
9926.900000000001  0.9638  
9931.4  0.96473  
9936.0  0.96601  
9940.5  0.96688  
9945.0  0.96693  
9949.6  0.96642  
9954.1  0.96601  
9958.6  0.96614  
9963.2  0.96668  
9967.7  0.96717  
9972.3  0.96766  
9976.8  0.96846  
9981.3  0.96904  
9985.9  0.96905  
9990.4  0.96853  
9994.9  0.96747  
9999.5  0.96693  
10004.0  0.96762  
10008.6  0.96833  
10013.099999999999  0.96743  
10017.6  0.96498  
10022.2  0.96238  
10026.699999999999  0.96116  
10031.3  0.96115  
10035.800000000001  0.96113  
10040.3  0.9603  
10044.9  0.95879  
10049.400000000001  0.95756  
10053.9  0.95695  
10058.5  0.95696  
10063.0  0.95735  
10067.6  0.95769  
10072.1  0.95769  
10076.6  0.95751  
10081.2  0.9573  
10085.7  0.95716  
10090.3  0.95734  
10094.8  0.95785  
10099.3  0.95873  
10103.9  0.95977  
10108.4  0.96048  
10113.0  0.96079  
10117.5  0.96053  
10122.0  0.95975  
10126.6  0.95948  
10131.1  0.96041  
10135.7  0.9625  
10140.2  0.9648  
10144.8  0.96626  
10149.3  0.96681  
10153.8  0.96697  
10158.4  0.96664  
10162.9  0.96571  
10167.5  0.96521  
10172.0  0.96569  
10176.5  0.96625  
10181.1  0.96627  
10185.599999999999  0.9662  
10190.2  0.96634  
10194.7  0.9665  
10199.3  0.96653  
10203.8  0.96623  
10208.300000000001  0.96543  
10212.9  0.96426  
10217.4  0.96359  
10222.0  0.96379  
10226.5  0.96453  
10231.1  0.9652  
10235.599999999999  0.96515  
10240.2  0.96459  
10244.7  0.96399  
10249.2  0.96284  
10253.800000000001  0.96144  
10258.3  0.96125  
10262.9  0.96167  
10267.4  0.96157  
10272.0  0.96177  
10276.5  0.96293  
10281.099999999999  0.96365  
10285.599999999999  0.96349  
10290.1  0.96303  
10294.7  0.9627  
10299.2  0.96216  
10303.800000000001  0.96119  
10308.3  0.96044  
10312.9  0.96049  
10317.4  0.96104  
10322.0  0.96146  
10326.5  0.96112  
10331.099999999999  0.96041  
10335.599999999999  0.95988  
10340.1  0.96015  
10344.7  0.96205  
10349.2  0.96477  
10353.800000000001  0.96531  
10358.3  0.9635  
10362.9  0.96262  
10367.4  0.9641  
10372.0  0.96591  
10376.5  0.96585  
10381.099999999999  0.96455  
10385.599999999999  0.96376  
10390.2  0.96326  
10394.7  0.96223  
10399.300000000001  0.96085  
10403.800000000001  0.96089  
10408.4  0.96228  
10412.9  0.96261  
10417.4  0.96047  
10422.0  0.95827  
10426.5  0.95842  
10431.099999999999  0.95917  
10435.599999999999  0.95847  
10440.2  0.95713  
10444.7  0.95669  
10449.300000000001  0.9575  
10453.800000000001  0.9594  
10458.4  0.96114  
10462.9  0.96105  
10467.5  0.95876  
10472.0  0.9567  
10476.6  0.95705  
10481.099999999999  0.95922  
10485.699999999999  0.96087  
10490.2  0.96074  
10494.8  0.95839  
10499.300000000001  0.95423  
10503.900000000001  0.95109  
10508.4  0.95128  
10513.0  0.95264  
10517.5  0.95199  
10522.1  0.95036  
10526.6  0.94988  
10531.199999999999  0.94965  
10535.699999999999  0.94842  
10540.3  0.94682  
10544.8  0.94625  
10549.400000000001  0.94597  
10553.900000000001  0.94478  
10558.5  0.94254  
10563.0  0.93979  
10567.6  0.93748  
10572.1  0.93511  
10576.7  0.93175  
10581.199999999999  0.92791  
10585.8  0.92433  
10590.3  0.92041  
10594.9  0.91746  
10599.400000000001  0.91662  
10604.0  0.91473  
10608.5  0.90937  
10613.099999999999  0.90119  
10617.6  0.89171  
10622.2  0.88314  
10626.7  0.87891  
10631.300000000001  0.87764  
10635.8  0.87414  
10640.4  0.86647  
10644.9  0.85627  
10649.5  0.84555  
10654.0  0.83523  
10658.599999999999  0.82483  
10663.099999999999  0.81502  
10667.7  0.80578  
10672.3  0.79584  
10676.800000000001  0.78369  
10681.400000000001  0.76889  
10685.9  0.75372  
10690.5  0.73981  
10695.0  0.72676  
10699.6  0.71321  
10704.1  0.69857  
10708.699999999999  0.68177  
10713.199999999999  0.66423  
10717.8  0.64588  
10722.3  0.62467  
10726.900000000001  0.60306  
10731.400000000001  0.58388  
10736.0  0.56658  
10740.5  0.55043  
10745.1  0.53558  
10749.6  0.52003  
10754.2  0.50082  
10758.800000000001  0.47951  
10763.3  0.46049  
10767.9  0.44499  
10772.4  0.43023  
10777.0  0.41493  
10781.5  0.39984  
10786.099999999999  0.38001  

