@MEASUREMENT_RADIUS 22.0 cm
#lambda:
#tr:
#end
9000.599999999999  0.00176  
9005.1  0.00155  
9009.6  0.00151  
9014.1  0.00171  
9018.6  0.00201  
9023.099999999999  0.00225  
9027.6  0.00247  
9032.1  0.00254  
9036.6  0.00241  
9041.1  0.00224  
9045.599999999999  0.00224  
9050.1  0.0025  
9054.6  0.00278  
9059.1  0.00286  
9063.6  0.00291  
9068.099999999999  0.00308  
9072.6  0.0033  
9077.1  0.00349  
9081.6  0.00356  
9086.1  0.00357  
9090.599999999999  0.00362  
9095.2  0.0038  
9099.7  0.00414  
9104.199999999999  0.00459  
9108.7  0.0049  
9113.2  0.00495  
9117.7  0.00492  
9122.2  0.00505  
9126.699999999999  0.00531  
9131.2  0.00566  
9135.7  0.00621  
9140.2  0.00687  
9144.7  0.00734  
9149.199999999999  0.00755  
9153.7  0.00777  
9158.2  0.00828  
9162.7  0.00895  
9167.2  0.00963  
9171.699999999999  0.01055  
9176.2  0.0117  
9180.7  0.01286  
9185.3  0.01406  
9189.8  0.01555  
9194.3  0.01734  
9198.8  0.0193  
9203.300000000001  0.02153  
9207.8  0.02425  
9212.3  0.02757  
9216.8  0.03131  
9221.3  0.03545  
9225.800000000001  0.04016  
9230.3  0.04549  
9234.8  0.05156  
9239.400000000001  0.05841  
9243.9  0.06614  
9248.4  0.07493  
9252.9  0.08473  
9257.4  0.09547  
9261.900000000001  0.10727  
9266.4  0.12031  
9270.9  0.13449  
9275.4  0.14969  
9279.9  0.16591  
9284.5  0.18319  
9289.0  0.20161  
9293.5  0.22125  
9298.0  0.24183  
9302.5  0.26313  
9307.0  0.28552  
9311.5  0.30907  
9316.0  0.33322  
9320.599999999999  0.35757  
9325.1  0.38213  
9329.6  0.40705  
9334.1  0.43225  
9338.6  0.45758  
9343.099999999999  0.48337  
9347.6  0.5099  
9352.2  0.53692  
9356.699999999999  0.56413  
9361.2  0.59177  
9365.7  0.61943  
9370.2  0.64665  
9374.7  0.67354  
9379.199999999999  0.70051  
9383.8  0.72798  
9388.300000000001  0.75494  
9392.8  0.78015  
9397.3  0.80364  
9401.8  0.82588  
9406.3  0.84707  
9410.9  0.86728  
9415.4  0.88582  
9419.9  0.90177  
9424.400000000001  0.91478  
9428.9  0.92533  
9433.4  0.93486  
9438.0  0.94385  
9442.5  0.95143  
9447.0  0.95715  
9451.5  0.96107  
9456.0  0.96308  
9460.599999999999  0.96413  
9465.1  0.96527  
9469.6  0.9664  
9474.1  0.96685  
9478.6  0.96712  
9483.099999999999  0.96814  
9487.7  0.96929  
9492.2  0.96989  
9496.699999999999  0.97042  
9501.2  0.9713  
9505.800000000001  0.97213  
9510.3  0.97221  
9514.8  0.97123  
9519.3  0.96968  
9523.8  0.9689  
9528.4  0.96967  
9532.9  0.97107  
9537.4  0.97148  
9541.900000000001  0.97089  
9546.4  0.97031  
9551.0  0.96978  
9555.5  0.96902  
9560.0  0.96817  
9564.5  0.96694  
9569.1  0.96506  
9573.6  0.96351  
9578.099999999999  0.96302  
9582.6  0.96255  
9587.2  0.96153  
9591.699999999999  0.96038  
9596.2  0.95952  
9600.7  0.95889  
9605.2  0.95803  
9609.8  0.95712  
9614.3  0.95682  
9618.8  0.95728  
9623.300000000001  0.95821  
9627.9  0.95885  
9632.4  0.95843  
9636.900000000001  0.95779  
9641.5  0.95815  
9646.0  0.95923  
9650.5  0.96031  
9655.0  0.9611  
9659.6  0.96195  
9664.1  0.96308  
9668.6  0.96426  
9673.099999999999  0.9646  
9677.7  0.96387  
9682.2  0.96307  
9686.699999999999  0.96304  
9691.2  0.96332  
9695.800000000001  0.9632  
9700.3  0.96301  
9704.8  0.96372  
9709.400000000001  0.96538  
9713.9  0.96662  
9718.4  0.96647  
9722.9  0.96559  
9727.5  0.96478  
9732.0  0.96415  
9736.5  0.96396  
9741.1  0.96412  
9745.599999999999  0.96407  
9750.1  0.96342  
9754.7  0.96277  
9759.199999999999  0.96278  
9763.7  0.96292  
9768.2  0.96303  
9772.8  0.96387  
9777.3  0.96557  
9781.8  0.96676  
9786.4  0.96657  
9790.9  0.96581  
9795.4  0.96521  
9800.0  0.96464  
9804.5  0.96381  
9809.0  0.96278  
9813.6  0.96182  
9818.099999999999  0.96121  
9822.6  0.9611  
9827.1  0.96134  
9831.699999999999  0.96171  
9836.2  0.96158  
9840.7  0.96053  
9845.3  0.95901  
9849.8  0.95791  
9854.3  0.95781  
9858.9  0.95841  
9863.4  0.95879  
9867.9  0.95876  
9872.5  0.95846  
9877.0  0.95774  
9881.5  0.95675  
9886.1  0.95598  
9890.599999999999  0.95616  
9895.2  0.95787  
9899.7  0.96029  
9904.199999999999  0.96202  
9908.8  0.96251  
9913.300000000001  0.96266  
9917.8  0.96315  
9922.4  0.96358  
9926.900000000001  0.96373  
9931.4  0.96415  
9936.0  0.9653  
9940.5  0.96666  
9945.0  0.96746  
9949.6  0.9677  
9954.1  0.96766  
9958.6  0.96745  
9963.2  0.96721  
9967.7  0.96695  
9972.3  0.96688  
9976.8  0.96739  
9981.3  0.96798  
9985.9  0.96806  
9990.4  0.96805  
9994.9  0.96819  
9999.5  0.96785  
10004.0  0.96704  
10008.6  0.96636  
10013.099999999999  0.96561  
10017.6  0.96449  
10022.2  0.96333  
10026.699999999999  0.96279  
10031.3  0.96272  
10035.800000000001  0.96226  
10040.3  0.96108  
10044.9  0.9601  
10049.400000000001  0.96002  
10053.9  0.96023  
10058.5  0.96033  
10063.0  0.96048  
10067.6  0.96047  
10072.1  0.9602  
10076.6  0.96006  
10081.2  0.96015  
10085.7  0.96007  
10090.3  0.95939  
10094.8  0.95835  
10099.3  0.95751  
10103.9  0.95726  
10108.4  0.95814  
10113.0  0.95953  
10117.5  0.95993  
10122.0  0.95971  
10126.6  0.96039  
10131.1  0.96252  
10135.7  0.96495  
10140.2  0.9654  
10144.8  0.96401  
10149.3  0.96339  
10153.8  0.9647  
10158.4  0.96638  
10162.9  0.96678  
10167.5  0.96596  
10172.0  0.96518  
10176.5  0.96487  
10181.1  0.96482  
10185.599999999999  0.96509  
10190.2  0.96624  
10194.7  0.96801  
10199.3  0.96888  
10203.8  0.96775  
10208.300000000001  0.96566  
10212.9  0.96443  
10217.4  0.96494  
10222.0  0.96643  
10226.5  0.9673  
10231.1  0.96615  
10235.599999999999  0.96347  
10240.2  0.96192  
10244.7  0.96252  
10249.2  0.96366  
10253.800000000001  0.96451  
10258.3  0.96501  
10262.9  0.96418  
10267.4  0.96198  
10272.0  0.95996  
10276.5  0.95918  
10281.099999999999  0.9591  
10285.599999999999  0.95984  
10290.1  0.96117  
10294.7  0.9617  
10299.2  0.96108  
10303.800000000001  0.9604  
10308.3  0.96039  
10312.9  0.96094  
10317.4  0.9615  
10322.0  0.96191  
10326.5  0.96236  
10331.099999999999  0.96272  
10335.599999999999  0.96136  
10340.1  0.95876  
10344.7  0.958  
10349.2  0.96014  
10353.800000000001  0.96281  
10358.3  0.96395  
10362.9  0.9639  
10367.4  0.96428  
10372.0  0.96492  
10376.5  0.96431  
10381.099999999999  0.96323  
10385.599999999999  0.96349  
10390.2  0.96444  
10394.7  0.96442  
10399.300000000001  0.96322  
10403.800000000001  0.9618  
10408.4  0.96067  
10412.9  0.9604  
10417.4  0.9605  
10422.0  0.95987  
10426.5  0.95899  
10431.099999999999  0.95912  
10435.599999999999  0.9598  
10440.2  0.95942  
10444.7  0.95773  
10449.300000000001  0.95613  
10453.800000000001  0.95622  
10458.4  0.95791  
10462.9  0.95929  
10467.5  0.95941  
10472.0  0.95856  
10476.6  0.95699  
10481.099999999999  0.95557  
10485.699999999999  0.9549  
10490.2  0.95452  
10494.8  0.9534  
10499.300000000001  0.95165  
10503.900000000001  0.95069  
10508.4  0.95188  
10513.0  0.95423  
10517.5  0.95447  
10522.1  0.95125  
10526.6  0.94738  
10531.199999999999  0.94507  
10535.699999999999  0.94454  
10540.3  0.9457  
10544.8  0.94775  
10549.400000000001  0.94893  
10553.900000000001  0.94725  
10558.5  0.94242  
10563.0  0.93794  
10567.6  0.93567  
10572.1  0.93424  
10576.7  0.93295  
10581.199999999999  0.9319  
10585.8  0.93009  
10590.3  0.92596  
10594.9  0.92028  
10599.400000000001  0.91583  
10604.0  0.91191  
10608.5  0.90654  
10613.099999999999  0.90057  
10617.6  0.89512  
10622.2  0.88898  
10626.7  0.88304  
10631.300000000001  0.87847  
10635.8  0.87422  
10640.4  0.86856  
10644.9  0.86119  
10649.5  0.85189  
10654.0  0.83972  
10658.599999999999  0.8269  
10663.099999999999  0.8169  
10667.7  0.80935  
10672.3  0.8018  
10676.800000000001  0.79267  
10681.400000000001  0.7813  
10685.9  0.76763  
10690.5  0.75214  
10695.0  0.73618  
10699.6  0.71952  
10704.1  0.70005  
10708.699999999999  0.68027  
10713.199999999999  0.66539  
10717.8  0.65179  
10722.3  0.63325  
10726.900000000001  0.61359  
10731.400000000001  0.59697  
10736.0  0.5808  
10740.5  0.56258  
10745.1  0.54338  
10749.6  0.52603  
10754.2  0.51126  
10758.800000000001  0.49661  
10763.3  0.47853  
10767.9  0.45884  
10772.4  0.442  
10777.0  0.42957  
10781.5  0.41823  
10786.099999999999  0.40132  

