@MEASUREMENT_RADIUS 23.0 cm
#lambda:
#tr:
#end
9000.599999999999  0.00183  
9005.1  0.00173  
9009.6  0.00152  
9014.1  0.00149  
9018.6  0.00172  
9023.099999999999  0.00202  
9027.6  0.00222  
9032.1  0.00223  
9036.6  0.0022  
9041.1  0.00233  
9045.599999999999  0.00256  
9050.1  0.00266  
9054.6  0.00271  
9059.1  0.00284  
9063.6  0.003  
9068.099999999999  0.0031  
9072.6  0.00318  
9077.1  0.00334  
9081.6  0.00361  
9086.1  0.00391  
9090.599999999999  0.00417  
9095.2  0.0044  
9099.7  0.00468  
9104.199999999999  0.00502  
9108.7  0.00526  
9113.2  0.00525  
9117.7  0.00521  
9122.2  0.00549  
9126.699999999999  0.00594  
9131.2  0.00622  
9135.7  0.00645  
9140.2  0.00682  
9144.7  0.00726  
9149.199999999999  0.00768  
9153.7  0.00804  
9158.2  0.00846  
9162.7  0.00915  
9167.2  0.01007  
9171.699999999999  0.01107  
9176.2  0.01219  
9180.7  0.01357  
9185.3  0.01516  
9189.8  0.01695  
9194.3  0.01898  
9198.8  0.02115  
9203.300000000001  0.02353  
9207.8  0.02633  
9212.3  0.02957  
9216.8  0.03323  
9221.3  0.03749  
9225.800000000001  0.04261  
9230.3  0.04871  
9234.8  0.05555  
9239.400000000001  0.06311  
9243.9  0.07145  
9248.4  0.08071  
9252.9  0.0911  
9257.4  0.10279  
9261.900000000001  0.11564  
9266.4  0.12949  
9270.9  0.14421  
9275.4  0.16  
9279.9  0.17718  
9284.5  0.19578  
9289.0  0.21555  
9293.5  0.23623  
9298.0  0.2577  
9302.5  0.27991  
9307.0  0.30295  
9311.5  0.32688  
9316.0  0.35137  
9320.599999999999  0.37593  
9325.1  0.40077  
9329.6  0.4264  
9334.1  0.4524  
9338.6  0.47825  
9343.099999999999  0.50424  
9347.6  0.53064  
9352.2  0.55724  
9356.699999999999  0.5838  
9361.2  0.61045  
9365.7  0.63747  
9370.2  0.66506  
9374.7  0.6928  
9379.199999999999  0.7196  
9383.8  0.7451  
9388.300000000001  0.76976  
9392.8  0.79349  
9397.3  0.81579  
9401.8  0.83686  
9406.3  0.857  
9410.9  0.87577  
9415.4  0.89262  
9419.9  0.90731  
9424.400000000001  0.9195  
9428.9  0.9292  
9433.4  0.93786  
9438.0  0.94644  
9442.5  0.95402  
9447.0  0.95905  
9451.5  0.96139  
9456.0  0.96228  
9460.599999999999  0.96328  
9465.1  0.96485  
9469.6  0.96655  
9474.1  0.9674  
9478.6  0.96747  
9483.099999999999  0.96765  
9487.7  0.96823  
9492.2  0.96911  
9496.699999999999  0.96993  
9501.2  0.96999  
9505.800000000001  0.96962  
9510.3  0.9692  
9514.8  0.96889  
9519.3  0.96934  
9523.8  0.97048  
9528.4  0.97128  
9532.9  0.97114  
9537.4  0.97042  
9541.900000000001  0.96989  
9546.4  0.96984  
9551.0  0.96993  
9555.5  0.96948  
9560.0  0.96845  
9564.5  0.96737  
9569.1  0.96603  
9573.6  0.96434  
9578.099999999999  0.9631  
9582.6  0.9625  
9587.2  0.96215  
9591.699999999999  0.9616  
9596.2  0.961  
9600.7  0.96042  
9605.2  0.95935  
9609.8  0.95805  
9614.3  0.95746  
9618.8  0.95731  
9623.300000000001  0.95721  
9627.9  0.95719  
9632.4  0.95704  
9636.900000000001  0.95705  
9641.5  0.95789  
9646.0  0.95935  
9650.5  0.961  
9655.0  0.96233  
9659.6  0.96303  
9664.1  0.96351  
9668.6  0.96405  
9673.099999999999  0.96433  
9677.7  0.96445  
9682.2  0.96452  
9686.699999999999  0.96433  
9691.2  0.96409  
9695.800000000001  0.96412  
9700.3  0.9644  
9704.8  0.96481  
9709.400000000001  0.96539  
9713.9  0.96582  
9718.4  0.96589  
9722.9  0.96583  
9727.5  0.96537  
9732.0  0.96408  
9736.5  0.96268  
9741.1  0.96264  
9745.599999999999  0.9638  
9750.1  0.96462  
9754.7  0.96443  
9759.199999999999  0.96393  
9763.7  0.96386  
9768.2  0.96392  
9772.8  0.96363  
9777.3  0.96321  
9781.8  0.96318  
9786.4  0.96355  
9790.9  0.96395  
9795.4  0.96416  
9800.0  0.96437  
9804.5  0.96465  
9809.0  0.96449  
9813.6  0.96376  
9818.099999999999  0.96302  
9822.6  0.96248  
9827.1  0.96195  
9831.699999999999  0.96144  
9836.2  0.96076  
9840.7  0.95974  
9845.3  0.95901  
9849.8  0.95903  
9854.3  0.9593  
9858.9  0.95917  
9863.4  0.95859  
9867.9  0.95825  
9872.5  0.95862  
9877.0  0.95927  
9881.5  0.95942  
9886.1  0.95886  
9890.599999999999  0.95827  
9895.2  0.95818  
9899.7  0.95861  
9904.199999999999  0.9595  
9908.8  0.96078  
9913.300000000001  0.96216  
9917.8  0.96327  
9922.4  0.96379  
9926.900000000001  0.96383  
9931.4  0.96417  
9936.0  0.96523  
9940.5  0.96633  
9945.0  0.96647  
9949.6  0.96568  
9954.1  0.96531  
9958.6  0.96615  
9963.2  0.9674  
9967.7  0.9681  
9972.3  0.96842  
9976.8  0.96896  
9981.3  0.96945  
9985.9  0.96945  
9990.4  0.96899  
9994.9  0.96805  
9999.5  0.96683  
10004.0  0.96595  
10008.6  0.96572  
10013.099999999999  0.96531  
10017.6  0.9642  
10022.2  0.96305  
10026.699999999999  0.96259  
10031.3  0.96257  
10035.800000000001  0.96253  
10040.3  0.96214  
10044.9  0.96131  
10049.400000000001  0.96014  
10053.9  0.95895  
10058.5  0.95856  
10063.0  0.95896  
10067.6  0.95941  
10072.1  0.9594  
10076.6  0.9594  
10081.2  0.9598  
10085.7  0.95987  
10090.3  0.95916  
10094.8  0.95832  
10099.3  0.95796  
10103.9  0.95805  
10108.4  0.95844  
10113.0  0.95927  
10117.5  0.95979  
10122.0  0.95969  
10126.6  0.96009  
10131.1  0.96123  
10135.7  0.96235  
10140.2  0.96305  
10144.8  0.96334  
10149.3  0.96325  
10153.8  0.96334  
10158.4  0.96379  
10162.9  0.96397  
10167.5  0.9646  
10172.0  0.96654  
10176.5  0.96829  
10181.1  0.9682  
10185.599999999999  0.96688  
10190.2  0.96566  
10194.7  0.96549  
10199.3  0.96648  
10203.8  0.96753  
10208.300000000001  0.96746  
10212.9  0.96656  
10217.4  0.96582  
10222.0  0.96544  
10226.5  0.96533  
10231.1  0.9649  
10235.599999999999  0.96396  
10240.2  0.96347  
10244.7  0.96337  
10249.2  0.963  
10253.800000000001  0.96303  
10258.3  0.96381  
10262.9  0.96464  
10267.4  0.9651  
10272.0  0.96516  
10276.5  0.96461  
10281.099999999999  0.96344  
10285.599999999999  0.963  
10290.1  0.96374  
10294.7  0.96419  
10299.2  0.96312  
10303.800000000001  0.96188  
10308.3  0.96235  
10312.9  0.96348  
10317.4  0.9633  
10322.0  0.96167  
10326.5  0.96019  
10331.099999999999  0.96014  
10335.599999999999  0.96017  
10340.1  0.95941  
10344.7  0.9595  
10349.2  0.9614  
10353.800000000001  0.96348  
10358.3  0.96444  
10362.9  0.96467  
10367.4  0.96468  
10372.0  0.96438  
10376.5  0.96348  
10381.099999999999  0.96234  
10385.599999999999  0.96147  
10390.2  0.96045  
10394.7  0.95987  
10399.300000000001  0.96029  
10403.800000000001  0.96069  
10408.4  0.96037  
10412.9  0.96124  
10417.4  0.96375  
10422.0  0.96554  
10426.5  0.96526  
10431.099999999999  0.96341  
10435.599999999999  0.96118  
10440.2  0.9604  
10444.7  0.96117  
10449.300000000001  0.96192  
10453.800000000001  0.96155  
10458.4  0.96031  
10462.9  0.95971  
10467.5  0.95944  
10472.0  0.95792  
10476.6  0.95437  
10481.099999999999  0.95144  
10485.699999999999  0.95169  
10490.2  0.95386  
10494.8  0.95559  
10499.300000000001  0.95609  
10503.900000000001  0.95574  
10508.4  0.95547  
10513.0  0.95507  
10517.5  0.95279  
10522.1  0.94936  
10526.6  0.94793  
10531.199999999999  0.94714  
10535.699999999999  0.94487  
10540.3  0.9437  
10544.8  0.9449  
10549.400000000001  0.9457  
10553.900000000001  0.94521  
10558.5  0.94435  
10563.0  0.94251  
10567.6  0.9393  
10572.1  0.93651  
10576.7  0.93478  
10581.199999999999  0.93292  
10585.8  0.93036  
10590.3  0.92704  
10594.9  0.9224  
10599.400000000001  0.91627  
10604.0  0.90992  
10608.5  0.90555  
10613.099999999999  0.90195  
10617.6  0.89737  
10622.2  0.89273  
10626.7  0.88891  
10631.300000000001  0.88511  
10635.8  0.88003  
10640.4  0.87251  
10644.9  0.86326  
10649.5  0.85351  
10654.0  0.84464  
10658.599999999999  0.83555  
10663.099999999999  0.82558  
10667.7  0.81636  
10672.3  0.80756  
10676.800000000001  0.79751  
10681.400000000001  0.78628  
10685.9  0.77502  
10690.5  0.76354  
10695.0  0.75024  
10699.6  0.73418  
10704.1  0.7156  
10708.699999999999  0.69632  
10713.199999999999  0.67911  
10717.8  0.66317  
10722.3  0.64686  
10726.900000000001  0.62996  
10731.400000000001  0.61129  
10736.0  0.59156  
10740.5  0.57255  
10745.1  0.55382  
10749.6  0.53591  
10754.2  0.51906  
10758.800000000001  0.50149  
10763.3  0.48273  
10767.9  0.46552  
10772.4  0.45112  
10777.0  0.4374  
10781.5  0.42373  
10786.099999999999  0.40761  

