@MEASUREMENT_RADIUS 24.0 cm
#lambda:
#tr:
#end
9000.599999999999  0.00231  
9005.1  0.00221  
9009.6  0.00206  
9014.1  0.00195  
9018.6  0.00193  
9023.099999999999  0.00197  
9027.6  0.00203  
9032.1  0.00217  
9036.6  0.0024  
9041.1  0.00254  
9045.599999999999  0.00258  
9050.1  0.00268  
9054.6  0.00293  
9059.1  0.00317  
9063.6  0.00327  
9068.099999999999  0.00331  
9072.6  0.00341  
9077.1  0.00354  
9081.6  0.00364  
9086.1  0.00386  
9090.599999999999  0.00429  
9095.2  0.00477  
9099.7  0.005  
9104.199999999999  0.00492  
9108.7  0.005  
9113.2  0.00545  
9117.7  0.00591  
9122.2  0.00614  
9126.699999999999  0.00626  
9131.2  0.0065  
9135.7  0.00687  
9140.2  0.00732  
9144.7  0.00789  
9149.199999999999  0.00849  
9153.7  0.00906  
9158.2  0.00974  
9162.7  0.01065  
9167.2  0.01159  
9171.699999999999  0.01243  
9176.2  0.01345  
9180.7  0.01482  
9185.3  0.01639  
9189.8  0.01817  
9194.3  0.02028  
9198.8  0.02272  
9203.300000000001  0.02555  
9207.8  0.02896  
9212.3  0.03299  
9216.8  0.03748  
9221.3  0.04249  
9225.800000000001  0.04826  
9230.3  0.05485  
9234.8  0.06233  
9239.400000000001  0.07079  
9243.9  0.08023  
9248.4  0.09065  
9252.9  0.10199  
9257.4  0.11456  
9261.900000000001  0.12871  
9266.4  0.14414  
9270.9  0.16026  
9275.4  0.17714  
9279.9  0.19538  
9284.5  0.21533  
9289.0  0.23662  
9293.5  0.25869  
9298.0  0.28124  
9302.5  0.30423  
9307.0  0.32802  
9311.5  0.35274  
9316.0  0.37808  
9320.599999999999  0.4036  
9325.1  0.4291  
9329.6  0.45474  
9334.1  0.48057  
9338.6  0.50681  
9343.099999999999  0.53332  
9347.6  0.55927  
9352.2  0.58471  
9356.699999999999  0.61065  
9361.2  0.63754  
9365.7  0.66496  
9370.2  0.6921  
9374.7  0.71789  
9379.199999999999  0.74207  
9383.8  0.76567  
9388.300000000001  0.78912  
9392.8  0.81169  
9397.3  0.83307  
9401.8  0.85365  
9406.3  0.87318  
9410.9  0.89039  
9415.4  0.9046  
9419.9  0.91656  
9424.400000000001  0.92688  
9428.9  0.93537  
9433.4  0.94225  
9438.0  0.94841  
9442.5  0.9545  
9447.0  0.95998  
9451.5  0.96378  
9456.0  0.9657  
9460.599999999999  0.96645  
9465.1  0.96656  
9469.6  0.96674  
9474.1  0.9672  
9478.6  0.96701  
9483.099999999999  0.96639  
9487.7  0.96676  
9492.2  0.9685  
9496.699999999999  0.97014  
9501.2  0.97045  
9505.800000000001  0.97018  
9510.3  0.97024  
9514.8  0.97035  
9519.3  0.96961  
9523.8  0.96863  
9528.4  0.96859  
9532.9  0.96919  
9537.4  0.96953  
9541.900000000001  0.96986  
9546.4  0.97062  
9551.0  0.97094  
9555.5  0.96984  
9560.0  0.968  
9564.5  0.96665  
9569.1  0.96578  
9573.6  0.96473  
9578.099999999999  0.96374  
9582.6  0.96305  
9587.2  0.96243  
9591.699999999999  0.96171  
9596.2  0.96116  
9600.7  0.96054  
9605.2  0.95928  
9609.8  0.9576  
9614.3  0.95666  
9618.8  0.9569  
9623.300000000001  0.95778  
9627.9  0.95855  
9632.4  0.95882  
9636.900000000001  0.95877  
9641.5  0.95913  
9646.0  0.95987  
9650.5  0.96064  
9655.0  0.96132  
9659.6  0.96168  
9664.1  0.96182  
9668.6  0.9624  
9673.099999999999  0.96346  
9677.7  0.96414  
9682.2  0.96426  
9686.699999999999  0.96458  
9691.2  0.96541  
9695.800000000001  0.96587  
9700.3  0.9654  
9704.8  0.96462  
9709.400000000001  0.96464  
9713.9  0.96547  
9718.4  0.96607  
9722.9  0.96581  
9727.5  0.96492  
9732.0  0.96402  
9736.5  0.96381  
9741.1  0.96434  
9745.599999999999  0.9647  
9750.1  0.96407  
9754.7  0.96271  
9759.199999999999  0.96194  
9763.7  0.96224  
9768.2  0.96295  
9772.8  0.9633  
9777.3  0.96323  
9781.8  0.96321  
9786.4  0.96327  
9790.9  0.96307  
9795.4  0.963  
9800.0  0.96364  
9804.5  0.96451  
9809.0  0.96464  
9813.6  0.96388  
9818.099999999999  0.96287  
9822.6  0.96217  
9827.1  0.96181  
9831.699999999999  0.96144  
9836.2  0.96058  
9840.7  0.95918  
9845.3  0.95826  
9849.8  0.95842  
9854.3  0.95904  
9858.9  0.95938  
9863.4  0.95926  
9867.9  0.95873  
9872.5  0.9581  
9877.0  0.95798  
9881.5  0.95835  
9886.1  0.95857  
9890.599999999999  0.95856  
9895.2  0.95861  
9899.7  0.95926  
9904.199999999999  0.96041  
9908.8  0.96133  
9913.300000000001  0.96187  
9917.8  0.96261  
9922.4  0.96376  
9926.900000000001  0.96489  
9931.4  0.96597  
9936.0  0.96685  
9940.5  0.96725  
9945.0  0.96725  
9949.6  0.96702  
9954.1  0.9667  
9958.6  0.96648  
9963.2  0.9667  
9967.7  0.96755  
9972.3  0.96909  
9976.8  0.97018  
9981.3  0.96997  
9985.9  0.96891  
9990.4  0.96745  
9994.9  0.96613  
9999.5  0.96593  
10004.0  0.96614  
10008.6  0.96585  
10013.099999999999  0.96515  
10017.6  0.96428  
10022.2  0.96338  
10026.699999999999  0.96329  
10031.3  0.96389  
10035.800000000001  0.96361  
10040.3  0.96194  
10044.9  0.96015  
10049.400000000001  0.95895  
10053.9  0.95833  
10058.5  0.95865  
10063.0  0.95982  
10067.6  0.96044  
10072.1  0.96002  
10076.6  0.96007  
10081.2  0.96069  
10085.7  0.96044  
10090.3  0.95968  
10094.8  0.9596  
10099.3  0.95963  
10103.9  0.95909  
10108.4  0.95878  
10113.0  0.95934  
10117.5  0.95982  
10122.0  0.95975  
10126.6  0.9599  
10131.1  0.96062  
10135.7  0.96188  
10140.2  0.96325  
10144.8  0.96441  
10149.3  0.96492  
10153.8  0.96477  
10158.4  0.96428  
10162.9  0.9638  
10167.5  0.96422  
10172.0  0.96611  
10176.5  0.96757  
10181.1  0.96725  
10185.599999999999  0.96639  
10190.2  0.96593  
10194.7  0.96598  
10199.3  0.96636  
10203.8  0.96668  
10208.300000000001  0.96678  
10212.9  0.9664  
10217.4  0.96584  
10222.0  0.96535  
10226.5  0.96459  
10231.1  0.96341  
10235.599999999999  0.96266  
10240.2  0.96269  
10244.7  0.96303  
10249.2  0.96324  
10253.800000000001  0.9639  
10258.3  0.96542  
10262.9  0.96648  
10267.4  0.96649  
10272.0  0.96605  
10276.5  0.96557  
10281.099999999999  0.96437  
10285.599999999999  0.96278  
10290.1  0.96185  
10294.7  0.96209  
10299.2  0.96277  
10303.800000000001  0.96286  
10308.3  0.96275  
10312.9  0.96249  
10317.4  0.96144  
10322.0  0.96007  
10326.5  0.95912  
10331.099999999999  0.95906  
10335.599999999999  0.96031  
10340.1  0.96235  
10344.7  0.96429  
10349.2  0.96588  
10353.800000000001  0.96649  
10358.3  0.96631  
10362.9  0.96587  
10367.4  0.96561  
10372.0  0.96595  
10376.5  0.96609  
10381.099999999999  0.96491  
10385.599999999999  0.96358  
10390.2  0.96307  
10394.7  0.96286  
10399.300000000001  0.96278  
10403.800000000001  0.9628  
10408.4  0.9625  
10412.9  0.96187  
10417.4  0.96129  
10422.0  0.96159  
10426.5  0.96292  
10431.099999999999  0.96357  
10435.599999999999  0.96307  
10440.2  0.96309  
10444.7  0.96329  
10449.300000000001  0.96157  
10453.800000000001  0.95928  
10458.4  0.95873  
10462.9  0.95971  
10467.5  0.96073  
10472.0  0.96037  
10476.6  0.95828  
10481.099999999999  0.95628  
10485.699999999999  0.95535  
10490.2  0.95499  
10494.8  0.95437  
10499.300000000001  0.95302  
10503.900000000001  0.95133  
10508.4  0.95054  
10513.0  0.95102  
10517.5  0.95153  
10522.1  0.95105  
10526.6  0.95064  
10531.199999999999  0.95075  
10535.699999999999  0.94974  
10540.3  0.94725  
10544.8  0.94535  
10549.400000000001  0.94353  
10553.900000000001  0.94133  
10558.5  0.94056  
10563.0  0.94067  
10567.6  0.93985  
10572.1  0.93807  
10576.7  0.9369  
10581.199999999999  0.93702  
10585.8  0.93745  
10590.3  0.93504  
10594.9  0.92829  
10599.400000000001  0.92043  
10604.0  0.91426  
10608.5  0.90962  
10613.099999999999  0.90533  
10617.6  0.89965  
10622.2  0.89354  
10626.7  0.88978  
10631.300000000001  0.88889  
10635.8  0.88796  
10640.4  0.88232  
10644.9  0.87124  
10649.5  0.85923  
10654.0  0.84849  
10658.599999999999  0.83889  
10663.099999999999  0.8308  
10667.7  0.82343  
10672.3  0.81535  
10676.800000000001  0.8063  
10681.400000000001  0.79615  
10685.9  0.78355  
10690.5  0.7696  
10695.0  0.75534  
10699.6  0.73891  
10704.1  0.72121  
10708.699999999999  0.70565  
10713.199999999999  0.69186  
10717.8  0.67672  
10722.3  0.65988  
10726.900000000001  0.64437  
10731.400000000001  0.63021  
10736.0  0.61324  
10740.5  0.59284  
10745.1  0.57216  
10749.6  0.55268  
10754.2  0.53272  
10758.800000000001  0.51188  
10763.3  0.49275  
10767.9  0.47771  
10772.4  0.46457  
10777.0  0.45189  
10781.5  0.44013  
10786.099999999999  0.42509  

