@MEASUREMENT_RADIUS 25.0 cm
#lambda:
#tr:
#end
9000.599999999999  0.00179  
9005.1  0.0019  
9009.6  0.00213  
9014.1  0.00238  
9018.6  0.00249  
9023.099999999999  0.00242  
9027.6  0.0023  
9032.1  0.00235  
9036.6  0.00266  
9041.1  0.00295  
9045.599999999999  0.00295  
9050.1  0.00282  
9054.6  0.00288  
9059.1  0.00318  
9063.6  0.0035  
9068.099999999999  0.00373  
9072.6  0.00394  
9077.1  0.0042  
9081.6  0.00442  
9086.1  0.00454  
9090.599999999999  0.0046  
9095.2  0.00467  
9099.7  0.00479  
9104.199999999999  0.00499  
9108.7  0.00524  
9113.2  0.00552  
9117.7  0.00597  
9122.2  0.00662  
9126.699999999999  0.00727  
9131.2  0.00767  
9135.7  0.0079  
9140.2  0.00822  
9144.7  0.00876  
9149.199999999999  0.00946  
9153.7  0.01032  
9158.2  0.01129  
9162.7  0.01224  
9167.2  0.01323  
9171.699999999999  0.01431  
9176.2  0.01565  
9180.7  0.01752  
9185.3  0.0198  
9189.8  0.0221  
9194.3  0.02444  
9198.8  0.02727  
9203.300000000001  0.03075  
9207.8  0.03468  
9212.3  0.0391  
9216.8  0.04433  
9221.3  0.05045  
9225.800000000001  0.05737  
9230.3  0.06515  
9234.8  0.074  
9239.400000000001  0.08391  
9243.9  0.09483  
9248.4  0.1068  
9252.9  0.11989  
9257.4  0.13434  
9261.900000000001  0.15028  
9266.4  0.16743  
9270.9  0.18538  
9275.4  0.2041  
9279.9  0.22407  
9284.5  0.24568  
9289.0  0.26842  
9293.5  0.29182  
9298.0  0.31613  
9302.5  0.34128  
9307.0  0.3665  
9311.5  0.39154  
9316.0  0.41691  
9320.599999999999  0.44274  
9325.1  0.46874  
9329.6  0.49469  
9334.1  0.52035  
9338.6  0.54569  
9343.099999999999  0.57144  
9347.6  0.59792  
9352.2  0.62448  
9356.699999999999  0.65066  
9361.2  0.67654  
9365.7  0.70184  
9370.2  0.72641  
9374.7  0.75053  
9379.199999999999  0.77404  
9383.8  0.79671  
9388.300000000001  0.8184  
9392.8  0.8387  
9397.3  0.8571  
9401.8  0.87379  
9406.3  0.88936  
9410.9  0.90404  
9415.4  0.91732  
9419.9  0.92861  
9424.400000000001  0.93763  
9428.9  0.94466  
9433.4  0.95041  
9438.0  0.95507  
9442.5  0.95873  
9447.0  0.96154  
9451.5  0.96391  
9456.0  0.9658  
9460.599999999999  0.96686  
9465.1  0.96728  
9469.6  0.96791  
9474.1  0.96845  
9478.6  0.96843  
9483.099999999999  0.9684  
9487.7  0.96866  
9492.2  0.96905  
9496.699999999999  0.96959  
9501.2  0.97005  
9505.800000000001  0.97001  
9510.3  0.96966  
9514.8  0.96945  
9519.3  0.96944  
9523.8  0.96953  
9528.4  0.96985  
9532.9  0.97043  
9537.4  0.97036  
9541.900000000001  0.96965  
9546.4  0.96938  
9551.0  0.96962  
9555.5  0.96936  
9560.0  0.96843  
9564.5  0.96752  
9569.1  0.96668  
9573.6  0.96565  
9578.099999999999  0.96432  
9582.6  0.9626  
9587.2  0.96127  
9591.699999999999  0.96079  
9596.2  0.96072  
9600.7  0.96088  
9605.2  0.96075  
9609.8  0.95942  
9614.3  0.95752  
9618.8  0.95637  
9623.300000000001  0.95609  
9627.9  0.95651  
9632.4  0.95757  
9636.900000000001  0.95869  
9641.5  0.95944  
9646.0  0.95962  
9650.5  0.95974  
9655.0  0.96044  
9659.6  0.96118  
9664.1  0.9617  
9668.6  0.96241  
9673.099999999999  0.96322  
9677.7  0.96387  
9682.2  0.96401  
9686.699999999999  0.96357  
9691.2  0.96289  
9695.800000000001  0.96259  
9700.3  0.96323  
9704.8  0.96451  
9709.400000000001  0.96563  
9713.9  0.96588  
9718.4  0.96535  
9722.9  0.96476  
9727.5  0.96433  
9732.0  0.96392  
9736.5  0.96332  
9741.1  0.96245  
9745.599999999999  0.96187  
9750.1  0.96194  
9754.7  0.96221  
9759.199999999999  0.9623  
9763.7  0.9623  
9768.2  0.9627  
9772.8  0.96348  
9777.3  0.96418  
9781.8  0.96469  
9786.4  0.96511  
9790.9  0.96503  
9795.4  0.96446  
9800.0  0.96397  
9804.5  0.96375  
9809.0  0.9633  
9813.6  0.96246  
9818.099999999999  0.96169  
9822.6  0.9613  
9827.1  0.961  
9831.699999999999  0.96041  
9836.2  0.95983  
9840.7  0.9595  
9845.3  0.95907  
9849.8  0.95849  
9854.3  0.95838  
9858.9  0.95892  
9863.4  0.95957  
9867.9  0.96035  
9872.5  0.961  
9877.0  0.9609  
9881.5  0.9602  
9886.1  0.95925  
9890.599999999999  0.95878  
9895.2  0.95926  
9899.7  0.96019  
9904.199999999999  0.96135  
9908.8  0.96238  
9913.300000000001  0.96308  
9917.8  0.96357  
9922.4  0.96406  
9926.900000000001  0.96488  
9931.4  0.96607  
9936.0  0.96708  
9940.5  0.9676  
9945.0  0.9678  
9949.6  0.96763  
9954.1  0.96739  
9958.6  0.96764  
9963.2  0.96798  
9967.7  0.96772  
9972.3  0.96751  
9976.8  0.96849  
9981.3  0.96995  
9985.9  0.97045  
9990.4  0.96963  
9994.9  0.96806  
9999.5  0.96678  
10004.0  0.9664  
10008.6  0.96663  
10013.099999999999  0.96635  
10017.6  0.96515  
10022.2  0.9641  
10026.699999999999  0.96413  
10031.3  0.96424  
10035.800000000001  0.96304  
10040.3  0.96103  
10044.9  0.95975  
10049.400000000001  0.95963  
10053.9  0.95963  
10058.5  0.95922  
10063.0  0.95858  
10067.6  0.9579  
10072.1  0.95721  
10076.6  0.95687  
10081.2  0.95701  
10085.7  0.95741  
10090.3  0.95806  
10094.8  0.95892  
10099.3  0.95956  
10103.9  0.95986  
10108.4  0.9599  
10113.0  0.96036  
10117.5  0.96125  
10122.0  0.96171  
10126.6  0.96171  
10131.1  0.96204  
10135.7  0.96307  
10140.2  0.96383  
10144.8  0.96418  
10149.3  0.96508  
10153.8  0.96607  
10158.4  0.9663  
10162.9  0.96606  
10167.5  0.96581  
10172.0  0.96591  
10176.5  0.96625  
10181.1  0.96659  
10185.599999999999  0.96684  
10190.2  0.96672  
10194.7  0.96654  
10199.3  0.96725  
10203.8  0.96852  
10208.300000000001  0.96919  
10212.9  0.96874  
10217.4  0.96778  
10222.0  0.9671  
10226.5  0.96639  
10231.1  0.96502  
10235.599999999999  0.96343  
10240.2  0.96302  
10244.7  0.96359  
10249.2  0.96384  
10253.800000000001  0.96331  
10258.3  0.96252  
10262.9  0.96219  
10267.4  0.9629  
10272.0  0.96455  
10276.5  0.96584  
10281.099999999999  0.96505  
10285.599999999999  0.96279  
10290.1  0.96128  
10294.7  0.96179  
10299.2  0.96267  
10303.800000000001  0.96241  
10308.3  0.96199  
10312.9  0.96191  
10317.4  0.96214  
10322.0  0.96283  
10326.5  0.96358  
10331.099999999999  0.96396  
10335.599999999999  0.96354  
10340.1  0.96274  
10344.7  0.96311  
10349.2  0.96423  
10353.800000000001  0.96396  
10358.3  0.96242  
10362.9  0.96201  
10367.4  0.96364  
10372.0  0.96571  
10376.5  0.96639  
10381.099999999999  0.96543  
10385.599999999999  0.96388  
10390.2  0.96263  
10394.7  0.96218  
10399.300000000001  0.96204  
10403.800000000001  0.96185  
10408.4  0.96186  
10412.9  0.96195  
10417.4  0.96148  
10422.0  0.96049  
10426.5  0.96015  
10431.099999999999  0.96103  
10435.599999999999  0.96216  
10440.2  0.96311  
10444.7  0.96354  
10449.300000000001  0.96272  
10453.800000000001  0.96107  
10458.4  0.95981  
10462.9  0.95908  
10467.5  0.95846  
10472.0  0.95826  
10476.6  0.95743  
10481.099999999999  0.95564  
10485.699999999999  0.95492  
10490.2  0.95648  
10494.8  0.95762  
10499.300000000001  0.95636  
10503.900000000001  0.95437  
10508.4  0.95404  
10513.0  0.95507  
10517.5  0.95558  
10522.1  0.95595  
10526.6  0.95693  
10531.199999999999  0.95631  
10535.699999999999  0.95278  
10540.3  0.94854  
10544.8  0.94579  
10549.400000000001  0.94464  
10553.900000000001  0.94434  
10558.5  0.94384  
10563.0  0.9422  
10567.6  0.93948  
10572.1  0.93669  
10576.7  0.934  
10581.199999999999  0.93104  
10585.8  0.9286  
10590.3  0.92674  
10594.9  0.9247  
10599.400000000001  0.92215  
10604.0  0.91787  
10608.5  0.91252  
10613.099999999999  0.90756  
10617.6  0.90305  
10622.2  0.89778  
10626.7  0.89261  
10631.300000000001  0.88826  
10635.8  0.88309  
10640.4  0.87666  
10644.9  0.87007  
10649.5  0.86302  
10654.0  0.85358  
10658.599999999999  0.84136  
10663.099999999999  0.82988  
10667.7  0.82219  
10672.3  0.81548  
10676.800000000001  0.80522  
10681.400000000001  0.7911  
10685.9  0.77715  
10690.5  0.76564  
10695.0  0.75424  
10699.6  0.7406  
10704.1  0.72486  
10708.699999999999  0.70696  
10713.199999999999  0.68893  
10717.8  0.67337  
10722.3  0.65913  
10726.900000000001  0.64548  
10731.400000000001  0.63096  
10736.0  0.61271  
10740.5  0.59129  
10745.1  0.57051  
10749.6  0.5535  
10754.2  0.53881  
10758.800000000001  0.52302  
10763.3  0.50502  
10767.9  0.48575  
10772.4  0.46627  
10777.0  0.44926  
10781.5  0.43593  
10786.099999999999  0.41882  

