@MEASUREMENT_RADIUS 26.0 cm
#lambda:
#tr:
#end
9000.599999999999  0.00196  
9005.1  0.00202  
9009.6  0.0023  
9014.1  0.00262  
9018.6  0.00262  
9023.099999999999  0.00234  
9027.6  0.00224  
9032.1  0.0025  
9036.6  0.00298  
9041.1  0.00339  
9045.599999999999  0.0036  
9050.1  0.00366  
9054.6  0.00362  
9059.1  0.00351  
9063.6  0.00349  
9068.099999999999  0.00367  
9072.6  0.00397  
9077.1  0.00432  
9081.6  0.0047  
9086.1  0.00504  
9090.599999999999  0.00519  
9095.2  0.00526  
9099.7  0.00542  
9104.199999999999  0.00559  
9108.7  0.0057  
9113.2  0.00595  
9117.7  0.00652  
9122.2  0.00727  
9126.699999999999  0.00798  
9131.2  0.00854  
9135.7  0.00893  
9140.2  0.00937  
9144.7  0.01004  
9149.199999999999  0.01095  
9153.7  0.01208  
9158.2  0.01343  
9162.7  0.01477  
9167.2  0.01595  
9171.699999999999  0.01723  
9176.2  0.01887  
9180.7  0.02103  
9185.3  0.02373  
9189.8  0.02693  
9194.3  0.03066  
9198.8  0.03473  
9203.300000000001  0.03912  
9207.8  0.04429  
9212.3  0.05047  
9216.8  0.05751  
9221.3  0.06541  
9225.800000000001  0.0743  
9230.3  0.0841  
9234.8  0.09474  
9239.400000000001  0.10645  
9243.9  0.11946  
9248.4  0.1337  
9252.9  0.14916  
9257.4  0.166  
9261.900000000001  0.18429  
9266.4  0.20409  
9270.9  0.2252  
9275.4  0.24722  
9279.9  0.26998  
9284.5  0.29355  
9289.0  0.31782  
9293.5  0.34255  
9298.0  0.36786  
9302.5  0.39379  
9307.0  0.42011  
9311.5  0.44664  
9316.0  0.47325  
9320.599999999999  0.49942  
9325.1  0.52495  
9329.6  0.55022  
9334.1  0.57549  
9338.6  0.60079  
9343.099999999999  0.62629  
9347.6  0.65195  
9352.2  0.67723  
9356.699999999999  0.70175  
9361.2  0.72567  
9365.7  0.74906  
9370.2  0.77222  
9374.7  0.79515  
9379.199999999999  0.81689  
9383.8  0.83673  
9388.300000000001  0.85497  
9392.8  0.87196  
9397.3  0.88746  
9401.8  0.90162  
9406.3  0.91435  
9410.9  0.92506  
9415.4  0.93421  
9419.9  0.94243  
9424.400000000001  0.94905  
9428.9  0.95357  
9433.4  0.95712  
9438.0  0.96076  
9442.5  0.96396  
9447.0  0.96631  
9451.5  0.96817  
9456.0  0.96899  
9460.599999999999  0.96871  
9465.1  0.9681  
9469.6  0.96775  
9474.1  0.96767  
9478.6  0.96745  
9483.099999999999  0.96691  
9487.7  0.96654  
9492.2  0.96702  
9496.699999999999  0.96832  
9501.2  0.96969  
9505.800000000001  0.9707  
9510.3  0.9711  
9514.8  0.97064  
9519.3  0.96951  
9523.8  0.96806  
9528.4  0.96704  
9532.9  0.96738  
9537.4  0.96851  
9541.900000000001  0.96925  
9546.4  0.96953  
9551.0  0.96919  
9555.5  0.96793  
9560.0  0.96657  
9564.5  0.96608  
9569.1  0.96563  
9573.6  0.96477  
9578.099999999999  0.96406  
9582.6  0.96313  
9587.2  0.96181  
9591.699999999999  0.96076  
9596.2  0.96022  
9600.7  0.95956  
9605.2  0.95847  
9609.8  0.95771  
9614.3  0.95794  
9618.8  0.95894  
9623.300000000001  0.96006  
9627.9  0.96021  
9632.4  0.959  
9636.900000000001  0.95798  
9641.5  0.95863  
9646.0  0.9601  
9650.5  0.96116  
9655.0  0.96171  
9659.6  0.96205  
9664.1  0.96237  
9668.6  0.96268  
9673.099999999999  0.96323  
9677.7  0.96408  
9682.2  0.96466  
9686.699999999999  0.96505  
9691.2  0.96526  
9695.800000000001  0.96473  
9700.3  0.96398  
9704.8  0.96397  
9709.400000000001  0.96504  
9713.9  0.96633  
9718.4  0.96682  
9722.9  0.96643  
9727.5  0.96535  
9732.0  0.96414  
9736.5  0.96341  
9741.1  0.96312  
9745.599999999999  0.96288  
9750.1  0.96239  
9754.7  0.96166  
9759.199999999999  0.96134  
9763.7  0.96196  
9768.2  0.96334  
9772.8  0.96431  
9777.3  0.96362  
9781.8  0.96202  
9786.4  0.96104  
9790.9  0.96082  
9795.4  0.96127  
9800.0  0.96234  
9804.5  0.96335  
9809.0  0.96342  
9813.6  0.96253  
9818.099999999999  0.96131  
9822.6  0.96033  
9827.1  0.95996  
9831.699999999999  0.96047  
9836.2  0.96093  
9840.7  0.96058  
9845.3  0.96019  
9849.8  0.96024  
9854.3  0.96  
9858.9  0.95914  
9863.4  0.95873  
9867.9  0.95973  
9872.5  0.96114  
9877.0  0.96151  
9881.5  0.96093  
9886.1  0.96031  
9890.599999999999  0.96034  
9895.2  0.96116  
9899.7  0.9621  
9904.199999999999  0.96274  
9908.8  0.9631  
9913.300000000001  0.96341  
9917.8  0.96396  
9922.4  0.96484  
9926.900000000001  0.96544  
9931.4  0.96592  
9936.0  0.9669  
9940.5  0.96792  
9945.0  0.96791  
9949.6  0.96702  
9954.1  0.96648  
9958.6  0.96664  
9963.2  0.96709  
9967.7  0.96787  
9972.3  0.96896  
9976.8  0.96977  
9981.3  0.96953  
9985.9  0.96857  
9990.4  0.96761  
9994.9  0.96638  
9999.5  0.96534  
10004.0  0.96558  
10008.6  0.96663  
10013.099999999999  0.96652  
10017.6  0.96498  
10022.2  0.96378  
10026.699999999999  0.96389  
10031.3  0.96398  
10035.800000000001  0.96343  
10040.3  0.96276  
10044.9  0.96226  
10049.400000000001  0.96158  
10053.9  0.96054  
10058.5  0.95986  
10063.0  0.95982  
10067.6  0.95991  
10072.1  0.95987  
10076.6  0.96012  
10081.2  0.96066  
10085.7  0.96103  
10090.3  0.96078  
10094.8  0.96036  
10099.3  0.96066  
10103.9  0.96132  
10108.4  0.96188  
10113.0  0.96239  
10117.5  0.96281  
10122.0  0.96313  
10126.6  0.96352  
10131.1  0.96374  
10135.7  0.96412  
10140.2  0.96456  
10144.8  0.96454  
10149.3  0.9646  
10153.8  0.96554  
10158.4  0.96645  
10162.9  0.96644  
10167.5  0.96635  
10172.0  0.96732  
10176.5  0.9685  
10181.1  0.96842  
10185.599999999999  0.96733  
10190.2  0.96656  
10194.7  0.96698  
10199.3  0.96869  
10203.8  0.97028  
10208.300000000001  0.96989  
10212.9  0.96773  
10217.4  0.96581  
10222.0  0.96508  
10226.5  0.96519  
10231.1  0.96535  
10235.599999999999  0.96477  
10240.2  0.96383  
10244.7  0.96296  
10249.2  0.96202  
10253.800000000001  0.96169  
10258.3  0.96287  
10262.9  0.96467  
10267.4  0.96567  
10272.0  0.96597  
10276.5  0.9658  
10281.099999999999  0.96445  
10285.599999999999  0.96294  
10290.1  0.96233  
10294.7  0.96211  
10299.2  0.96158  
10303.800000000001  0.96162  
10308.3  0.9629  
10312.9  0.96376  
10317.4  0.96326  
10322.0  0.96253  
10326.5  0.96192  
10331.099999999999  0.96114  
10335.599999999999  0.9609  
10340.1  0.96186  
10344.7  0.96386  
10349.2  0.96547  
10353.800000000001  0.96535  
10358.3  0.96458  
10362.9  0.96491  
10367.4  0.96554  
10372.0  0.96419  
10376.5  0.96171  
10381.099999999999  0.96124  
10385.599999999999  0.963  
10390.2  0.96445  
10394.7  0.96463  
10399.300000000001  0.96439  
10403.800000000001  0.96416  
10408.4  0.96369  
10412.9  0.96352  
10417.4  0.96295  
10422.0  0.96241  
10426.5  0.96384  
10431.099999999999  0.96599  
10435.599999999999  0.96589  
10440.2  0.96357  
10444.7  0.96105  
10449.300000000001  0.96016  
10453.800000000001  0.96076  
10458.4  0.96089  
10462.9  0.95982  
10467.5  0.95827  
10472.0  0.95777  
10476.6  0.95808  
10481.099999999999  0.9586  
10485.699999999999  0.9599  
10490.2  0.9615  
10494.8  0.96029  
10499.300000000001  0.95538  
10503.900000000001  0.95129  
10508.4  0.95128  
10513.0  0.95321  
10517.5  0.95337  
10522.1  0.95065  
10526.6  0.94714  
10531.199999999999  0.94524  
10535.699999999999  0.94396  
10540.3  0.94233  
10544.8  0.94195  
10549.400000000001  0.94304  
10553.900000000001  0.9437  
10558.5  0.94294  
10563.0  0.94246  
10567.6  0.94354  
10572.1  0.94367  
10576.7  0.94082  
10581.199999999999  0.93645  
10585.8  0.9326  
10590.3  0.93001  
10594.9  0.92804  
10599.400000000001  0.92474  
10604.0  0.92029  
10608.5  0.91653  
10613.099999999999  0.91198  
10617.6  0.90418  
10622.2  0.8953  
10626.7  0.89021  
10631.300000000001  0.88814  
10635.8  0.88457  
10640.4  0.87754  
10644.9  0.86942  
10649.5  0.86263  
10654.0  0.85632  
10658.599999999999  0.84725  
10663.099999999999  0.8355  
10667.7  0.82553  
10672.3  0.81724  
10676.800000000001  0.80615  
10681.400000000001  0.79159  
10685.9  0.77747  
10690.5  0.76567  
10695.0  0.7555  
10699.6  0.74398  
10704.1  0.72889  
10708.699999999999  0.71111  
10713.199999999999  0.69231  
10717.8  0.67486  
10722.3  0.65902  
10726.900000000001  0.64319  
10731.400000000001  0.6269  
10736.0  0.60945  
10740.5  0.59091  
10745.1  0.57237  
10749.6  0.5557  
10754.2  0.54055  
10758.800000000001  0.52513  
10763.3  0.50797  
10767.9  0.4896  
10772.4  0.47142  
10777.0  0.45421  
10781.5  0.4387  
10786.099999999999  0.42101  

