@MEASUREMENT_RADIUS 27.0 cm
#lambda:
#tr:
#end
9000.599999999999  0.00243  
9005.1  0.00245  
9009.6  0.00237  
9014.1  0.0024  
9018.6  0.00263  
9023.099999999999  0.00289  
9027.6  0.00307  
9032.1  0.00313  
9036.6  0.00311  
9041.1  0.00315  
9045.599999999999  0.00339  
9050.1  0.00379  
9054.6  0.00417  
9059.1  0.00436  
9063.6  0.00442  
9068.099999999999  0.00463  
9072.6  0.00499  
9077.1  0.00525  
9081.6  0.00531  
9086.1  0.0054  
9090.599999999999  0.00568  
9095.2  0.00611  
9099.7  0.00653  
9104.199999999999  0.00694  
9108.7  0.0075  
9113.2  0.00815  
9117.7  0.00876  
9122.2  0.00926  
9126.699999999999  0.00969  
9131.2  0.01017  
9135.7  0.01084  
9140.2  0.01178  
9144.7  0.01291  
9149.199999999999  0.01426  
9153.7  0.01582  
9158.2  0.01753  
9162.7  0.01937  
9167.2  0.02155  
9171.699999999999  0.02425  
9176.2  0.02735  
9180.7  0.03064  
9185.3  0.03435  
9189.8  0.03885  
9194.3  0.04424  
9198.8  0.0504  
9203.300000000001  0.05726  
9207.8  0.06476  
9212.3  0.07308  
9216.8  0.08257  
9221.3  0.09334  
9225.800000000001  0.10533  
9230.3  0.11843  
9234.8  0.13242  
9239.400000000001  0.14736  
9243.9  0.1636  
9248.4  0.18134  
9252.9  0.20051  
9257.4  0.22101  
9261.900000000001  0.2429  
9266.4  0.26607  
9270.9  0.29001  
9275.4  0.31419  
9279.9  0.33866  
9284.5  0.36384  
9289.0  0.38985  
9293.5  0.41652  
9298.0  0.44346  
9302.5  0.47009  
9307.0  0.49636  
9311.5  0.52246  
9316.0  0.5484  
9320.599999999999  0.57391  
9325.1  0.59874  
9329.6  0.62311  
9334.1  0.64708  
9338.6  0.67092  
9343.099999999999  0.69513  
9347.6  0.71936  
9352.2  0.74294  
9356.699999999999  0.76565  
9361.2  0.78757  
9365.7  0.80862  
9370.2  0.82834  
9374.7  0.84659  
9379.199999999999  0.86356  
9383.8  0.8793  
9388.300000000001  0.89417  
9392.8  0.908  
9397.3  0.91966  
9401.8  0.92915  
9406.3  0.9375  
9410.9  0.94495  
9415.4  0.95113  
9419.9  0.95585  
9424.400000000001  0.95907  
9428.9  0.9614  
9433.4  0.9639  
9438.0  0.96687  
9442.5  0.96954  
9447.0  0.97094  
9451.5  0.97073  
9456.0  0.96945  
9460.599999999999  0.96849  
9465.1  0.9682  
9469.6  0.9684  
9474.1  0.96876  
9478.6  0.96875  
9483.099999999999  0.96858  
9487.7  0.9685  
9492.2  0.96833  
9496.699999999999  0.96795  
9501.2  0.96787  
9505.800000000001  0.96811  
9510.3  0.96841  
9514.8  0.96857  
9519.3  0.96809  
9523.8  0.96731  
9528.4  0.9669  
9532.9  0.96701  
9537.4  0.96731  
9541.900000000001  0.96764  
9546.4  0.968  
9551.0  0.96793  
9555.5  0.96686  
9560.0  0.96541  
9564.5  0.9648  
9569.1  0.96488  
9573.6  0.96451  
9578.099999999999  0.9637  
9582.6  0.96293  
9587.2  0.96236  
9591.699999999999  0.96144  
9596.2  0.96023  
9600.7  0.95952  
9605.2  0.95915  
9609.8  0.95844  
9614.3  0.95775  
9618.8  0.95753  
9623.300000000001  0.95782  
9627.9  0.95843  
9632.4  0.95895  
9636.900000000001  0.95927  
9641.5  0.95981  
9646.0  0.96075  
9650.5  0.96198  
9655.0  0.96308  
9659.6  0.96362  
9664.1  0.96373  
9668.6  0.96378  
9673.099999999999  0.96385  
9677.7  0.96411  
9682.2  0.96464  
9686.699999999999  0.96527  
9691.2  0.96577  
9695.800000000001  0.9662  
9700.3  0.96681  
9704.8  0.9672  
9709.400000000001  0.96691  
9713.9  0.96605  
9718.4  0.96509  
9722.9  0.96446  
9727.5  0.96415  
9732.0  0.96417  
9736.5  0.96463  
9741.1  0.96476  
9745.599999999999  0.96374  
9750.1  0.96213  
9754.7  0.96124  
9759.199999999999  0.9614  
9763.7  0.96181  
9768.2  0.96208  
9772.8  0.96209  
9777.3  0.96189  
9781.8  0.96182  
9786.4  0.96172  
9790.9  0.96112  
9795.4  0.9605  
9800.0  0.96084  
9804.5  0.96202  
9809.0  0.96295  
9813.6  0.96272  
9818.099999999999  0.96173  
9822.6  0.96099  
9827.1  0.96077  
9831.699999999999  0.96073  
9836.2  0.96061  
9840.7  0.96025  
9845.3  0.9598  
9849.8  0.95961  
9854.3  0.95994  
9858.9  0.96065  
9863.4  0.96158  
9867.9  0.96259  
9872.5  0.96308  
9877.0  0.96274  
9881.5  0.96205  
9886.1  0.96169  
9890.599999999999  0.96237  
9895.2  0.96363  
9899.7  0.96443  
9904.199999999999  0.96481  
9908.8  0.96522  
9913.300000000001  0.96556  
9917.8  0.96529  
9922.4  0.96497  
9926.900000000001  0.96535  
9931.4  0.96627  
9936.0  0.96735  
9940.5  0.96809  
9945.0  0.96808  
9949.6  0.96755  
9954.1  0.96717  
9958.6  0.96717  
9963.2  0.96742  
9967.7  0.96743  
9972.3  0.96731  
9976.8  0.96762  
9981.3  0.96813  
9985.9  0.96824  
9990.4  0.96768  
9994.9  0.96662  
9999.5  0.96588  
10004.0  0.96594  
10008.6  0.96641  
10013.099999999999  0.96611  
10017.6  0.96489  
10022.2  0.96383  
10026.699999999999  0.96357  
10031.3  0.96343  
10035.800000000001  0.96271  
10040.3  0.9615  
10044.9  0.96039  
10049.400000000001  0.95983  
10053.9  0.95993  
10058.5  0.96058  
10063.0  0.96121  
10067.6  0.96148  
10072.1  0.96159  
10076.6  0.96164  
10081.2  0.96124  
10085.7  0.96071  
10090.3  0.96068  
10094.8  0.96123  
10099.3  0.96208  
10103.9  0.96251  
10108.4  0.96217  
10113.0  0.96189  
10117.5  0.96202  
10122.0  0.96227  
10126.6  0.96236  
10131.1  0.96279  
10135.7  0.96448  
10140.2  0.96647  
10144.8  0.96752  
10149.3  0.96817  
10153.8  0.96876  
10158.4  0.96831  
10162.9  0.96684  
10167.5  0.96618  
10172.0  0.96695  
10176.5  0.96735  
10181.1  0.96685  
10185.599999999999  0.9667  
10190.2  0.96663  
10194.7  0.96602  
10199.3  0.96605  
10203.8  0.96678  
10208.300000000001  0.96723  
10212.9  0.96712  
10217.4  0.96668  
10222.0  0.96602  
10226.5  0.96573  
10231.1  0.96564  
10235.599999999999  0.96463  
10240.2  0.96352  
10244.7  0.96353  
10249.2  0.96399  
10253.800000000001  0.96384  
10258.3  0.9633  
10262.9  0.96269  
10267.4  0.96235  
10272.0  0.96289  
10276.5  0.96352  
10281.099999999999  0.96279  
10285.599999999999  0.96183  
10290.1  0.96228  
10294.7  0.96322  
10299.2  0.96308  
10303.800000000001  0.96214  
10308.3  0.96215  
10312.9  0.96351  
10317.4  0.96498  
10322.0  0.96589  
10326.5  0.96623  
10331.099999999999  0.96591  
10335.599999999999  0.96463  
10340.1  0.96355  
10344.7  0.96413  
10349.2  0.96526  
10353.800000000001  0.96529  
10358.3  0.96431  
10362.9  0.96351  
10367.4  0.96374  
10372.0  0.96499  
10376.5  0.96647  
10381.099999999999  0.96719  
10385.599999999999  0.96647  
10390.2  0.96526  
10394.7  0.96458  
10399.300000000001  0.96384  
10403.800000000001  0.9633  
10408.4  0.9637  
10412.9  0.96458  
10417.4  0.96471  
10422.0  0.96376  
10426.5  0.96329  
10431.099999999999  0.96351  
10435.599999999999  0.96286  
10440.2  0.96147  
10444.7  0.9605  
10449.300000000001  0.95963  
10453.800000000001  0.95856  
10458.4  0.95869  
10462.9  0.96103  
10467.5  0.96296  
10472.0  0.96214  
10476.6  0.95967  
10481.099999999999  0.95763  
10485.699999999999  0.95636  
10490.2  0.95532  
10494.8  0.95395  
10499.300000000001  0.95261  
10503.900000000001  0.95243  
10508.4  0.95357  
10513.0  0.95475  
10517.5  0.95488  
10522.1  0.95377  
10526.6  0.95205  
10531.199999999999  0.95072  
10535.699999999999  0.95002  
10540.3  0.9495  
10544.8  0.94856  
10549.400000000001  0.94677  
10553.900000000001  0.94468  
10558.5  0.94331  
10563.0  0.94237  
10567.6  0.94066  
10572.1  0.93804  
10576.7  0.93499  
10581.199999999999  0.93181  
10585.8  0.92903  
10590.3  0.92669  
10594.9  0.92359  
10599.400000000001  0.91949  
10604.0  0.91458  
10608.5  0.9085  
10613.099999999999  0.90266  
10617.6  0.89834  
10622.2  0.8947  
10626.7  0.89239  
10631.300000000001  0.88972  
10635.8  0.88367  
10640.4  0.87452  
10644.9  0.86479  
10649.5  0.85517  
10654.0  0.84532  
10658.599999999999  0.83581  
10663.099999999999  0.82745  
10667.7  0.81921  
10672.3  0.8091  
10676.800000000001  0.79877  
10681.400000000001  0.78954  
10685.9  0.77817  
10690.5  0.76142  
10695.0  0.74274  
10699.6  0.72709  
10704.1  0.713  
10708.699999999999  0.69832  
10713.199999999999  0.68304  
10717.8  0.66569  
10722.3  0.64683  
10726.900000000001  0.63029  
10731.400000000001  0.61588  
10736.0  0.60032  
10740.5  0.58149  
10745.1  0.55943  
10749.6  0.5387  
10754.2  0.52171  
10758.800000000001  0.50624  
10763.3  0.49029  
10767.9  0.47476  
10772.4  0.45949  
10777.0  0.44567  
10781.5  0.4327  
10786.099999999999  0.41392  

