@MEASUREMENT_RADIUS 28.0 cm
#lambda:
#tr:
#end
9000.599999999999  0.00302  
9005.1  0.00316  
9009.6  0.00322  
9014.1  0.00326  
9018.6  0.00337  
9023.099999999999  0.00363  
9027.6  0.00388  
9032.1  0.00396  
9036.6  0.00397  
9041.1  0.00409  
9045.599999999999  0.00433  
9050.1  0.00461  
9054.6  0.00489  
9059.1  0.0052  
9063.6  0.00558  
9068.099999999999  0.00597  
9072.6  0.00639  
9077.1  0.00692  
9081.6  0.00744  
9086.1  0.00784  
9090.599999999999  0.00813  
9095.2  0.00847  
9099.7  0.00905  
9104.199999999999  0.00996  
9108.7  0.01107  
9113.2  0.01232  
9117.7  0.01359  
9122.2  0.01474  
9126.699999999999  0.01592  
9131.2  0.0175  
9135.7  0.01962  
9140.2  0.02209  
9144.7  0.02482  
9149.199999999999  0.02775  
9153.7  0.03087  
9158.2  0.0343  
9162.7  0.03807  
9167.2  0.04233  
9171.699999999999  0.04727  
9176.2  0.05301  
9180.7  0.05954  
9185.3  0.06678  
9189.8  0.07474  
9194.3  0.08349  
9198.8  0.09294  
9203.300000000001  0.10317  
9207.8  0.11441  
9212.3  0.12688  
9216.8  0.14076  
9221.3  0.15605  
9225.800000000001  0.17262  
9230.3  0.19011  
9234.8  0.20827  
9239.400000000001  0.22745  
9243.9  0.24796  
9248.4  0.26968  
9252.9  0.29241  
9257.4  0.31602  
9261.900000000001  0.34045  
9266.4  0.36556  
9270.9  0.39068  
9275.4  0.4154  
9279.9  0.44021  
9284.5  0.46564  
9289.0  0.49147  
9293.5  0.517  
9298.0  0.54154  
9302.5  0.56492  
9307.0  0.58781  
9311.5  0.6108  
9316.0  0.63373  
9320.599999999999  0.65606  
9325.1  0.67773  
9329.6  0.69909  
9334.1  0.72008  
9338.6  0.74033  
9343.099999999999  0.75992  
9347.6  0.77897  
9352.2  0.79733  
9356.699999999999  0.81491  
9361.2  0.83164  
9365.7  0.84708  
9370.2  0.86098  
9374.7  0.87359  
9379.199999999999  0.88476  
9383.8  0.89414  
9388.300000000001  0.90208  
9392.8  0.90906  
9397.3  0.91533  
9401.8  0.92106  
9406.3  0.92616  
9410.9  0.93022  
9415.4  0.93254  
9419.9  0.93355  
9424.400000000001  0.93423  
9428.9  0.93497  
9433.4  0.93621  
9438.0  0.93762  
9442.5  0.93814  
9447.0  0.93757  
9451.5  0.93631  
9456.0  0.9351  
9460.599999999999  0.93493  
9465.1  0.93532  
9469.6  0.93528  
9474.1  0.93463  
9478.6  0.93412  
9483.099999999999  0.93413  
9487.7  0.93441  
9492.2  0.935  
9496.699999999999  0.93563  
9501.2  0.93541  
9505.800000000001  0.9344  
9510.3  0.9333  
9514.8  0.93291  
9519.3  0.93331  
9523.8  0.93356  
9528.4  0.93378  
9532.9  0.93462  
9537.4  0.93517  
9541.900000000001  0.93431  
9546.4  0.93289  
9551.0  0.93264  
9555.5  0.93331  
9560.0  0.93337  
9564.5  0.93249  
9569.1  0.93141  
9573.6  0.93031  
9578.099999999999  0.92908  
9582.6  0.9282  
9587.2  0.92777  
9591.699999999999  0.9276  
9596.2  0.92794  
9600.7  0.92819  
9605.2  0.9277  
9609.8  0.92705  
9614.3  0.92719  
9618.8  0.92779  
9623.300000000001  0.92799  
9627.9  0.92764  
9632.4  0.92726  
9636.900000000001  0.92734  
9641.5  0.92795  
9646.0  0.92861  
9650.5  0.92951  
9655.0  0.93079  
9659.6  0.93177  
9664.1  0.93203  
9668.6  0.93221  
9673.099999999999  0.93258  
9677.7  0.93296  
9682.2  0.93346  
9686.699999999999  0.93412  
9691.2  0.93421  
9695.800000000001  0.9335  
9700.3  0.93276  
9704.8  0.9324  
9709.400000000001  0.93241  
9713.9  0.93245  
9718.4  0.93217  
9722.9  0.93146  
9727.5  0.93047  
9732.0  0.92963  
9736.5  0.92948  
9741.1  0.92975  
9745.599999999999  0.92989  
9750.1  0.92953  
9754.7  0.92851  
9759.199999999999  0.92755  
9763.7  0.92743  
9768.2  0.92783  
9772.8  0.92799  
9777.3  0.92768  
9781.8  0.92763  
9786.4  0.92832  
9790.9  0.92912  
9795.4  0.92942  
9800.0  0.92935  
9804.5  0.92923  
9809.0  0.92902  
9813.6  0.92861  
9818.099999999999  0.92829  
9822.6  0.92832  
9827.1  0.92856  
9831.699999999999  0.92897  
9836.2  0.92911  
9840.7  0.92869  
9845.3  0.92824  
9849.8  0.92827  
9854.3  0.92873  
9858.9  0.9294  
9863.4  0.93022  
9867.9  0.93104  
9872.5  0.93165  
9877.0  0.93192  
9881.5  0.93176  
9886.1  0.93149  
9890.599999999999  0.9318  
9895.2  0.9324  
9899.7  0.93255  
9904.199999999999  0.93241  
9908.8  0.93236  
9913.300000000001  0.93263  
9917.8  0.93305  
9922.4  0.93361  
9926.900000000001  0.93444  
9931.4  0.93526  
9936.0  0.93577  
9940.5  0.9357  
9945.0  0.93488  
9949.6  0.93375  
9954.1  0.93297  
9958.6  0.93268  
9963.2  0.93265  
9967.7  0.93273  
9972.3  0.93295  
9976.8  0.93324  
9981.3  0.93337  
9985.9  0.93358  
9990.4  0.93372  
9994.9  0.93321  
9999.5  0.9325  
10004.0  0.93227  
10008.6  0.93228  
10013.099999999999  0.93175  
10017.6  0.9308  
10022.2  0.92986  
10026.699999999999  0.92919  
10031.3  0.92874  
10035.800000000001  0.92853  
10040.3  0.92818  
10044.9  0.92737  
10049.400000000001  0.92668  
10053.9  0.92673  
10058.5  0.92727  
10063.0  0.92753  
10067.6  0.92759  
10072.1  0.92795  
10076.6  0.92844  
10081.2  0.92865  
10085.7  0.92864  
10090.3  0.92897  
10094.8  0.92978  
10099.3  0.93045  
10103.9  0.93046  
10108.4  0.93042  
10113.0  0.93104  
10117.5  0.93135  
10122.0  0.93085  
10126.6  0.93078  
10131.1  0.93131  
10135.7  0.93195  
10140.2  0.93254  
10144.8  0.9328  
10149.3  0.93278  
10153.8  0.93324  
10158.4  0.93407  
10162.9  0.93411  
10167.5  0.93337  
10172.0  0.9335  
10176.5  0.93425  
10181.1  0.93408  
10185.599999999999  0.93321  
10190.2  0.93288  
10194.7  0.93328  
10199.3  0.93425  
10203.8  0.93514  
10208.300000000001  0.93498  
10212.9  0.934  
10217.4  0.9335  
10222.0  0.93366  
10226.5  0.93363  
10231.1  0.9331  
10235.599999999999  0.93305  
10240.2  0.93392  
10244.7  0.93389  
10249.2  0.93209  
10253.800000000001  0.93101  
10258.3  0.93185  
10262.9  0.93298  
10267.4  0.93337  
10272.0  0.93279  
10276.5  0.93177  
10281.099999999999  0.93067  
10285.599999999999  0.92991  
10290.1  0.93028  
10294.7  0.93186  
10299.2  0.93298  
10303.800000000001  0.93289  
10308.3  0.93311  
10312.9  0.9343  
10317.4  0.93517  
10322.0  0.93401  
10326.5  0.93087  
10331.099999999999  0.92819  
10335.599999999999  0.92785  
10340.1  0.92934  
10344.7  0.93115  
10349.2  0.93182  
10353.800000000001  0.93133  
10358.3  0.93118  
10362.9  0.93242  
10367.4  0.93457  
10372.0  0.93644  
10376.5  0.93698  
10381.099999999999  0.93584  
10385.599999999999  0.93418  
10390.2  0.93259  
10394.7  0.93082  
10399.300000000001  0.92973  
10403.800000000001  0.93131  
10408.4  0.93435  
10412.9  0.93592  
10417.4  0.93494  
10422.0  0.93257  
10426.5  0.93107  
10431.099999999999  0.93098  
10435.599999999999  0.93111  
10440.2  0.93077  
10444.7  0.9297  
10449.300000000001  0.92827  
10453.800000000001  0.92727  
10458.4  0.92682  
10462.9  0.92673  
10467.5  0.92702  
10472.0  0.9275  
10476.6  0.92715  
10481.099999999999  0.92625  
10485.699999999999  0.9266  
10490.2  0.92766  
10494.8  0.927  
10499.300000000001  0.92424  
10503.900000000001  0.92106  
10508.4  0.91942  
10513.0  0.91961  
10517.5  0.91961  
10522.1  0.91848  
10526.6  0.91774  
10531.199999999999  0.91825  
10535.699999999999  0.91912  
10540.3  0.91865  
10544.8  0.91681  
10549.400000000001  0.91434  
10553.900000000001  0.91044  
10558.5  0.90547  
10563.0  0.90214  
10567.6  0.90172  
10572.1  0.90168  
10576.7  0.89959  
10581.199999999999  0.896  
10585.8  0.89311  
10590.3  0.89028  
10594.9  0.88557  
10599.400000000001  0.87967  
10604.0  0.8746  
10608.5  0.87054  
10613.099999999999  0.86604  
10617.6  0.86087  
10622.2  0.85406  
10626.7  0.84692  
10631.300000000001  0.84097  
10635.8  0.8344  
10640.4  0.82621  
10644.9  0.81702  
10649.5  0.807  
10654.0  0.79693  
10658.599999999999  0.78645  
10663.099999999999  0.77508  
10667.7  0.76454  
10672.3  0.75544  
10676.800000000001  0.74576  
10681.400000000001  0.73325  
10685.9  0.71831  
10690.5  0.7034  
10695.0  0.68917  
10699.6  0.67351  
10704.1  0.65427  
10708.699999999999  0.63388  
10713.199999999999  0.61771  
10717.8  0.60441  
10722.3  0.58952  
10726.900000000001  0.5724  
10731.400000000001  0.5534  
10736.0  0.53521  
10740.5  0.52039  
10745.1  0.50472  
10749.6  0.48632  
10754.2  0.46849  
10758.800000000001  0.45268  
10763.3  0.43634  
10767.9  0.41914  
10772.4  0.40302  
10777.0  0.38972  
10781.5  0.37756  
10786.099999999999  0.36034  

