@MEASUREMENT_RADIUS 0.0 cm
#lambda:
#tr:
#end
8002.1  0.00396  
8006.5  0.0037  
8010.900000000001  0.00386  
8015.4  0.0041  
8019.8  0.0042  
8024.299999999999  0.00418  
8028.7  0.00405  
8033.099999999999  0.00415  
8037.6  0.00422  
8042.0  0.00405  
8046.5  0.00403  
8050.900000000001  0.00413  
8055.4  0.00403  
8059.8  0.00405  
8064.2  0.0042  
8068.7  0.00419  
8073.099999999999  0.0041  
8077.6  0.00404  
8082.0  0.00394  
8086.5  0.004  
8090.900000000001  0.00419  
8095.4  0.00422  
8099.8  0.0042  
8104.299999999999  0.00421  
8108.7  0.00414  
8113.099999999999  0.00415  
8117.6  0.00418  
8122.0  0.00411  
8126.5  0.00401  
8130.900000000001  0.00394  
8135.4  0.00411  
8139.8  0.00428  
8144.299999999999  0.00425  
8148.7  0.00431  
8153.200000000001  0.00445  
8157.6  0.0045  
8162.1  0.0044  
8166.5  0.00428  
8171.0  0.00445  
8175.4  0.00456  
8179.9  0.00435  
8184.299999999999  0.00418  
8188.8  0.00439  
8193.2  0.00462  
8197.7  0.00464  
8202.2  0.00458  
8206.6  0.00468  
8211.1  0.00473  
8215.5  0.00461  
8220.0  0.00458  
8224.400000000001  0.00477  
8228.9  0.00476  
8233.300000000001  0.00458  
8237.8  0.00463  
8242.2  0.0049  
8246.699999999999  0.00514  
8251.1  0.00516  
8255.599999999999  0.00521  
8260.1  0.00534  
8264.5  0.00537  
8269.0  0.00544  
8273.4  0.00567  
8277.9  0.00572  
8282.3  0.00569  
8286.8  0.00615  
8291.3  0.0067  
8295.7  0.00689  
8300.2  0.00692  
8304.6  0.00702  
8309.1  0.00717  
8313.6  0.00729  
8318.0  0.00731  
8322.5  0.00775  
8326.900000000001  0.00835  
8331.4  0.00854  
8335.9  0.00869  
8340.3  0.00918  
8344.8  0.00968  
8349.199999999999  0.01006  
8353.7  0.01071  
8358.2  0.01169  
8362.6  0.01253  
8367.1  0.01321  
8371.6  0.01412  
8376.0  0.01523  
8380.5  0.01654  
8385.0  0.01795  
8389.400000000001  0.01971  
8393.9  0.02175  
8398.300000000001  0.02392  
8402.8  0.02633  
8407.3  0.0294  
8411.699999999999  0.03309  
8416.2  0.03685  
8420.7  0.04112  
8425.1  0.04616  
8429.6  0.05187  
8434.1  0.05834  
8438.5  0.06544  
8443.0  0.07335  
8447.5  0.08233  
8451.900000000001  0.09245  
8456.4  0.10356  
8460.9  0.11604  
8465.4  0.13005  
8469.8  0.14543  
8474.3  0.16202  
8478.8  0.17989  
8483.2  0.19969  
8487.7  0.2213  
8492.2  0.24446  
8496.6  0.26923  
8501.1  0.29592  
8505.599999999999  0.32449  
8510.1  0.35477  
8514.5  0.38704  
8519.0  0.42089  
8523.5  0.45594  
8527.9  0.49258  
8532.4  0.52986  
8536.900000000001  0.56714  
8541.4  0.60471  
8545.800000000001  0.64242  
8550.3  0.67938  
8554.8  0.71527  
8559.3  0.75026  
8563.7  0.78434  
8568.2  0.81592  
8572.7  0.84407  
8577.2  0.87011  
8581.6  0.89431  
8586.1  0.91416  
8590.599999999999  0.93111  
8595.1  0.94665  
8599.5  0.95977  
8604.0  0.96873  
8608.5  0.97444  
8613.0  0.97967  
8617.5  0.98414  
8621.900000000001  0.98707  
8626.4  0.98788  
8630.9  0.98887  
8635.4  0.99065  
8639.8  0.99167  
8644.3  0.99138  
8648.8  0.99128  
8653.300000000001  0.99155  
8657.8  0.99197  
8662.2  0.99295  
8666.699999999999  0.99365  
8671.2  0.99339  
8675.7  0.9928  
8680.2  0.99286  
8684.6  0.99294  
8689.1  0.99345  
8693.6  0.99436  
8698.099999999999  0.99436  
8702.6  0.99352  
8707.1  0.99375  
8711.5  0.99518  
8716.0  0.99558  
8720.5  0.99429  
8725.0  0.99343  
8729.5  0.99369  
8734.0  0.99411  
8738.4  0.99352  
8742.9  0.99362  
8747.4  0.99423  
8751.900000000001  0.99381  
8756.4  0.993  
8760.9  0.99249  
8765.4  0.993  
8769.8  0.99323  
8774.3  0.993  
8778.8  0.99232  
8783.300000000001  0.99178  
8787.8  0.99274  
8792.3  0.99318  
8796.8  0.99252  
8801.3  0.9919  
8805.7  0.99211  
8810.2  0.9921  
8814.7  0.99187  
8819.199999999999  0.99159  
8823.7  0.99192  
8828.2  0.99198  
8832.7  0.99215  
8837.2  0.99246  
8841.699999999999  0.992  
8846.1  0.99152  
8850.599999999999  0.99176  
8855.1  0.99194  
8859.6  0.99115  
8864.1  0.99154  
8868.6  0.99217  
8873.099999999999  0.99236  
8877.6  0.9927  
8882.1  0.99225  
8886.6  0.9917  
8891.1  0.9917  
8895.5  0.99197  
8900.0  0.99209  
8904.5  0.9918  
8909.0  0.99143  
8913.5  0.99153  
8918.0  0.99137  
8922.5  0.99055  
8927.0  0.99037  
8931.5  0.99096  
8936.0  0.99165  
8940.5  0.99129  
8945.0  0.99076  
8949.5  0.99041  
8954.0  0.99018  
8958.5  0.99053  
8963.0  0.99079  
8967.5  0.99021  
8972.0  0.99029  
8976.5  0.9906  
8981.0  0.99058  
8985.4  0.99029  
8989.9  0.99027  
8994.400000000001  0.99051  
8998.9  0.99174  
9003.4  0.99302  
9007.9  0.99296  
9012.4  0.99207  
9016.900000000001  0.99173  
9021.4  0.99274  
9025.9  0.99329  
9030.4  0.99328  
9034.9  0.99248  
9039.400000000001  0.99222  
9043.9  0.99286  
9048.4  0.99379  
9052.9  0.99376  
9057.4  0.99327  
9061.900000000001  0.99339  
9066.4  0.99397  
9070.9  0.99322  
9075.4  0.99233  
9079.9  0.99236  
9084.400000000001  0.99225  
9088.9  0.99234  
9093.4  0.99226  
9098.0  0.99197  
9102.5  0.99215  
9107.0  0.99163  
9111.5  0.99079  
9116.0  0.99088  
9120.5  0.9911  
9125.0  0.99053  
9129.5  0.98984  
9134.0  0.98949  
9138.5  0.99024  
9143.0  0.99019  
9147.5  0.98928  
9152.0  0.98795  
9156.5  0.98655  
9161.0  0.98621  
9165.5  0.98604  
9170.0  0.9855  
9174.5  0.98434  
9179.0  0.9824  
9183.5  0.98082  
9188.099999999999  0.97946  
9192.6  0.97804  
9197.1  0.97577  
9201.6  0.9725  
9206.1  0.96913  
9210.599999999999  0.96528  
9215.1  0.96157  
9219.6  0.95721  
9224.1  0.95156  
9228.6  0.94543  
9233.099999999999  0.94018  
9237.6  0.93293  
9242.2  0.92239  
9246.699999999999  0.91137  
9251.2  0.90083  
9255.7  0.88876  
9260.2  0.87516  
9264.7  0.86063  
9269.199999999999  0.84362  
9273.7  0.82429  
9278.2  0.80423  
9282.7  0.78237  
9287.3  0.75831  
9291.8  0.73233  
9296.3  0.70494  
9300.800000000001  0.67616  
9305.3  0.64537  
9309.8  0.61272  
9314.3  0.57833  
9318.8  0.54438  
9323.4  0.51023  
9327.9  0.47519  
9332.4  0.43988  
9336.900000000001  0.40482  
9341.4  0.37049  
9345.9  0.33779  
9350.4  0.30676  
9355.0  0.27793  
9359.5  0.25086  
9364.0  0.22482  
9368.5  0.20131  
9373.0  0.18039  
9377.5  0.16197  
9382.0  0.14517  
9386.6  0.12944  
9391.1  0.11533  
9395.599999999999  0.10313  
9400.1  0.09356  
9404.6  0.08445  
9409.1  0.0751  
9413.7  0.06729  
9418.2  0.0602  
9422.7  0.05366  
9427.2  0.04903  
9431.699999999999  0.04392  
9436.2  0.03828  
9440.800000000001  0.03432  
9445.3  0.0314  
9449.8  0.02941  
9454.3  0.02648  
9458.8  0.02277  
9463.4  0.01995  
9467.9  0.01734  
9472.4  0.016  
9476.900000000001  0.01541  
9481.4  0.01416  
9485.9  0.01232  
9490.5  0.01093  
9495.0  0.00951  
9499.5  0.00764  
9504.0  0.0074  
9508.6  0.00748  
9513.099999999999  0.00721  
9517.6  0.00656  
9522.1  0.00591  
9526.6  0.00527  
9531.2  0.00497  
9535.7  0.00527  
9540.2  0.00515  
9544.7  0.00402  
9549.199999999999  0.00285  
9553.8  0.00295  
9558.300000000001  0.00281  
9562.8  0.00252  
9567.3  0.00255  
9571.900000000001  0.00214  
9576.4  0.00141  
9580.9  0.00114  
9585.4  0.00239  
9590.0  0.00238  
9594.5  0.00169  
9599.0  0.00139  

