@MEASUREMENT_RADIUS 1.0 cm
#lambda:
#tr:
#end
8002.1  0.00415  
8006.5  0.00401  
8010.900000000001  0.00384  
8015.4  0.00389  
8019.8  0.00402  
8024.299999999999  0.00421  
8028.7  0.00425  
8033.099999999999  0.00411  
8037.6  0.00405  
8042.0  0.00409  
8046.5  0.00421  
8050.900000000001  0.00423  
8055.4  0.00403  
8059.8  0.00395  
8064.2  0.00406  
8068.7  0.00413  
8073.099999999999  0.00419  
8077.6  0.00421  
8082.0  0.00418  
8086.5  0.00424  
8090.900000000001  0.00429  
8095.4  0.00412  
8099.8  0.004  
8104.299999999999  0.0041  
8108.7  0.00428  
8113.099999999999  0.00426  
8117.6  0.00421  
8122.0  0.00432  
8126.5  0.00433  
8130.900000000001  0.00418  
8135.4  0.00408  
8139.8  0.00428  
8144.299999999999  0.00448  
8148.7  0.00445  
8153.200000000001  0.00437  
8157.6  0.0044  
8162.1  0.0045  
8166.5  0.00459  
8171.0  0.00459  
8175.4  0.00441  
8179.9  0.00432  
8184.299999999999  0.00444  
8188.8  0.00452  
8193.2  0.00442  
8197.7  0.00435  
8202.2  0.00435  
8206.6  0.0044  
8211.1  0.00447  
8215.5  0.00478  
8220.0  0.00506  
8224.400000000001  0.00493  
8228.9  0.00469  
8233.300000000001  0.00479  
8237.8  0.00498  
8242.2  0.00522  
8246.699999999999  0.00535  
8251.1  0.00535  
8255.599999999999  0.00548  
8260.1  0.00568  
8264.5  0.00563  
8269.0  0.00573  
8273.4  0.006  
8277.9  0.00598  
8282.3  0.00606  
8286.8  0.00631  
8291.3  0.00642  
8295.7  0.00666  
8300.2  0.00703  
8304.6  0.00718  
8309.1  0.00706  
8313.6  0.00707  
8318.0  0.0074  
8322.5  0.00783  
8326.900000000001  0.00834  
8331.4  0.00864  
8335.9  0.00886  
8340.3  0.00934  
8344.8  0.00985  
8349.199999999999  0.01029  
8353.7  0.01089  
8358.2  0.01156  
8362.6  0.01232  
8367.1  0.01337  
8371.6  0.01442  
8376.0  0.01553  
8380.5  0.01688  
8385.0  0.01827  
8389.400000000001  0.0199  
8393.9  0.02184  
8398.300000000001  0.02404  
8402.8  0.02656  
8407.3  0.02954  
8411.699999999999  0.033  
8416.2  0.03681  
8420.7  0.04116  
8425.1  0.04599  
8429.6  0.05164  
8434.1  0.05812  
8438.5  0.06536  
8443.0  0.07355  
8447.5  0.08286  
8451.900000000001  0.09329  
8456.4  0.10456  
8460.9  0.11694  
8465.4  0.13072  
8469.8  0.14568  
8474.3  0.16206  
8478.8  0.18024  
8483.2  0.20009  
8487.7  0.22155  
8492.2  0.24501  
8496.6  0.27035  
8501.1  0.29706  
8505.599999999999  0.32545  
8510.1  0.35564  
8514.5  0.38793  
8519.0  0.42222  
8523.5  0.4574  
8527.9  0.49371  
8532.4  0.53056  
8536.900000000001  0.56779  
8541.4  0.6057  
8545.800000000001  0.64309  
8550.3  0.67999  
8554.8  0.71659  
8559.3  0.75174  
8563.7  0.78547  
8568.2  0.81662  
8572.7  0.84504  
8577.2  0.8713  
8581.6  0.8947  
8586.1  0.91503  
8590.599999999999  0.9327  
8595.1  0.94703  
8599.5  0.95888  
8604.0  0.96795  
8608.5  0.97414  
8613.0  0.97972  
8617.5  0.98427  
8621.900000000001  0.98777  
8626.4  0.98936  
8630.9  0.98954  
8635.4  0.99002  
8639.8  0.99088  
8644.3  0.99101  
8648.8  0.99158  
8653.300000000001  0.99236  
8657.8  0.99287  
8662.2  0.99243  
8666.699999999999  0.99225  
8671.2  0.99309  
8675.7  0.99321  
8680.2  0.99341  
8684.6  0.99352  
8689.1  0.99393  
8693.6  0.99413  
8698.099999999999  0.9936  
8702.6  0.99318  
8707.1  0.99383  
8711.5  0.99484  
8716.0  0.9949  
8720.5  0.99386  
8725.0  0.99366  
8729.5  0.99433  
8734.0  0.99419  
8738.4  0.99364  
8742.9  0.99402  
8747.4  0.99438  
8751.900000000001  0.99396  
8756.4  0.99342  
8760.9  0.99352  
8765.4  0.99369  
8769.8  0.99318  
8774.3  0.99243  
8778.8  0.9921  
8783.300000000001  0.99292  
8787.8  0.99417  
8792.3  0.99383  
8796.8  0.99267  
8801.3  0.99184  
8805.7  0.992  
8810.2  0.99245  
8814.7  0.99275  
8819.199999999999  0.99191  
8823.7  0.99129  
8828.2  0.9919  
8832.7  0.99236  
8837.2  0.9918  
8841.699999999999  0.99108  
8846.1  0.99111  
8850.599999999999  0.9913  
8855.1  0.99143  
8859.6  0.99162  
8864.1  0.99184  
8868.6  0.99146  
8873.099999999999  0.9917  
8877.6  0.99277  
8882.1  0.99247  
8886.6  0.99156  
8891.1  0.99156  
8895.5  0.99159  
8900.0  0.99101  
8904.5  0.99089  
8909.0  0.99162  
8913.5  0.99178  
8918.0  0.99114  
8922.5  0.99133  
8927.0  0.99156  
8931.5  0.99127  
8936.0  0.99131  
8940.5  0.99092  
8945.0  0.99081  
8949.5  0.99109  
8954.0  0.99083  
8958.5  0.99062  
8963.0  0.9908  
8967.5  0.9905  
8972.0  0.99043  
8976.5  0.99129  
8981.0  0.99196  
8985.4  0.99161  
8989.9  0.99041  
8994.400000000001  0.98996  
8998.9  0.99115  
9003.4  0.99167  
9007.9  0.99149  
9012.4  0.99134  
9016.900000000001  0.99181  
9021.4  0.99319  
9025.9  0.99324  
9030.4  0.99258  
9034.9  0.99231  
9039.400000000001  0.9928  
9043.9  0.99298  
9048.4  0.99341  
9052.9  0.99369  
9057.4  0.99333  
9061.900000000001  0.99331  
9066.4  0.99336  
9070.9  0.99269  
9075.4  0.99283  
9079.9  0.99372  
9084.400000000001  0.99385  
9088.9  0.99265  
9093.4  0.99107  
9098.0  0.99084  
9102.5  0.99164  
9107.0  0.99138  
9111.5  0.99101  
9116.0  0.9914  
9120.5  0.99119  
9125.0  0.99075  
9129.5  0.99053  
9134.0  0.98986  
9138.5  0.98944  
9143.0  0.98889  
9147.5  0.98823  
9152.0  0.98778  
9156.5  0.98721  
9161.0  0.9868  
9165.5  0.98708  
9170.0  0.98632  
9174.5  0.98357  
9179.0  0.98134  
9183.5  0.98039  
9188.099999999999  0.97959  
9192.6  0.97754  
9197.1  0.97461  
9201.6  0.97142  
9206.1  0.96768  
9210.599999999999  0.96482  
9215.1  0.96198  
9219.6  0.95629  
9224.1  0.94985  
9228.6  0.94465  
9233.099999999999  0.93891  
9237.6  0.9305  
9242.2  0.92046  
9246.699999999999  0.91028  
9251.2  0.90018  
9255.7  0.888  
9260.2  0.87392  
9264.7  0.85912  
9269.199999999999  0.84189  
9273.7  0.82231  
9278.2  0.80301  
9282.7  0.78217  
9287.3  0.75721  
9291.8  0.72999  
9296.3  0.70215  
9300.800000000001  0.67357  
9305.3  0.6432  
9309.8  0.61076  
9314.3  0.57651  
9318.8  0.54184  
9323.4  0.50774  
9327.9  0.47381  
9332.4  0.4381  
9336.900000000001  0.40184  
9341.4  0.36793  
9345.9  0.33642  
9350.4  0.30567  
9355.0  0.27565  
9359.5  0.24763  
9364.0  0.22245  
9368.5  0.19999  
9373.0  0.17898  
9377.5  0.15949  
9382.0  0.14303  
9386.6  0.12865  
9391.1  0.11562  
9395.599999999999  0.10403  
9400.1  0.09373  
9404.6  0.08365  
9409.1  0.07376  
9413.7  0.0665  
9418.2  0.06052  
9422.7  0.05372  
9427.2  0.04726  
9431.699999999999  0.04231  
9436.2  0.03925  
9440.800000000001  0.03635  
9445.3  0.03175  
9449.8  0.0278  
9454.3  0.02474  
9458.8  0.02198  
9463.4  0.02058  
9467.9  0.01889  
9472.4  0.01691  
9476.900000000001  0.01483  
9481.4  0.01276  
9485.9  0.01183  
9490.5  0.01091  
9495.0  0.00965  
9499.5  0.00853  
9504.0  0.008  
9508.6  0.00766  
9513.099999999999  0.00686  
9517.6  0.00527  
9522.1  0.00421  
9526.6  0.00412  
9531.2  0.00486  
9535.7  0.00457  
9540.2  0.00341  
9544.7  0.00376  
9549.199999999999  0.0042  
9553.8  0.00389  
9558.300000000001  0.00386  
9562.8  0.0035  
9567.3  0.00231  
9571.900000000001  0.00147  
9576.4  0.00223  
9580.9  0.0032  
9585.4  0.00273  
9590.0  0.00169  
9594.5  0.00157  
9599.0  0.00172  

