@MEASUREMENT_RADIUS 2.0 cm
#lambda:
#tr:
#end
8002.1  0.004  
8006.5  0.004  
8010.900000000001  0.00393  
8015.4  0.00407  
8019.8  0.00417  
8024.299999999999  0.00418  
8028.7  0.00412  
8033.099999999999  0.00408  
8037.6  0.00406  
8042.0  0.00405  
8046.5  0.00408  
8050.900000000001  0.00407  
8055.4  0.00395  
8059.8  0.00398  
8064.2  0.00423  
8068.7  0.00428  
8073.099999999999  0.00407  
8077.6  0.00386  
8082.0  0.00394  
8086.5  0.00416  
8090.900000000001  0.00416  
8095.4  0.00407  
8099.8  0.00405  
8104.299999999999  0.00415  
8108.7  0.00417  
8113.099999999999  0.00417  
8117.6  0.00403  
8122.0  0.00397  
8126.5  0.00411  
8130.900000000001  0.00416  
8135.4  0.0043  
8139.8  0.00446  
8144.299999999999  0.00433  
8148.7  0.0042  
8153.200000000001  0.00416  
8157.6  0.00417  
8162.1  0.00437  
8166.5  0.00449  
8171.0  0.0043  
8175.4  0.00424  
8179.9  0.00432  
8184.299999999999  0.00434  
8188.8  0.00441  
8193.2  0.00441  
8197.7  0.00447  
8202.2  0.00455  
8206.6  0.00448  
8211.1  0.00446  
8215.5  0.00456  
8220.0  0.00471  
8224.400000000001  0.0048  
8228.9  0.00501  
8233.300000000001  0.00505  
8237.8  0.00492  
8242.2  0.00501  
8246.699999999999  0.00522  
8251.1  0.00545  
8255.599999999999  0.00559  
8260.1  0.00567  
8264.5  0.00573  
8269.0  0.00565  
8273.4  0.00553  
8277.9  0.00583  
8282.3  0.00632  
8286.8  0.0065  
8291.3  0.00649  
8295.7  0.00655  
8300.2  0.00677  
8304.6  0.00709  
8309.1  0.00736  
8313.6  0.0077  
8318.0  0.00811  
8322.5  0.00829  
8326.900000000001  0.00834  
8331.4  0.00858  
8335.9  0.00886  
8340.3  0.00935  
8344.8  0.01014  
8349.199999999999  0.01067  
8353.7  0.01095  
8358.2  0.01133  
8362.6  0.01201  
8367.1  0.0133  
8371.6  0.01472  
8376.0  0.01554  
8380.5  0.01652  
8385.0  0.01822  
8389.400000000001  0.02025  
8393.9  0.0224  
8398.300000000001  0.02457  
8402.8  0.02686  
8407.3  0.02966  
8411.699999999999  0.03316  
8416.2  0.0371  
8420.7  0.04166  
8425.1  0.04698  
8429.6  0.05288  
8434.1  0.05942  
8438.5  0.06656  
8443.0  0.07466  
8447.5  0.08379  
8451.900000000001  0.09391  
8456.4  0.10529  
8460.9  0.11824  
8465.4  0.13229  
8469.8  0.14763  
8474.3  0.16463  
8478.8  0.18312  
8483.2  0.20318  
8487.7  0.22484  
8492.2  0.24796  
8496.6  0.27321  
8501.1  0.30041  
8505.599999999999  0.32911  
8510.1  0.35985  
8514.5  0.39228  
8519.0  0.42641  
8523.5  0.46206  
8527.9  0.49861  
8532.4  0.53546  
8536.900000000001  0.57292  
8541.4  0.611  
8545.800000000001  0.64829  
8550.3  0.68487  
8554.8  0.72088  
8559.3  0.75534  
8563.7  0.7889  
8568.2  0.82054  
8572.7  0.84948  
8577.2  0.87526  
8581.6  0.89735  
8586.1  0.91673  
8590.599999999999  0.93391  
8595.1  0.94829  
8599.5  0.96039  
8604.0  0.96948  
8608.5  0.97577  
8613.0  0.98089  
8617.5  0.98496  
8621.900000000001  0.98805  
8626.4  0.98906  
8630.9  0.98891  
8635.4  0.98954  
8639.8  0.99094  
8644.3  0.99112  
8648.8  0.99078  
8653.300000000001  0.99095  
8657.8  0.99158  
8662.2  0.99216  
8666.699999999999  0.99255  
8671.2  0.99289  
8675.7  0.99353  
8680.2  0.99437  
8684.6  0.99343  
8689.1  0.99212  
8693.6  0.99251  
8698.099999999999  0.9938  
8702.6  0.99421  
8707.1  0.99404  
8711.5  0.99438  
8716.0  0.99477  
8720.5  0.99404  
8725.0  0.99308  
8729.5  0.99337  
8734.0  0.99419  
8738.4  0.99393  
8742.9  0.99353  
8747.4  0.99435  
8751.900000000001  0.99403  
8756.4  0.99234  
8760.9  0.99187  
8765.4  0.99353  
8769.8  0.99456  
8774.3  0.99341  
8778.8  0.99197  
8783.300000000001  0.99166  
8787.8  0.99277  
8792.3  0.99292  
8796.8  0.99214  
8801.3  0.99204  
8805.7  0.99256  
8810.2  0.99233  
8814.7  0.9921  
8819.199999999999  0.99211  
8823.7  0.99223  
8828.2  0.99204  
8832.7  0.99238  
8837.2  0.99281  
8841.699999999999  0.99172  
8846.1  0.99049  
8850.599999999999  0.99059  
8855.1  0.99106  
8859.6  0.99108  
8864.1  0.99131  
8868.6  0.99086  
8873.099999999999  0.99097  
8877.6  0.99216  
8882.1  0.99259  
8886.6  0.99267  
8891.1  0.99222  
8895.5  0.99158  
8900.0  0.99136  
8904.5  0.99129  
8909.0  0.99121  
8913.5  0.99101  
8918.0  0.99109  
8922.5  0.99128  
8927.0  0.99167  
8931.5  0.99193  
8936.0  0.99154  
8940.5  0.99125  
8945.0  0.99165  
8949.5  0.9913  
8954.0  0.99017  
8958.5  0.98979  
8963.0  0.98986  
8967.5  0.99004  
8972.0  0.99095  
8976.5  0.99151  
8981.0  0.99107  
8985.4  0.99013  
8989.9  0.98975  
8994.400000000001  0.99027  
8998.9  0.99129  
9003.4  0.99185  
9007.9  0.99219  
9012.4  0.99204  
9016.900000000001  0.99143  
9021.4  0.99216  
9025.9  0.99247  
9030.4  0.99205  
9034.9  0.99215  
9039.400000000001  0.99279  
9043.9  0.99295  
9048.4  0.99359  
9052.9  0.99349  
9057.4  0.99285  
9061.900000000001  0.99286  
9066.4  0.99346  
9070.9  0.99269  
9075.4  0.99172  
9079.9  0.99213  
9084.400000000001  0.99267  
9088.9  0.9927  
9093.4  0.99155  
9098.0  0.99054  
9102.5  0.99167  
9107.0  0.99194  
9111.5  0.99135  
9116.0  0.99161  
9120.5  0.99167  
9125.0  0.99096  
9129.5  0.99075  
9134.0  0.99027  
9138.5  0.98946  
9143.0  0.9888  
9147.5  0.98824  
9152.0  0.98759  
9156.5  0.98717  
9161.0  0.98699  
9165.5  0.9869  
9170.0  0.98627  
9174.5  0.98396  
9179.0  0.981  
9183.5  0.98016  
9188.099999999999  0.97987  
9192.6  0.9775  
9197.1  0.97449  
9201.6  0.97176  
9206.1  0.96833  
9210.599999999999  0.96493  
9215.1  0.96181  
9219.6  0.95686  
9224.1  0.95032  
9228.6  0.94426  
9233.099999999999  0.93805  
9237.6  0.92907  
9242.2  0.91928  
9246.699999999999  0.90974  
9251.2  0.89962  
9255.7  0.88688  
9260.2  0.87185  
9264.7  0.85651  
9269.199999999999  0.83917  
9273.7  0.81983  
9278.2  0.80003  
9282.7  0.77821  
9287.3  0.75355  
9291.8  0.72733  
9296.3  0.69951  
9300.800000000001  0.66909  
9305.3  0.6368  
9309.8  0.60401  
9314.3  0.57124  
9318.8  0.53785  
9323.4  0.50293  
9327.9  0.46733  
9332.4  0.43202  
9336.900000000001  0.39689  
9341.4  0.36342  
9345.9  0.33196  
9350.4  0.30117  
9355.0  0.27149  
9359.5  0.24375  
9364.0  0.21866  
9368.5  0.19592  
9373.0  0.1759  
9377.5  0.15853  
9382.0  0.14191  
9386.6  0.12614  
9391.1  0.11206  
9395.599999999999  0.10044  
9400.1  0.09121  
9404.6  0.0822  
9409.1  0.07299  
9413.7  0.06466  
9418.2  0.05787  
9422.7  0.05288  
9427.2  0.04766  
9431.699999999999  0.04228  
9436.2  0.03812  
9440.800000000001  0.03463  
9445.3  0.03117  
9449.8  0.02833  
9454.3  0.02563  
9458.8  0.02208  
9463.4  0.01952  
9467.9  0.01718  
9472.4  0.01558  
9476.900000000001  0.0142  
9481.4  0.01336  
9485.9  0.01217  
9490.5  0.01  
9495.0  0.00941  
9499.5  0.0085  
9504.0  0.00726  
9508.6  0.00648  
9513.099999999999  0.00603  
9517.6  0.0059  
9522.1  0.00589  
9526.6  0.00489  
9531.2  0.00369  
9535.7  0.00341  
9540.2  0.00392  
9544.7  0.00386  
9549.199999999999  0.00324  
9553.8  0.00334  
9558.300000000001  0.00388  
9562.8  0.00347  
9567.3  0.00277  
9571.900000000001  0.0023  
9576.4  0.00181  
9580.9  0.0014  
9585.4  0.00175  
9590.0  0.00261  
9594.5  0.00244  
9599.0  0.00134  

