@MEASUREMENT_RADIUS 3.0 cm
#lambda:
#tr:
#end
8002.1  0.00416  
8006.5  0.00411  
8010.900000000001  0.004  
8015.4  0.00404  
8019.8  0.0042  
8024.299999999999  0.00425  
8028.7  0.00405  
8033.099999999999  0.00408  
8037.6  0.0043  
8042.0  0.00418  
8046.5  0.00399  
8050.900000000001  0.00406  
8055.4  0.00421  
8059.8  0.0043  
8064.2  0.00421  
8068.7  0.00412  
8073.099999999999  0.00412  
8077.6  0.00418  
8082.0  0.00415  
8086.5  0.00403  
8090.900000000001  0.00398  
8095.4  0.00399  
8099.8  0.00392  
8104.299999999999  0.00398  
8108.7  0.00427  
8113.099999999999  0.00445  
8117.6  0.00411  
8122.0  0.00394  
8126.5  0.00423  
8130.900000000001  0.00441  
8135.4  0.00429  
8139.8  0.00414  
8144.299999999999  0.00421  
8148.7  0.00432  
8153.200000000001  0.00431  
8157.6  0.00434  
8162.1  0.00451  
8166.5  0.00461  
8171.0  0.00451  
8175.4  0.00449  
8179.9  0.00458  
8184.299999999999  0.00452  
8188.8  0.00451  
8193.2  0.00471  
8197.7  0.00473  
8202.2  0.00463  
8206.6  0.00468  
8211.1  0.00475  
8215.5  0.00489  
8220.0  0.00493  
8224.400000000001  0.00493  
8228.9  0.00497  
8233.300000000001  0.00513  
8237.8  0.00528  
8242.2  0.00529  
8246.699999999999  0.00529  
8251.1  0.00538  
8255.599999999999  0.00551  
8260.1  0.00544  
8264.5  0.00553  
8269.0  0.00585  
8273.4  0.00596  
8277.9  0.00603  
8282.3  0.00622  
8286.8  0.00625  
8291.3  0.00628  
8295.7  0.00662  
8300.2  0.00699  
8304.6  0.00726  
8309.1  0.00745  
8313.6  0.00759  
8318.0  0.00788  
8322.5  0.00831  
8326.900000000001  0.00865  
8331.4  0.00888  
8335.9  0.00913  
8340.3  0.00953  
8344.8  0.01022  
8349.199999999999  0.01082  
8353.7  0.01122  
8358.2  0.01186  
8362.6  0.01263  
8367.1  0.0133  
8371.6  0.01432  
8376.0  0.01591  
8380.5  0.01748  
8385.0  0.01859  
8389.400000000001  0.01992  
8393.9  0.02221  
8398.300000000001  0.02488  
8402.8  0.02741  
8407.3  0.03028  
8411.699999999999  0.03371  
8416.2  0.03797  
8420.7  0.04275  
8425.1  0.04793  
8429.6  0.05369  
8434.1  0.05997  
8438.5  0.06723  
8443.0  0.07593  
8447.5  0.08553  
8451.900000000001  0.09597  
8456.4  0.10752  
8460.9  0.12033  
8465.4  0.13447  
8469.8  0.15025  
8474.3  0.16736  
8478.8  0.18572  
8483.2  0.2059  
8487.7  0.22819  
8492.2  0.25214  
8496.6  0.27783  
8501.1  0.30495  
8505.599999999999  0.3335  
8510.1  0.36431  
8514.5  0.39766  
8519.0  0.4324  
8523.5  0.46786  
8527.9  0.50473  
8532.4  0.54174  
8536.900000000001  0.57927  
8541.4  0.61764  
8545.800000000001  0.6545  
8550.3  0.69044  
8554.8  0.72662  
8559.3  0.76167  
8563.7  0.79492  
8568.2  0.82579  
8572.7  0.85421  
8577.2  0.87935  
8581.6  0.90093  
8586.1  0.91969  
8590.599999999999  0.93655  
8595.1  0.95074  
8599.5  0.96292  
8604.0  0.97157  
8608.5  0.97655  
8613.0  0.98128  
8617.5  0.98553  
8621.900000000001  0.98833  
8626.4  0.98904  
8630.9  0.98936  
8635.4  0.99096  
8639.8  0.99221  
8644.3  0.99152  
8648.8  0.9911  
8653.300000000001  0.9912  
8657.8  0.99202  
8662.2  0.99307  
8666.699999999999  0.99291  
8671.2  0.99239  
8675.7  0.9922  
8680.2  0.99254  
8684.6  0.99274  
8689.1  0.99326  
8693.6  0.99376  
8698.099999999999  0.99405  
8702.6  0.9941  
8707.1  0.99407  
8711.5  0.99482  
8716.0  0.99491  
8720.5  0.99371  
8725.0  0.99358  
8729.5  0.99433  
8734.0  0.9946  
8738.4  0.99407  
8742.9  0.99304  
8747.4  0.99324  
8751.900000000001  0.99356  
8756.4  0.99324  
8760.9  0.99272  
8765.4  0.99255  
8769.8  0.9925  
8774.3  0.99258  
8778.8  0.99254  
8783.300000000001  0.99221  
8787.8  0.99315  
8792.3  0.99387  
8796.8  0.99318  
8801.3  0.99219  
8805.7  0.99195  
8810.2  0.99146  
8814.7  0.99161  
8819.199999999999  0.99139  
8823.7  0.99194  
8828.2  0.99283  
8832.7  0.99247  
8837.2  0.99155  
8841.699999999999  0.99055  
8846.1  0.99054  
8850.599999999999  0.99116  
8855.1  0.99182  
8859.6  0.99165  
8864.1  0.99191  
8868.6  0.99195  
8873.099999999999  0.99163  
8877.6  0.99193  
8882.1  0.99153  
8886.6  0.99122  
8891.1  0.99151  
8895.5  0.99183  
8900.0  0.99217  
8904.5  0.99209  
8909.0  0.99199  
8913.5  0.99182  
8918.0  0.9911  
8922.5  0.99022  
8927.0  0.991  
8931.5  0.99195  
8936.0  0.99193  
8940.5  0.9916  
8945.0  0.99155  
8949.5  0.99114  
8954.0  0.99026  
8958.5  0.98984  
8963.0  0.99052  
8967.5  0.99077  
8972.0  0.99098  
8976.5  0.991  
8981.0  0.99078  
8985.4  0.99108  
8989.9  0.99142  
8994.400000000001  0.99155  
8998.9  0.99115  
9003.4  0.99068  
9007.9  0.99102  
9012.4  0.99152  
9016.900000000001  0.99199  
9021.4  0.99252  
9025.9  0.99278  
9030.4  0.99253  
9034.9  0.99219  
9039.400000000001  0.99286  
9043.9  0.99263  
9048.4  0.99325  
9052.9  0.99408  
9057.4  0.9935  
9061.900000000001  0.99321  
9066.4  0.99384  
9070.9  0.99355  
9075.4  0.99245  
9079.9  0.99202  
9084.400000000001  0.99243  
9088.9  0.99261  
9093.4  0.99172  
9098.0  0.99094  
9102.5  0.99137  
9107.0  0.99189  
9111.5  0.99177  
9116.0  0.99118  
9120.5  0.99112  
9125.0  0.99065  
9129.5  0.99008  
9134.0  0.98947  
9138.5  0.98903  
9143.0  0.98937  
9147.5  0.98935  
9152.0  0.98792  
9156.5  0.98611  
9161.0  0.98553  
9165.5  0.98593  
9170.0  0.985  
9174.5  0.98338  
9179.0  0.98177  
9183.5  0.98036  
9188.099999999999  0.9791  
9192.6  0.97668  
9197.1  0.97397  
9201.6  0.97076  
9206.1  0.96696  
9210.599999999999  0.96386  
9215.1  0.96008  
9219.6  0.9549  
9224.1  0.94924  
9228.6  0.94338  
9233.099999999999  0.93749  
9237.6  0.92919  
9242.2  0.91894  
9246.699999999999  0.90774  
9251.2  0.89612  
9255.7  0.88333  
9260.2  0.86952  
9264.7  0.8552  
9269.199999999999  0.83788  
9273.7  0.81767  
9278.2  0.79762  
9282.7  0.77601  
9287.3  0.75064  
9291.8  0.72351  
9296.3  0.69598  
9300.800000000001  0.66595  
9305.3  0.63382  
9309.8  0.60158  
9314.3  0.56777  
9318.8  0.53315  
9323.4  0.49855  
9327.9  0.4631  
9332.4  0.42693  
9336.900000000001  0.39162  
9341.4  0.35807  
9345.9  0.32709  
9350.4  0.29734  
9355.0  0.2673  
9359.5  0.23953  
9364.0  0.21526  
9368.5  0.19353  
9373.0  0.17326  
9377.5  0.15459  
9382.0  0.1386  
9386.6  0.12385  
9391.1  0.11024  
9395.599999999999  0.09857  
9400.1  0.08831  
9404.6  0.07924  
9409.1  0.07213  
9413.7  0.0655  
9418.2  0.05781  
9422.7  0.0514  
9427.2  0.04709  
9431.699999999999  0.04237  
9436.2  0.03775  
9440.800000000001  0.03419  
9445.3  0.03097  
9449.8  0.0279  
9454.3  0.0247  
9458.8  0.02144  
9463.4  0.01962  
9467.9  0.01844  
9472.4  0.0174  
9476.900000000001  0.01578  
9481.4  0.01336  
9485.9  0.01129  
9490.5  0.01036  
9495.0  0.01029  
9499.5  0.00931  
9504.0  0.008  
9508.6  0.00722  
9513.099999999999  0.0067  
9517.6  0.00575  
9522.1  0.00544  
9526.6  0.00499  
9531.2  0.00395  
9535.7  0.00328  
9540.2  0.00361  
9544.7  0.00381  
9549.199999999999  0.00348  
9553.8  0.00384  
9558.300000000001  0.00417  
9562.8  0.00416  
9567.3  0.00329  
9571.900000000001  0.00243  
9576.4  0.00213  
9580.9  0.00202  
9585.4  0.0026  
9590.0  0.00268  
9594.5  0.00253  
9599.0  0.00218  

