@MEASUREMENT_RADIUS 4.0 cm
#lambda:
#tr:
#end
8002.1  0.00391  
8006.5  0.00395  
8010.900000000001  0.00419  
8015.4  0.00428  
8019.8  0.0041  
8024.299999999999  0.00404  
8028.7  0.0042  
8033.099999999999  0.00433  
8037.6  0.00437  
8042.0  0.00416  
8046.5  0.00401  
8050.900000000001  0.00406  
8055.4  0.00425  
8059.8  0.00436  
8064.2  0.00414  
8068.7  0.00392  
8073.099999999999  0.00394  
8077.6  0.0042  
8082.0  0.00442  
8086.5  0.00442  
8090.900000000001  0.00426  
8095.4  0.00424  
8099.8  0.00428  
8104.299999999999  0.00429  
8108.7  0.00426  
8113.099999999999  0.00409  
8117.6  0.00409  
8122.0  0.00422  
8126.5  0.0042  
8130.900000000001  0.00422  
8135.4  0.00435  
8139.8  0.00421  
8144.299999999999  0.00409  
8148.7  0.00421  
8153.200000000001  0.00442  
8157.6  0.00443  
8162.1  0.0044  
8166.5  0.00439  
8171.0  0.0045  
8175.4  0.00465  
8179.9  0.00452  
8184.299999999999  0.0044  
8188.8  0.0045  
8193.2  0.00459  
8197.7  0.00446  
8202.2  0.00443  
8206.6  0.00441  
8211.1  0.00435  
8215.5  0.00456  
8220.0  0.0048  
8224.400000000001  0.00487  
8228.9  0.00496  
8233.300000000001  0.00528  
8237.8  0.00551  
8242.2  0.00524  
8246.699999999999  0.00502  
8251.1  0.00516  
8255.599999999999  0.00536  
8260.1  0.0055  
8264.5  0.00559  
8269.0  0.00566  
8273.4  0.00573  
8277.9  0.00595  
8282.3  0.00625  
8286.8  0.00661  
8291.3  0.00692  
8295.7  0.00696  
8300.2  0.00687  
8304.6  0.00705  
8309.1  0.00745  
8313.6  0.0077  
8318.0  0.00774  
8322.5  0.00788  
8326.900000000001  0.00827  
8331.4  0.00883  
8335.9  0.00928  
8340.3  0.00952  
8344.8  0.00988  
8349.199999999999  0.01072  
8353.7  0.01146  
8358.2  0.01177  
8362.6  0.01232  
8367.1  0.01336  
8371.6  0.01465  
8376.0  0.0159  
8380.5  0.01718  
8385.0  0.01866  
8389.400000000001  0.0206  
8393.9  0.02285  
8398.300000000001  0.02512  
8402.8  0.02766  
8407.3  0.03071  
8411.699999999999  0.03426  
8416.2  0.03829  
8420.7  0.04304  
8425.1  0.04853  
8429.6  0.05437  
8434.1  0.06107  
8438.5  0.06873  
8443.0  0.07726  
8447.5  0.08661  
8451.900000000001  0.09711  
8456.4  0.1091  
8460.9  0.1224  
8465.4  0.13659  
8469.8  0.15221  
8474.3  0.16937  
8478.8  0.18824  
8483.2  0.20899  
8487.7  0.2313  
8492.2  0.25498  
8496.6  0.28096  
8501.1  0.3089  
8505.599999999999  0.33817  
8510.1  0.36883  
8514.5  0.40158  
8519.0  0.43611  
8523.5  0.47179  
8527.9  0.50897  
8532.4  0.54679  
8536.900000000001  0.584  
8541.4  0.62109  
8545.800000000001  0.65812  
8550.3  0.69522  
8554.8  0.73197  
8559.3  0.7664  
8563.7  0.79842  
8568.2  0.82822  
8572.7  0.85634  
8577.2  0.88184  
8581.6  0.90372  
8586.1  0.9225  
8590.599999999999  0.93897  
8595.1  0.95243  
8599.5  0.96365  
8604.0  0.97176  
8608.5  0.97677  
8613.0  0.98138  
8617.5  0.98572  
8621.900000000001  0.98859  
8626.4  0.98922  
8630.9  0.98966  
8635.4  0.99084  
8639.8  0.99149  
8644.3  0.99181  
8648.8  0.99183  
8653.300000000001  0.99091  
8657.8  0.99115  
8662.2  0.99189  
8666.699999999999  0.99202  
8671.2  0.99221  
8675.7  0.99195  
8680.2  0.99227  
8684.6  0.99309  
8689.1  0.99368  
8693.6  0.99405  
8698.099999999999  0.99443  
8702.6  0.99441  
8707.1  0.99409  
8711.5  0.99416  
8716.0  0.99434  
8720.5  0.99364  
8725.0  0.99316  
8729.5  0.99366  
8734.0  0.99388  
8738.4  0.99373  
8742.9  0.99373  
8747.4  0.99349  
8751.900000000001  0.99354  
8756.4  0.99377  
8760.9  0.99321  
8765.4  0.99299  
8769.8  0.9934  
8774.3  0.99386  
8778.8  0.99365  
8783.300000000001  0.99256  
8787.8  0.99261  
8792.3  0.99227  
8796.8  0.99171  
8801.3  0.99221  
8805.7  0.99282  
8810.2  0.9923  
8814.7  0.99148  
8819.199999999999  0.99115  
8823.7  0.99129  
8828.2  0.99142  
8832.7  0.9917  
8837.2  0.99192  
8841.699999999999  0.99164  
8846.1  0.99069  
8850.599999999999  0.99068  
8855.1  0.99093  
8859.6  0.99025  
8864.1  0.99116  
8868.6  0.99206  
8873.099999999999  0.99195  
8877.6  0.99157  
8882.1  0.99123  
8886.6  0.9915  
8891.1  0.99219  
8895.5  0.99219  
8900.0  0.99069  
8904.5  0.99047  
8909.0  0.99121  
8913.5  0.99085  
8918.0  0.99066  
8922.5  0.99104  
8927.0  0.99159  
8931.5  0.9914  
8936.0  0.991  
8940.5  0.99079  
8945.0  0.99105  
8949.5  0.99099  
8954.0  0.99009  
8958.5  0.98987  
8963.0  0.99064  
8967.5  0.99046  
8972.0  0.99051  
8976.5  0.99086  
8981.0  0.99109  
8985.4  0.99093  
8989.9  0.98995  
8994.400000000001  0.98993  
8998.9  0.9916  
9003.4  0.99202  
9007.9  0.99209  
9012.4  0.99206  
9016.900000000001  0.99172  
9021.4  0.99294  
9025.9  0.99358  
9030.4  0.99277  
9034.9  0.992  
9039.400000000001  0.99267  
9043.9  0.99373  
9048.4  0.99469  
9052.9  0.99488  
9057.4  0.99391  
9061.900000000001  0.99246  
9066.4  0.99241  
9070.9  0.9926  
9075.4  0.99278  
9079.9  0.99335  
9084.400000000001  0.99276  
9088.9  0.99199  
9093.4  0.99178  
9098.0  0.99169  
9102.5  0.99152  
9107.0  0.99107  
9111.5  0.99096  
9116.0  0.99132  
9120.5  0.99093  
9125.0  0.98992  
9129.5  0.98982  
9134.0  0.98986  
9138.5  0.98969  
9143.0  0.98955  
9147.5  0.98876  
9152.0  0.98692  
9156.5  0.98601  
9161.0  0.98623  
9165.5  0.98601  
9170.0  0.98516  
9174.5  0.98375  
9179.0  0.98147  
9183.5  0.9799  
9188.099999999999  0.97923  
9192.6  0.97704  
9197.1  0.97452  
9201.6  0.9714  
9206.1  0.96706  
9210.599999999999  0.96357  
9215.1  0.96069  
9219.6  0.95542  
9224.1  0.9487  
9228.6  0.94255  
9233.099999999999  0.93684  
9237.6  0.92871  
9242.2  0.91734  
9246.699999999999  0.90661  
9251.2  0.89706  
9255.7  0.8843  
9260.2  0.86899  
9264.7  0.85358  
9269.199999999999  0.8367  
9273.7  0.81683  
9278.2  0.79583  
9282.7  0.77347  
9287.3  0.74845  
9291.8  0.72212  
9296.3  0.69454  
9300.800000000001  0.66435  
9305.3  0.63251  
9309.8  0.60011  
9314.3  0.56574  
9318.8  0.53096  
9323.4  0.49589  
9327.9  0.46059  
9332.4  0.42614  
9336.900000000001  0.39147  
9341.4  0.35703  
9345.9  0.32466  
9350.4  0.29448  
9355.0  0.26643  
9359.5  0.23979  
9364.0  0.21449  
9368.5  0.19178  
9373.0  0.17207  
9377.5  0.15432  
9382.0  0.13743  
9386.6  0.123  
9391.1  0.11115  
9395.599999999999  0.10021  
9400.1  0.08965  
9404.6  0.07901  
9409.1  0.07  
9413.7  0.06394  
9418.2  0.05922  
9422.7  0.05334  
9427.2  0.0475  
9431.699999999999  0.04252  
9436.2  0.03872  
9440.800000000001  0.0352  
9445.3  0.03093  
9449.8  0.02635  
9454.3  0.02262  
9458.8  0.0215  
9463.4  0.02114  
9467.9  0.01882  
9472.4  0.01585  
9476.900000000001  0.01402  
9481.4  0.01353  
9485.9  0.0131  
9490.5  0.01121  
9495.0  0.0096  
9499.5  0.00911  
9504.0  0.00845  
9508.6  0.00698  
9513.099999999999  0.00577  
9517.6  0.00527  
9522.1  0.00543  
9526.6  0.00547  
9531.2  0.00511  
9535.7  0.00419  
9540.2  0.00292  
9544.7  0.00286  
9549.199999999999  0.00373  
9553.8  0.00383  
9558.300000000001  0.00317  
9562.8  0.00303  
9567.3  0.00278  
9571.900000000001  0.00186  
9576.4  0.00188  
9580.9  0.00163  
9585.4  0.00127  
9590.0  0.00166  
9594.5  0.00288  
9599.0  0.00288  

