@MEASUREMENT_RADIUS 5.0 cm
#lambda:
#tr:
#end
8002.1  0.00392  
8006.5  0.00407  
8010.900000000001  0.00419  
8015.4  0.00421  
8019.8  0.00413  
8024.299999999999  0.00406  
8028.7  0.00409  
8033.099999999999  0.00424  
8037.6  0.00418  
8042.0  0.00407  
8046.5  0.00415  
8050.900000000001  0.00412  
8055.4  0.00407  
8059.8  0.00408  
8064.2  0.00416  
8068.7  0.00424  
8073.099999999999  0.00407  
8077.6  0.00376  
8082.0  0.0039  
8086.5  0.00423  
8090.900000000001  0.0042  
8095.4  0.00418  
8099.8  0.00419  
8104.299999999999  0.00416  
8108.7  0.00425  
8113.099999999999  0.00433  
8117.6  0.00432  
8122.0  0.0042  
8126.5  0.00423  
8130.900000000001  0.00443  
8135.4  0.00448  
8139.8  0.00426  
8144.299999999999  0.00406  
8148.7  0.00432  
8153.200000000001  0.00463  
8157.6  0.00456  
8162.1  0.00437  
8166.5  0.00437  
8171.0  0.00445  
8175.4  0.00436  
8179.9  0.0042  
8184.299999999999  0.00428  
8188.8  0.00449  
8193.2  0.00453  
8197.7  0.00447  
8202.2  0.00453  
8206.6  0.00486  
8211.1  0.00506  
8215.5  0.00492  
8220.0  0.00478  
8224.400000000001  0.00489  
8228.9  0.005  
8233.300000000001  0.0051  
8237.8  0.00517  
8242.2  0.00533  
8246.699999999999  0.00546  
8251.1  0.00547  
8255.599999999999  0.00569  
8260.1  0.00572  
8264.5  0.00561  
8269.0  0.00539  
8273.4  0.00543  
8277.9  0.00597  
8282.3  0.00643  
8286.8  0.00654  
8291.3  0.00652  
8295.7  0.00683  
8300.2  0.00718  
8304.6  0.00727  
8309.1  0.00755  
8313.6  0.00789  
8318.0  0.008  
8322.5  0.00807  
8326.900000000001  0.00834  
8331.4  0.00882  
8335.9  0.00926  
8340.3  0.00954  
8344.8  0.00968  
8349.199999999999  0.01016  
8353.7  0.01114  
8358.2  0.0122  
8362.6  0.01293  
8367.1  0.01378  
8371.6  0.01492  
8376.0  0.01595  
8380.5  0.01714  
8385.0  0.01884  
8389.400000000001  0.02064  
8393.9  0.02265  
8398.300000000001  0.02524  
8402.8  0.02834  
8407.3  0.0316  
8411.699999999999  0.03485  
8416.2  0.03853  
8420.7  0.04309  
8425.1  0.04843  
8429.6  0.05458  
8434.1  0.06141  
8438.5  0.069  
8443.0  0.07765  
8447.5  0.08733  
8451.900000000001  0.09789  
8456.4  0.10971  
8460.9  0.12304  
8465.4  0.13782  
8469.8  0.15369  
8474.3  0.17079  
8478.8  0.18956  
8483.2  0.21043  
8487.7  0.23328  
8492.2  0.25745  
8496.6  0.28333  
8501.1  0.31068  
8505.599999999999  0.3395  
8510.1  0.37074  
8514.5  0.40413  
8519.0  0.43915  
8523.5  0.47501  
8527.9  0.51172  
8532.4  0.54913  
8536.900000000001  0.58663  
8541.4  0.6243  
8545.800000000001  0.6613  
8550.3  0.69749  
8554.8  0.73331  
8559.3  0.76783  
8563.7  0.80031  
8568.2  0.8303  
8572.7  0.858  
8577.2  0.88286  
8581.6  0.90517  
8586.1  0.92364  
8590.599999999999  0.939  
8595.1  0.9528  
8599.5  0.96411  
8604.0  0.97221  
8608.5  0.97801  
8613.0  0.98276  
8617.5  0.98621  
8621.900000000001  0.98836  
8626.4  0.98947  
8630.9  0.99043  
8635.4  0.99095  
8639.8  0.99136  
8644.3  0.99137  
8648.8  0.99111  
8653.300000000001  0.99131  
8657.8  0.99223  
8662.2  0.99311  
8666.699999999999  0.99324  
8671.2  0.99308  
8675.7  0.99353  
8680.2  0.99365  
8684.6  0.99237  
8689.1  0.99178  
8693.6  0.9932  
8698.099999999999  0.99493  
8702.6  0.9941  
8707.1  0.99302  
8711.5  0.99413  
8716.0  0.99506  
8720.5  0.994  
8725.0  0.99271  
8729.5  0.99307  
8734.0  0.99427  
8738.4  0.99483  
8742.9  0.99386  
8747.4  0.99319  
8751.900000000001  0.99382  
8756.4  0.99378  
8760.9  0.99268  
8765.4  0.99301  
8769.8  0.99304  
8774.3  0.99214  
8778.8  0.99164  
8783.300000000001  0.99197  
8787.8  0.99305  
8792.3  0.99303  
8796.8  0.99206  
8801.3  0.99102  
8805.7  0.99082  
8810.2  0.99104  
8814.7  0.99154  
8819.199999999999  0.99134  
8823.7  0.99126  
8828.2  0.99177  
8832.7  0.99239  
8837.2  0.99282  
8841.699999999999  0.99182  
8846.1  0.99054  
8850.599999999999  0.99021  
8855.1  0.99083  
8859.6  0.99085  
8864.1  0.99037  
8868.6  0.99093  
8873.099999999999  0.99223  
8877.6  0.9928  
8882.1  0.9923  
8886.6  0.99253  
8891.1  0.99225  
8895.5  0.99093  
8900.0  0.99078  
8904.5  0.99153  
8909.0  0.99189  
8913.5  0.99158  
8918.0  0.99109  
8922.5  0.99126  
8927.0  0.99232  
8931.5  0.99242  
8936.0  0.99171  
8940.5  0.99121  
8945.0  0.99124  
8949.5  0.99137  
8954.0  0.99121  
8958.5  0.99065  
8963.0  0.99029  
8967.5  0.99032  
8972.0  0.99099  
8976.5  0.99118  
8981.0  0.99056  
8985.4  0.9903  
8989.9  0.99061  
8994.400000000001  0.99103  
8998.9  0.99118  
9003.4  0.99075  
9007.9  0.99066  
9012.4  0.99056  
9016.900000000001  0.99106  
9021.4  0.99271  
9025.9  0.99328  
9030.4  0.99306  
9034.9  0.99272  
9039.400000000001  0.99305  
9043.9  0.99305  
9048.4  0.99383  
9052.9  0.99403  
9057.4  0.9933  
9061.900000000001  0.99245  
9066.4  0.99172  
9070.9  0.99147  
9075.4  0.99135  
9079.9  0.99212  
9084.400000000001  0.99385  
9088.9  0.99397  
9093.4  0.9919  
9098.0  0.99054  
9102.5  0.99125  
9107.0  0.99229  
9111.5  0.99208  
9116.0  0.99093  
9120.5  0.99015  
9125.0  0.98967  
9129.5  0.9899  
9134.0  0.9903  
9138.5  0.98964  
9143.0  0.98908  
9147.5  0.98885  
9152.0  0.98751  
9156.5  0.98586  
9161.0  0.98624  
9165.5  0.98723  
9170.0  0.9859  
9174.5  0.98338  
9179.0  0.98121  
9183.5  0.98017  
9188.099999999999  0.98003  
9192.6  0.97757  
9197.1  0.97358  
9201.6  0.9702  
9206.1  0.96704  
9210.599999999999  0.96328  
9215.1  0.95948  
9219.6  0.95491  
9224.1  0.94857  
9228.6  0.94173  
9233.099999999999  0.93568  
9237.6  0.92742  
9242.2  0.91694  
9246.699999999999  0.90712  
9251.2  0.89706  
9255.7  0.88352  
9260.2  0.86785  
9264.7  0.8529  
9269.199999999999  0.83643  
9273.7  0.81683  
9278.2  0.79637  
9282.7  0.77437  
9287.3  0.74909  
9291.8  0.72179  
9296.3  0.69367  
9300.800000000001  0.66337  
9305.3  0.63141  
9309.8  0.59913  
9314.3  0.56533  
9318.8  0.53062  
9323.4  0.49606  
9327.9  0.46148  
9332.4  0.42675  
9336.900000000001  0.39192  
9341.4  0.35753  
9345.9  0.32461  
9350.4  0.29399  
9355.0  0.26582  
9359.5  0.2395  
9364.0  0.21482  
9368.5  0.19275  
9373.0  0.17238  
9377.5  0.15404  
9382.0  0.13783  
9386.6  0.12345  
9391.1  0.11113  
9395.599999999999  0.09918  
9400.1  0.08861  
9404.6  0.07993  
9409.1  0.07159  
9413.7  0.06506  
9418.2  0.05902  
9422.7  0.05262  
9427.2  0.04693  
9431.699999999999  0.04066  
9436.2  0.03533  
9440.800000000001  0.03201  
9445.3  0.02985  
9449.8  0.02697  
9454.3  0.02409  
9458.8  0.02181  
9463.4  0.01975  
9467.9  0.01849  
9472.4  0.01644  
9476.900000000001  0.01428  
9481.4  0.01363  
9485.9  0.01244  
9490.5  0.0112  
9495.0  0.00966  
9499.5  0.00787  
9504.0  0.00747  
9508.6  0.00717  
9513.099999999999  0.00693  
9517.6  0.00598  
9522.1  0.00439  
9526.6  0.00405  
9531.2  0.00439  
9535.7  0.00408  
9540.2  0.00359  
9544.7  0.00366  
9549.199999999999  0.00327  
9553.8  0.00293  
9558.300000000001  0.00353  
9562.8  0.00402  
9567.3  0.00327  
9571.900000000001  0.0019  
9576.4  0.00212  
9580.9  0.00297  
9585.4  0.00251  
9590.0  0.00159  
9594.5  0.00257  
9599.0  0.00279  

