@MEASUREMENT_RADIUS 6.0 cm
#lambda:
#tr:
#end
8002.1  0.00425  
8006.5  0.00436  
8010.900000000001  0.0042  
8015.4  0.00403  
8019.8  0.0041  
8024.299999999999  0.00418  
8028.7  0.00412  
8033.099999999999  0.0041  
8037.6  0.00418  
8042.0  0.00431  
8046.5  0.00429  
8050.900000000001  0.00404  
8055.4  0.00393  
8059.8  0.00403  
8064.2  0.00419  
8068.7  0.0042  
8073.099999999999  0.00393  
8077.6  0.0039  
8082.0  0.00409  
8086.5  0.00418  
8090.900000000001  0.00409  
8095.4  0.00413  
8099.8  0.00418  
8104.299999999999  0.00428  
8108.7  0.00428  
8113.099999999999  0.00416  
8117.6  0.00409  
8122.0  0.00402  
8126.5  0.00394  
8130.900000000001  0.00406  
8135.4  0.0043  
8139.8  0.00447  
8144.299999999999  0.00423  
8148.7  0.004  
8153.200000000001  0.00411  
8157.6  0.0043  
8162.1  0.00433  
8166.5  0.00432  
8171.0  0.0044  
8175.4  0.00448  
8179.9  0.00458  
8184.299999999999  0.00459  
8188.8  0.00431  
8193.2  0.00415  
8197.7  0.00431  
8202.2  0.0047  
8206.6  0.00495  
8211.1  0.00475  
8215.5  0.00461  
8220.0  0.00465  
8224.400000000001  0.00471  
8228.9  0.00493  
8233.300000000001  0.00506  
8237.8  0.00499  
8242.2  0.00512  
8246.699999999999  0.00529  
8251.1  0.00529  
8255.599999999999  0.0054  
8260.1  0.00572  
8264.5  0.00582  
8269.0  0.00568  
8273.4  0.0056  
8277.9  0.00594  
8282.3  0.00632  
8286.8  0.00651  
8291.3  0.00674  
8295.7  0.00703  
8300.2  0.0072  
8304.6  0.0073  
8309.1  0.00734  
8313.6  0.00747  
8318.0  0.00778  
8322.5  0.00817  
8326.900000000001  0.00857  
8331.4  0.00892  
8335.9  0.00926  
8340.3  0.0096  
8344.8  0.01019  
8349.199999999999  0.01085  
8353.7  0.01124  
8358.2  0.01181  
8362.6  0.01297  
8367.1  0.01404  
8371.6  0.0148  
8376.0  0.01586  
8380.5  0.01752  
8385.0  0.01947  
8389.400000000001  0.0211  
8393.9  0.02274  
8398.300000000001  0.02513  
8402.8  0.02789  
8407.3  0.03086  
8411.699999999999  0.03438  
8416.2  0.03854  
8420.7  0.04324  
8425.1  0.04875  
8429.6  0.05503  
8434.1  0.06189  
8438.5  0.06934  
8443.0  0.07756  
8447.5  0.08693  
8451.900000000001  0.0978  
8456.4  0.10979  
8460.9  0.12299  
8465.4  0.13771  
8469.8  0.15362  
8474.3  0.17128  
8478.8  0.19062  
8483.2  0.211  
8487.7  0.23321  
8492.2  0.25762  
8496.6  0.28378  
8501.1  0.31142  
8505.599999999999  0.34045  
8510.1  0.37141  
8514.5  0.40451  
8519.0  0.43941  
8523.5  0.47546  
8527.9  0.51217  
8532.4  0.54896  
8536.900000000001  0.58631  
8541.4  0.6243  
8545.800000000001  0.66158  
8550.3  0.69787  
8554.8  0.73319  
8559.3  0.7668  
8563.7  0.79965  
8568.2  0.8304  
8572.7  0.8577  
8577.2  0.88239  
8581.6  0.90414  
8586.1  0.92295  
8590.599999999999  0.93938  
8595.1  0.95256  
8599.5  0.96368  
8604.0  0.97204  
8608.5  0.97708  
8613.0  0.98203  
8617.5  0.98655  
8621.900000000001  0.98916  
8626.4  0.98995  
8630.9  0.99013  
8635.4  0.99066  
8639.8  0.99145  
8644.3  0.99153  
8648.8  0.99172  
8653.300000000001  0.99121  
8657.8  0.99105  
8662.2  0.99235  
8666.699999999999  0.99304  
8671.2  0.99202  
8675.7  0.99164  
8680.2  0.99247  
8684.6  0.99307  
8689.1  0.9935  
8693.6  0.99398  
8698.099999999999  0.99407  
8702.6  0.99358  
8707.1  0.9934  
8711.5  0.99377  
8716.0  0.99383  
8720.5  0.99375  
8725.0  0.99331  
8729.5  0.99322  
8734.0  0.99374  
8738.4  0.99407  
8742.9  0.99418  
8747.4  0.99402  
8751.900000000001  0.99363  
8756.4  0.99264  
8760.9  0.99166  
8765.4  0.99224  
8769.8  0.99369  
8774.3  0.99403  
8778.8  0.9925  
8783.300000000001  0.99216  
8787.8  0.9935  
8792.3  0.99352  
8796.8  0.99276  
8801.3  0.99213  
8805.7  0.99193  
8810.2  0.99163  
8814.7  0.99195  
8819.199999999999  0.99206  
8823.7  0.99229  
8828.2  0.99231  
8832.7  0.99212  
8837.2  0.99214  
8841.699999999999  0.99141  
8846.1  0.9909  
8850.599999999999  0.99111  
8855.1  0.99166  
8859.6  0.99147  
8864.1  0.99148  
8868.6  0.99177  
8873.099999999999  0.99238  
8877.6  0.99272  
8882.1  0.992  
8886.6  0.99179  
8891.1  0.99215  
8895.5  0.99203  
8900.0  0.99179  
8904.5  0.99177  
8909.0  0.99145  
8913.5  0.99131  
8918.0  0.99156  
8922.5  0.99143  
8927.0  0.99159  
8931.5  0.99144  
8936.0  0.99104  
8940.5  0.99076  
8945.0  0.99052  
8949.5  0.98991  
8954.0  0.99006  
8958.5  0.99084  
8963.0  0.99123  
8967.5  0.99043  
8972.0  0.99034  
8976.5  0.99104  
8981.0  0.99113  
8985.4  0.99128  
8989.9  0.99133  
8994.400000000001  0.99088  
8998.9  0.99096  
9003.4  0.99125  
9007.9  0.9921  
9012.4  0.99268  
9016.900000000001  0.99191  
9021.4  0.99229  
9025.9  0.99345  
9030.4  0.99292  
9034.9  0.99192  
9039.400000000001  0.99256  
9043.9  0.99314  
9048.4  0.99336  
9052.9  0.99286  
9057.4  0.99279  
9061.900000000001  0.99317  
9066.4  0.99373  
9070.9  0.99304  
9075.4  0.99192  
9079.9  0.99256  
9084.400000000001  0.99322  
9088.9  0.99274  
9093.4  0.99211  
9098.0  0.99172  
9102.5  0.99147  
9107.0  0.99143  
9111.5  0.9918  
9116.0  0.99182  
9120.5  0.99113  
9125.0  0.99057  
9129.5  0.99092  
9134.0  0.99036  
9138.5  0.98953  
9143.0  0.98927  
9147.5  0.98861  
9152.0  0.98731  
9156.5  0.98706  
9161.0  0.98718  
9165.5  0.9862  
9170.0  0.98461  
9174.5  0.9831  
9179.0  0.98169  
9183.5  0.98035  
9188.099999999999  0.97921  
9192.6  0.97746  
9197.1  0.97468  
9201.6  0.97088  
9206.1  0.96658  
9210.599999999999  0.96373  
9215.1  0.96062  
9219.6  0.95478  
9224.1  0.94877  
9228.6  0.94287  
9233.099999999999  0.93685  
9237.6  0.92849  
9242.2  0.91783  
9246.699999999999  0.90698  
9251.2  0.89666  
9255.7  0.88471  
9260.2  0.86949  
9264.7  0.85291  
9269.199999999999  0.8361  
9273.7  0.81705  
9278.2  0.79575  
9282.7  0.77347  
9287.3  0.75001  
9291.8  0.72371  
9296.3  0.69446  
9300.800000000001  0.6635  
9305.3  0.6319  
9309.8  0.59981  
9314.3  0.56583  
9318.8  0.53107  
9323.4  0.49655  
9327.9  0.46192  
9332.4  0.42672  
9336.900000000001  0.39089  
9341.4  0.35683  
9345.9  0.32571  
9350.4  0.29546  
9355.0  0.26609  
9359.5  0.23942  
9364.0  0.21525  
9368.5  0.19248  
9373.0  0.17199  
9377.5  0.15462  
9382.0  0.13858  
9386.6  0.12301  
9391.1  0.10938  
9395.599999999999  0.09822  
9400.1  0.08884  
9404.6  0.08007  
9409.1  0.07155  
9413.7  0.06442  
9418.2  0.05823  
9422.7  0.05219  
9427.2  0.04686  
9431.699999999999  0.04155  
9436.2  0.03712  
9440.800000000001  0.0345  
9445.3  0.03104  
9449.8  0.02666  
9454.3  0.02341  
9458.8  0.0214  
9463.4  0.01969  
9467.9  0.01777  
9472.4  0.01619  
9476.900000000001  0.01493  
9481.4  0.01393  
9485.9  0.01309  
9490.5  0.01173  
9495.0  0.00918  
9499.5  0.00748  
9504.0  0.00761  
9508.6  0.00686  
9513.099999999999  0.00616  
9517.6  0.00646  
9522.1  0.00612  
9526.6  0.00458  
9531.2  0.00406  
9535.7  0.00417  
9540.2  0.00405  
9544.7  0.00411  
9549.199999999999  0.00324  
9553.8  0.00234  
9558.300000000001  0.00234  
9562.8  0.00273  
9567.3  0.00261  
9571.900000000001  0.00161  
9576.4  0.00209  
9580.9  0.00257  
9585.4  0.00174  
9590.0  0.00169  
9594.5  0.00171  
9599.0  0.00181  

