@MEASUREMENT_RADIUS 7.0 cm
#lambda:
#tr:
#end
8002.1  0.00391  
8006.5  0.00374  
8010.900000000001  0.00399  
8015.4  0.00416  
8019.8  0.00411  
8024.299999999999  0.00416  
8028.7  0.0042  
8033.099999999999  0.00412  
8037.6  0.00404  
8042.0  0.00406  
8046.5  0.00409  
8050.900000000001  0.00404  
8055.4  0.004  
8059.8  0.00389  
8064.2  0.0039  
8068.7  0.00421  
8073.099999999999  0.00434  
8077.6  0.00409  
8082.0  0.00388  
8086.5  0.00387  
8090.900000000001  0.00416  
8095.4  0.00435  
8099.8  0.00432  
8104.299999999999  0.0042  
8108.7  0.00417  
8113.099999999999  0.00419  
8117.6  0.00411  
8122.0  0.00418  
8126.5  0.00428  
8130.900000000001  0.00432  
8135.4  0.00437  
8139.8  0.00434  
8144.299999999999  0.00425  
8148.7  0.00442  
8153.200000000001  0.00448  
8157.6  0.00447  
8162.1  0.00448  
8166.5  0.00448  
8171.0  0.00441  
8175.4  0.00429  
8179.9  0.00436  
8184.299999999999  0.00449  
8188.8  0.00446  
8193.2  0.00451  
8197.7  0.00466  
8202.2  0.00449  
8206.6  0.00435  
8211.1  0.00451  
8215.5  0.00467  
8220.0  0.00483  
8224.400000000001  0.00495  
8228.9  0.00488  
8233.300000000001  0.00507  
8237.8  0.0054  
8242.2  0.00545  
8246.699999999999  0.0053  
8251.1  0.00526  
8255.599999999999  0.00523  
8260.1  0.00538  
8264.5  0.00566  
8269.0  0.00578  
8273.4  0.0059  
8277.9  0.00627  
8282.3  0.00631  
8286.8  0.0061  
8291.3  0.00634  
8295.7  0.00688  
8300.2  0.00709  
8304.6  0.00706  
8309.1  0.00727  
8313.6  0.0077  
8318.0  0.00786  
8322.5  0.00804  
8326.900000000001  0.00854  
8331.4  0.00912  
8335.9  0.00948  
8340.3  0.0095  
8344.8  0.00991  
8349.199999999999  0.01082  
8353.7  0.01146  
8358.2  0.01196  
8362.6  0.0127  
8367.1  0.01376  
8371.6  0.01485  
8376.0  0.01584  
8380.5  0.01714  
8385.0  0.01877  
8389.400000000001  0.02064  
8393.9  0.02267  
8398.300000000001  0.02496  
8402.8  0.02766  
8407.3  0.03072  
8411.699999999999  0.03418  
8416.2  0.03825  
8420.7  0.04293  
8425.1  0.04816  
8429.6  0.05421  
8434.1  0.06112  
8438.5  0.06858  
8443.0  0.077  
8447.5  0.08661  
8451.900000000001  0.09748  
8456.4  0.10942  
8460.9  0.12243  
8465.4  0.13692  
8469.8  0.15279  
8474.3  0.17003  
8478.8  0.18916  
8483.2  0.20988  
8487.7  0.23208  
8492.2  0.25623  
8496.6  0.28254  
8501.1  0.31017  
8505.599999999999  0.3392  
8510.1  0.37009  
8514.5  0.40285  
8519.0  0.4372  
8523.5  0.47305  
8527.9  0.51037  
8532.4  0.54726  
8536.900000000001  0.58404  
8541.4  0.62206  
8545.800000000001  0.65981  
8550.3  0.69598  
8554.8  0.73083  
8559.3  0.76441  
8563.7  0.79707  
8568.2  0.82803  
8572.7  0.85643  
8577.2  0.88133  
8581.6  0.90297  
8586.1  0.92176  
8590.599999999999  0.93834  
8595.1  0.9521  
8599.5  0.96341  
8604.0  0.97139  
8608.5  0.97629  
8613.0  0.98126  
8617.5  0.98567  
8621.900000000001  0.98892  
8626.4  0.99029  
8630.9  0.99038  
8635.4  0.99068  
8639.8  0.99145  
8644.3  0.99134  
8648.8  0.99156  
8653.300000000001  0.9922  
8657.8  0.99292  
8662.2  0.99315  
8666.699999999999  0.99265  
8671.2  0.99278  
8675.7  0.99287  
8680.2  0.99309  
8684.6  0.99286  
8689.1  0.99269  
8693.6  0.99381  
8698.099999999999  0.99489  
8702.6  0.9938  
8707.1  0.99267  
8711.5  0.99385  
8716.0  0.99507  
8720.5  0.99407  
8725.0  0.99239  
8729.5  0.9927  
8734.0  0.99382  
8738.4  0.99325  
8742.9  0.99255  
8747.4  0.99315  
8751.900000000001  0.99361  
8756.4  0.99323  
8760.9  0.9928  
8765.4  0.99276  
8769.8  0.993  
8774.3  0.99312  
8778.8  0.99239  
8783.300000000001  0.99184  
8787.8  0.99269  
8792.3  0.99301  
8796.8  0.99314  
8801.3  0.99288  
8805.7  0.99211  
8810.2  0.9909  
8814.7  0.99117  
8819.199999999999  0.99204  
8823.7  0.99233  
8828.2  0.99237  
8832.7  0.99219  
8837.2  0.992  
8841.699999999999  0.99095  
8846.1  0.99023  
8850.599999999999  0.99133  
8855.1  0.99281  
8859.6  0.9928  
8864.1  0.99223  
8868.6  0.99153  
8873.099999999999  0.99133  
8877.6  0.99215  
8882.1  0.99277  
8886.6  0.99229  
8891.1  0.99185  
8895.5  0.99196  
8900.0  0.99107  
8904.5  0.99055  
8909.0  0.9912  
8913.5  0.99163  
8918.0  0.99132  
8922.5  0.9909  
8927.0  0.99135  
8931.5  0.99166  
8936.0  0.99126  
8940.5  0.99066  
8945.0  0.9907  
8949.5  0.99074  
8954.0  0.99043  
8958.5  0.9899  
8963.0  0.99057  
8967.5  0.99136  
8972.0  0.99117  
8976.5  0.99056  
8981.0  0.99  
8985.4  0.98975  
8989.9  0.99038  
8994.400000000001  0.99147  
8998.9  0.99166  
9003.4  0.99118  
9007.9  0.99151  
9012.4  0.99181  
9016.900000000001  0.99154  
9021.4  0.992  
9025.9  0.9929  
9030.4  0.99299  
9034.9  0.99232  
9039.400000000001  0.99277  
9043.9  0.99339  
9048.4  0.99395  
9052.9  0.99389  
9057.4  0.99296  
9061.900000000001  0.9926  
9066.4  0.9933  
9070.9  0.9927  
9075.4  0.99166  
9079.9  0.99211  
9084.400000000001  0.99203  
9088.9  0.99142  
9093.4  0.99187  
9098.0  0.99268  
9102.5  0.99269  
9107.0  0.99175  
9111.5  0.99093  
9116.0  0.98996  
9120.5  0.98899  
9125.0  0.98878  
9129.5  0.98932  
9134.0  0.98981  
9138.5  0.9899  
9143.0  0.98909  
9147.5  0.98843  
9152.0  0.98798  
9156.5  0.98729  
9161.0  0.98655  
9165.5  0.98625  
9170.0  0.98552  
9174.5  0.98313  
9179.0  0.98008  
9183.5  0.9785  
9188.099999999999  0.97846  
9192.6  0.9775  
9197.1  0.97508  
9201.6  0.97135  
9206.1  0.96709  
9210.599999999999  0.96376  
9215.1  0.96037  
9219.6  0.95485  
9224.1  0.94886  
9228.6  0.94266  
9233.099999999999  0.93563  
9237.6  0.92686  
9242.2  0.91755  
9246.699999999999  0.90865  
9251.2  0.89753  
9255.7  0.88301  
9260.2  0.86776  
9264.7  0.85251  
9269.199999999999  0.83587  
9273.7  0.81724  
9278.2  0.79719  
9282.7  0.77455  
9287.3  0.74848  
9291.8  0.72153  
9296.3  0.69453  
9300.800000000001  0.66465  
9305.3  0.63248  
9309.8  0.59962  
9314.3  0.56606  
9318.8  0.53218  
9323.4  0.49722  
9327.9  0.46171  
9332.4  0.42633  
9336.900000000001  0.39162  
9341.4  0.35847  
9345.9  0.32691  
9350.4  0.29597  
9355.0  0.26641  
9359.5  0.24043  
9364.0  0.21683  
9368.5  0.19381  
9373.0  0.17276  
9377.5  0.15435  
9382.0  0.13786  
9386.6  0.12373  
9391.1  0.11135  
9395.599999999999  0.09942  
9400.1  0.08863  
9404.6  0.07942  
9409.1  0.07219  
9413.7  0.06607  
9418.2  0.05865  
9422.7  0.05079  
9427.2  0.04515  
9431.699999999999  0.04146  
9436.2  0.03733  
9440.800000000001  0.03347  
9445.3  0.02983  
9449.8  0.0263  
9454.3  0.0234  
9458.8  0.02131  
9463.4  0.01985  
9467.9  0.01774  
9472.4  0.01614  
9476.900000000001  0.01399  
9481.4  0.01215  
9485.9  0.0119  
9490.5  0.01077  
9495.0  0.00927  
9499.5  0.00905  
9504.0  0.00897  
9508.6  0.00742  
9513.099999999999  0.00643  
9517.6  0.00645  
9522.1  0.00596  
9526.6  0.00462  
9531.2  0.00413  
9535.7  0.00516  
9540.2  0.00508  
9544.7  0.0036  
9549.199999999999  0.00247  
9553.8  0.0032  
9558.300000000001  0.00382  
9562.8  0.00323  
9567.3  0.00235  
9571.900000000001  0.00241  
9576.4  0.00249  
9580.9  0.00256  
9585.4  0.00197  
9590.0  0.00157  
9594.5  0.00192  
9599.0  0.00193  

