@MEASUREMENT_RADIUS 8.0 cm
#lambda:
#tr:
#end
8002.1  0.00401  
8006.5  0.00423  
8010.900000000001  0.00431  
8015.4  0.00426  
8019.8  0.00419  
8024.299999999999  0.00425  
8028.7  0.00434  
8033.099999999999  0.00421  
8037.6  0.00403  
8042.0  0.00407  
8046.5  0.00432  
8050.900000000001  0.00427  
8055.4  0.00407  
8059.8  0.0041  
8064.2  0.00413  
8068.7  0.00408  
8073.099999999999  0.00414  
8077.6  0.00419  
8082.0  0.0042  
8086.5  0.00409  
8090.900000000001  0.00391  
8095.4  0.00395  
8099.8  0.00413  
8104.299999999999  0.00415  
8108.7  0.00407  
8113.099999999999  0.00415  
8117.6  0.00427  
8122.0  0.00428  
8126.5  0.00415  
8130.900000000001  0.00397  
8135.4  0.00392  
8139.8  0.00409  
8144.299999999999  0.00423  
8148.7  0.00435  
8153.200000000001  0.00442  
8157.6  0.00447  
8162.1  0.00453  
8166.5  0.00437  
8171.0  0.00428  
8175.4  0.00444  
8179.9  0.00468  
8184.299999999999  0.00466  
8188.8  0.00462  
8193.2  0.00453  
8197.7  0.00437  
8202.2  0.00433  
8206.6  0.00443  
8211.1  0.00457  
8215.5  0.00474  
8220.0  0.00482  
8224.400000000001  0.00488  
8228.9  0.00496  
8233.300000000001  0.00491  
8237.8  0.00494  
8242.2  0.00511  
8246.699999999999  0.00518  
8251.1  0.00512  
8255.599999999999  0.00523  
8260.1  0.00569  
8264.5  0.00599  
8269.0  0.00591  
8273.4  0.0058  
8277.9  0.00587  
8282.3  0.00599  
8286.8  0.00633  
8291.3  0.00685  
8295.7  0.00703  
8300.2  0.007  
8304.6  0.00717  
8309.1  0.00748  
8313.6  0.00782  
8318.0  0.00806  
8322.5  0.00825  
8326.900000000001  0.00846  
8331.4  0.00877  
8335.9  0.0092  
8340.3  0.00972  
8344.8  0.01019  
8349.199999999999  0.01067  
8353.7  0.01115  
8358.2  0.01194  
8362.6  0.01289  
8367.1  0.01369  
8371.6  0.01467  
8376.0  0.01571  
8380.5  0.01702  
8385.0  0.01864  
8389.400000000001  0.02041  
8393.9  0.02245  
8398.300000000001  0.02478  
8402.8  0.02729  
8407.3  0.03022  
8411.699999999999  0.03374  
8416.2  0.03784  
8420.7  0.04273  
8425.1  0.04791  
8429.6  0.05366  
8434.1  0.06052  
8438.5  0.06819  
8443.0  0.07641  
8447.5  0.08575  
8451.900000000001  0.09656  
8456.4  0.10825  
8460.9  0.12121  
8465.4  0.13579  
8469.8  0.15158  
8474.3  0.16879  
8478.8  0.18772  
8483.2  0.20823  
8487.7  0.23025  
8492.2  0.25401  
8496.6  0.28  
8501.1  0.30766  
8505.599999999999  0.33661  
8510.1  0.36743  
8514.5  0.39978  
8519.0  0.43383  
8523.5  0.47002  
8527.9  0.50702  
8532.4  0.54358  
8536.900000000001  0.58061  
8541.4  0.61834  
8545.800000000001  0.65566  
8550.3  0.69228  
8554.8  0.72773  
8559.3  0.7615  
8563.7  0.79411  
8568.2  0.82484  
8572.7  0.85335  
8577.2  0.87853  
8581.6  0.89992  
8586.1  0.91823  
8590.599999999999  0.93479  
8595.1  0.94974  
8599.5  0.96288  
8604.0  0.97155  
8608.5  0.97616  
8613.0  0.98077  
8617.5  0.98523  
8621.900000000001  0.9888  
8626.4  0.99029  
8630.9  0.99045  
8635.4  0.99095  
8639.8  0.99173  
8644.3  0.99153  
8648.8  0.99145  
8653.300000000001  0.99142  
8657.8  0.99191  
8662.2  0.9926  
8666.699999999999  0.99266  
8671.2  0.99239  
8675.7  0.99188  
8680.2  0.99283  
8684.6  0.99382  
8689.1  0.99343  
8693.6  0.99314  
8698.099999999999  0.99372  
8702.6  0.9937  
8707.1  0.99365  
8711.5  0.99415  
8716.0  0.99454  
8720.5  0.99393  
8725.0  0.99293  
8729.5  0.99293  
8734.0  0.9942  
8738.4  0.99479  
8742.9  0.99362  
8747.4  0.99256  
8751.900000000001  0.99244  
8756.4  0.99313  
8760.9  0.99333  
8765.4  0.99338  
8769.8  0.99343  
8774.3  0.99295  
8778.8  0.99204  
8783.300000000001  0.99206  
8787.8  0.99277  
8792.3  0.99288  
8796.8  0.99295  
8801.3  0.99228  
8805.7  0.99187  
8810.2  0.99162  
8814.7  0.99159  
8819.199999999999  0.99152  
8823.7  0.99169  
8828.2  0.99142  
8832.7  0.99136  
8837.2  0.992  
8841.699999999999  0.99149  
8846.1  0.99055  
8850.599999999999  0.99047  
8855.1  0.99094  
8859.6  0.99108  
8864.1  0.99183  
8868.6  0.99194  
8873.099999999999  0.99208  
8877.6  0.99306  
8882.1  0.99263  
8886.6  0.99153  
8891.1  0.9917  
8895.5  0.99221  
8900.0  0.99148  
8904.5  0.99114  
8909.0  0.99127  
8913.5  0.99114  
8918.0  0.99136  
8922.5  0.99122  
8927.0  0.99125  
8931.5  0.99174  
8936.0  0.99161  
8940.5  0.99086  
8945.0  0.99114  
8949.5  0.99144  
8954.0  0.99057  
8958.5  0.98962  
8963.0  0.98974  
8967.5  0.9905  
8972.0  0.99123  
8976.5  0.9914  
8981.0  0.99084  
8985.4  0.99111  
8989.9  0.99125  
8994.400000000001  0.99069  
8998.9  0.99032  
9003.4  0.99001  
9007.9  0.9912  
9012.4  0.99272  
9016.900000000001  0.99235  
9021.4  0.99205  
9025.9  0.99289  
9030.4  0.9938  
9034.9  0.99352  
9039.400000000001  0.99295  
9043.9  0.99297  
9048.4  0.99372  
9052.9  0.99328  
9057.4  0.99241  
9061.900000000001  0.99199  
9066.4  0.99206  
9070.9  0.99185  
9075.4  0.99184  
9079.9  0.99304  
9084.400000000001  0.99374  
9088.9  0.99253  
9093.4  0.99127  
9098.0  0.99087  
9102.5  0.9912  
9107.0  0.99198  
9111.5  0.99219  
9116.0  0.99172  
9120.5  0.99113  
9125.0  0.99077  
9129.5  0.99053  
9134.0  0.99011  
9138.5  0.98941  
9143.0  0.9883  
9147.5  0.98776  
9152.0  0.98755  
9156.5  0.98749  
9161.0  0.98712  
9165.5  0.98662  
9170.0  0.98537  
9174.5  0.98322  
9179.0  0.98094  
9183.5  0.9794  
9188.099999999999  0.97862  
9192.6  0.97712  
9197.1  0.97463  
9201.6  0.97167  
9206.1  0.96794  
9210.599999999999  0.96373  
9215.1  0.96003  
9219.6  0.95496  
9224.1  0.94856  
9228.6  0.94241  
9233.099999999999  0.93604  
9237.6  0.92728  
9242.2  0.91757  
9246.699999999999  0.90731  
9251.2  0.89613  
9255.7  0.88302  
9260.2  0.8687  
9264.7  0.85351  
9269.199999999999  0.83597  
9273.7  0.81637  
9278.2  0.79606  
9282.7  0.77372  
9287.3  0.74848  
9291.8  0.72146  
9296.3  0.69346  
9300.800000000001  0.66373  
9305.3  0.63183  
9309.8  0.59856  
9314.3  0.56483  
9318.8  0.53087  
9323.4  0.49636  
9327.9  0.46109  
9332.4  0.42612  
9336.900000000001  0.39153  
9341.4  0.35797  
9345.9  0.32633  
9350.4  0.29549  
9355.0  0.26618  
9359.5  0.23944  
9364.0  0.21481  
9368.5  0.19281  
9373.0  0.17254  
9377.5  0.15435  
9382.0  0.13833  
9386.6  0.12419  
9391.1  0.11108  
9395.599999999999  0.09917  
9400.1  0.08896  
9404.6  0.08006  
9409.1  0.07194  
9413.7  0.06381  
9418.2  0.05693  
9422.7  0.05235  
9427.2  0.04831  
9431.699999999999  0.0431  
9436.2  0.03789  
9440.800000000001  0.03426  
9445.3  0.03067  
9449.8  0.02779  
9454.3  0.02539  
9458.8  0.02254  
9463.4  0.02005  
9467.9  0.01785  
9472.4  0.01569  
9476.900000000001  0.01414  
9481.4  0.01333  
9485.9  0.01295  
9490.5  0.01173  
9495.0  0.0095  
9499.5  0.00733  
9504.0  0.00658  
9508.6  0.00644  
9513.099999999999  0.00665  
9517.6  0.00671  
9522.1  0.0062  
9526.6  0.00532  
9531.2  0.0044  
9535.7  0.00367  
9540.2  0.00301  
9544.7  0.00361  
9549.199999999999  0.00429  
9553.8  0.00348  
9558.300000000001  0.00225  
9562.8  0.00234  
9567.3  0.00276  
9571.900000000001  0.00248  
9576.4  0.00236  
9580.9  0.00184  
9585.4  0.0026  
9590.0  0.00281  
9594.5  0.00237  
9599.0  0.00157  

