@MEASUREMENT_RADIUS 9.0 cm
#lambda:
#tr:
#end
8002.1  0.00411  
8006.5  0.0039  
8010.900000000001  0.00384  
8015.4  0.00392  
8019.8  0.00407  
8024.299999999999  0.00427  
8028.7  0.00432  
8033.099999999999  0.00418  
8037.6  0.0041  
8042.0  0.00423  
8046.5  0.00432  
8050.900000000001  0.0043  
8055.4  0.00427  
8059.8  0.0042  
8064.2  0.00412  
8068.7  0.00421  
8073.099999999999  0.0041  
8077.6  0.00393  
8082.0  0.004  
8086.5  0.004  
8090.900000000001  0.00405  
8095.4  0.00433  
8099.8  0.00455  
8104.299999999999  0.0044  
8108.7  0.00414  
8113.099999999999  0.0041  
8117.6  0.00412  
8122.0  0.00424  
8126.5  0.00432  
8130.900000000001  0.00429  
8135.4  0.00419  
8139.8  0.00428  
8144.299999999999  0.00435  
8148.7  0.00426  
8153.200000000001  0.00434  
8157.6  0.00434  
8162.1  0.00437  
8166.5  0.00454  
8171.0  0.00437  
8175.4  0.00426  
8179.9  0.00453  
8184.299999999999  0.00469  
8188.8  0.00447  
8193.2  0.00419  
8197.7  0.00442  
8202.2  0.00474  
8206.6  0.00464  
8211.1  0.00448  
8215.5  0.00454  
8220.0  0.00471  
8224.400000000001  0.0048  
8228.9  0.00481  
8233.300000000001  0.00494  
8237.8  0.00498  
8242.2  0.00509  
8246.699999999999  0.00525  
8251.1  0.00532  
8255.599999999999  0.00528  
8260.1  0.00541  
8264.5  0.00571  
8269.0  0.00586  
8273.4  0.00585  
8277.9  0.00601  
8282.3  0.00628  
8286.8  0.00649  
8291.3  0.0066  
8295.7  0.00654  
8300.2  0.00656  
8304.6  0.007  
8309.1  0.00746  
8313.6  0.00758  
8318.0  0.0078  
8322.5  0.00831  
8326.900000000001  0.00865  
8331.4  0.00874  
8335.9  0.00896  
8340.3  0.00935  
8344.8  0.00974  
8349.199999999999  0.01041  
8353.7  0.01124  
8358.2  0.01188  
8362.6  0.01255  
8367.1  0.01345  
8371.6  0.01441  
8376.0  0.0155  
8380.5  0.01693  
8385.0  0.01848  
8389.400000000001  0.02006  
8393.9  0.02216  
8398.300000000001  0.02473  
8402.8  0.02738  
8407.3  0.03037  
8411.699999999999  0.03387  
8416.2  0.03761  
8420.7  0.04184  
8425.1  0.04719  
8429.6  0.0533  
8434.1  0.05974  
8438.5  0.0672  
8443.0  0.07585  
8447.5  0.0852  
8451.900000000001  0.09563  
8456.4  0.10721  
8460.9  0.11995  
8465.4  0.13413  
8469.8  0.15002  
8474.3  0.16751  
8478.8  0.18647  
8483.2  0.20681  
8487.7  0.22865  
8492.2  0.2523  
8496.6  0.27787  
8501.1  0.30522  
8505.599999999999  0.33426  
8510.1  0.36479  
8514.5  0.39703  
8519.0  0.43151  
8523.5  0.46711  
8527.9  0.50381  
8532.4  0.54052  
8536.900000000001  0.57663  
8541.4  0.61387  
8545.800000000001  0.65132  
8550.3  0.68789  
8554.8  0.72339  
8559.3  0.75713  
8563.7  0.7899  
8568.2  0.82147  
8572.7  0.85061  
8577.2  0.87568  
8581.6  0.89745  
8586.1  0.91639  
8590.599999999999  0.93319  
8595.1  0.94834  
8599.5  0.96108  
8604.0  0.96965  
8608.5  0.97543  
8613.0  0.9805  
8617.5  0.98433  
8621.900000000001  0.98768  
8626.4  0.9896  
8630.9  0.99027  
8635.4  0.99077  
8639.8  0.99136  
8644.3  0.99128  
8648.8  0.99101  
8653.300000000001  0.99096  
8657.8  0.99203  
8662.2  0.99306  
8666.699999999999  0.993  
8671.2  0.99282  
8675.7  0.9923  
8680.2  0.99209  
8684.6  0.99259  
8689.1  0.99311  
8693.6  0.99321  
8698.099999999999  0.99332  
8702.6  0.99305  
8707.1  0.99305  
8711.5  0.99361  
8716.0  0.99395  
8720.5  0.99376  
8725.0  0.99347  
8729.5  0.99335  
8734.0  0.99356  
8738.4  0.99397  
8742.9  0.99411  
8747.4  0.99372  
8751.900000000001  0.99331  
8756.4  0.99329  
8760.9  0.99324  
8765.4  0.99306  
8769.8  0.99283  
8774.3  0.99265  
8778.8  0.99209  
8783.300000000001  0.99215  
8787.8  0.9933  
8792.3  0.99306  
8796.8  0.99194  
8801.3  0.99218  
8805.7  0.99309  
8810.2  0.99203  
8814.7  0.99105  
8819.199999999999  0.99118  
8823.7  0.99236  
8828.2  0.99297  
8832.7  0.99243  
8837.2  0.99201  
8841.699999999999  0.99135  
8846.1  0.99058  
8850.599999999999  0.99068  
8855.1  0.99137  
8859.6  0.99153  
8864.1  0.99151  
8868.6  0.99175  
8873.099999999999  0.99262  
8877.6  0.99277  
8882.1  0.99235  
8886.6  0.99209  
8891.1  0.99146  
8895.5  0.99135  
8900.0  0.99136  
8904.5  0.99136  
8909.0  0.9917  
8913.5  0.99098  
8918.0  0.98987  
8922.5  0.99039  
8927.0  0.99169  
8931.5  0.99167  
8936.0  0.99077  
8940.5  0.99046  
8945.0  0.99095  
8949.5  0.99091  
8954.0  0.99068  
8958.5  0.99055  
8963.0  0.99011  
8967.5  0.99  
8972.0  0.9912  
8976.5  0.9916  
8981.0  0.99062  
8985.4  0.99052  
8989.9  0.99118  
8994.400000000001  0.99156  
8998.9  0.99133  
9003.4  0.99036  
9007.9  0.99044  
9012.4  0.99096  
9016.900000000001  0.99108  
9021.4  0.99226  
9025.9  0.99232  
9030.4  0.99199  
9034.9  0.99282  
9039.400000000001  0.99338  
9043.9  0.99237  
9048.4  0.99197  
9052.9  0.99258  
9057.4  0.99307  
9061.900000000001  0.99305  
9066.4  0.99286  
9070.9  0.99223  
9075.4  0.9916  
9079.9  0.99221  
9084.400000000001  0.99276  
9088.9  0.99246  
9093.4  0.99173  
9098.0  0.99094  
9102.5  0.99081  
9107.0  0.99134  
9111.5  0.99137  
9116.0  0.99044  
9120.5  0.98995  
9125.0  0.99002  
9129.5  0.99034  
9134.0  0.99003  
9138.5  0.98882  
9143.0  0.98812  
9147.5  0.98793  
9152.0  0.98732  
9156.5  0.98683  
9161.0  0.98655  
9165.5  0.98542  
9170.0  0.98412  
9174.5  0.98332  
9179.0  0.98154  
9183.5  0.97936  
9188.099999999999  0.97811  
9192.6  0.97668  
9197.1  0.97413  
9201.6  0.97122  
9206.1  0.96789  
9210.599999999999  0.96347  
9215.1  0.95919  
9219.6  0.95451  
9224.1  0.94849  
9228.6  0.94135  
9233.099999999999  0.93453  
9237.6  0.9267  
9242.2  0.91661  
9246.699999999999  0.90563  
9251.2  0.89499  
9255.7  0.88206  
9260.2  0.86642  
9264.7  0.8505  
9269.199999999999  0.83363  
9273.7  0.81399  
9278.2  0.79297  
9282.7  0.77058  
9287.3  0.74522  
9291.8  0.71825  
9296.3  0.69062  
9300.800000000001  0.66082  
9305.3  0.62921  
9309.8  0.5958  
9314.3  0.56086  
9318.8  0.5274  
9323.4  0.49385  
9327.9  0.45816  
9332.4  0.42294  
9336.900000000001  0.38872  
9341.4  0.35509  
9345.9  0.32317  
9350.4  0.2925  
9355.0  0.26361  
9359.5  0.2378  
9364.0  0.21421  
9368.5  0.19215  
9373.0  0.17179  
9377.5  0.15371  
9382.0  0.13775  
9386.6  0.12289  
9391.1  0.10997  
9395.599999999999  0.09949  
9400.1  0.08989  
9404.6  0.07971  
9409.1  0.07104  
9413.7  0.06389  
9418.2  0.05683  
9422.7  0.05113  
9427.2  0.04635  
9431.699999999999  0.04188  
9436.2  0.03823  
9440.800000000001  0.03383  
9445.3  0.02975  
9449.8  0.02631  
9454.3  0.02391  
9458.8  0.02274  
9463.4  0.02049  
9467.9  0.01882  
9472.4  0.01678  
9476.900000000001  0.01371  
9481.4  0.01203  
9485.9  0.01152  
9490.5  0.0105  
9495.0  0.00992  
9499.5  0.00963  
9504.0  0.0082  
9508.6  0.00662  
9513.099999999999  0.0066  
9517.6  0.00623  
9522.1  0.00551  
9526.6  0.00573  
9531.2  0.00538  
9535.7  0.00395  
9540.2  0.00327  
9544.7  0.0039  
9549.199999999999  0.00382  
9553.8  0.0037  
9558.300000000001  0.00356  
9562.8  0.00334  
9567.3  0.00242  
9571.900000000001  0.00199  
9576.4  0.00233  
9580.9  0.00249  
9585.4  0.00251  
9590.0  0.00192  
9594.5  0.00125  
9599.0  0.00081  

