@MEASUREMENT_RADIUS 10.0 cm
#lambda:
#tr:
#end
8002.1  0.00425  
8006.5  0.00406  
8010.900000000001  0.00396  
8015.4  0.00401  
8019.8  0.00404  
8024.299999999999  0.00405  
8028.7  0.00415  
8033.099999999999  0.00425  
8037.6  0.00421  
8042.0  0.00404  
8046.5  0.00401  
8050.900000000001  0.00418  
8055.4  0.00435  
8059.8  0.00431  
8064.2  0.00399  
8068.7  0.00385  
8073.099999999999  0.00389  
8077.6  0.00392  
8082.0  0.00396  
8086.5  0.00405  
8090.900000000001  0.00426  
8095.4  0.00429  
8099.8  0.00409  
8104.299999999999  0.00398  
8108.7  0.00405  
8113.099999999999  0.00427  
8117.6  0.00425  
8122.0  0.00398  
8126.5  0.00402  
8130.900000000001  0.00412  
8135.4  0.00406  
8139.8  0.0042  
8144.299999999999  0.00442  
8148.7  0.00449  
8153.200000000001  0.00447  
8157.6  0.00444  
8162.1  0.00453  
8166.5  0.00441  
8171.0  0.00431  
8175.4  0.00448  
8179.9  0.00456  
8184.299999999999  0.00452  
8188.8  0.00463  
8193.2  0.00473  
8197.7  0.0047  
8202.2  0.00461  
8206.6  0.00475  
8211.1  0.0049  
8215.5  0.00473  
8220.0  0.00456  
8224.400000000001  0.00464  
8228.9  0.00486  
8233.300000000001  0.00506  
8237.8  0.00525  
8242.2  0.00525  
8246.699999999999  0.00514  
8251.1  0.0051  
8255.599999999999  0.00525  
8260.1  0.00558  
8264.5  0.00582  
8269.0  0.00581  
8273.4  0.00589  
8277.9  0.00612  
8282.3  0.00605  
8286.8  0.00608  
8291.3  0.0062  
8295.7  0.00642  
8300.2  0.00695  
8304.6  0.00732  
8309.1  0.00756  
8313.6  0.00777  
8318.0  0.00799  
8322.5  0.00815  
8326.900000000001  0.00841  
8331.4  0.0088  
8335.9  0.00923  
8340.3  0.00958  
8344.8  0.00996  
8349.199999999999  0.01056  
8353.7  0.01117  
8358.2  0.01189  
8362.6  0.01257  
8367.1  0.01326  
8371.6  0.01432  
8376.0  0.01567  
8380.5  0.01728  
8385.0  0.01872  
8389.400000000001  0.02001  
8393.9  0.02191  
8398.300000000001  0.02449  
8402.8  0.02718  
8407.3  0.03003  
8411.699999999999  0.03346  
8416.2  0.03734  
8420.7  0.04157  
8425.1  0.04676  
8429.6  0.05283  
8434.1  0.05932  
8438.5  0.0668  
8443.0  0.07537  
8447.5  0.08481  
8451.900000000001  0.09544  
8456.4  0.10694  
8460.9  0.1196  
8465.4  0.13419  
8469.8  0.14998  
8474.3  0.1668  
8478.8  0.18546  
8483.2  0.20571  
8487.7  0.22779  
8492.2  0.25166  
8496.6  0.27735  
8501.1  0.30501  
8505.599999999999  0.33391  
8510.1  0.3642  
8514.5  0.39635  
8519.0  0.43031  
8523.5  0.46579  
8527.9  0.5022  
8532.4  0.5388  
8536.900000000001  0.57569  
8541.4  0.61291  
8545.800000000001  0.64996  
8550.3  0.68644  
8554.8  0.7218  
8559.3  0.75602  
8563.7  0.78951  
8568.2  0.82049  
8572.7  0.84823  
8577.2  0.87301  
8581.6  0.89568  
8586.1  0.91543  
8590.599999999999  0.9328  
8595.1  0.94783  
8599.5  0.96029  
8604.0  0.96939  
8608.5  0.97525  
8613.0  0.98054  
8617.5  0.98571  
8621.900000000001  0.98936  
8626.4  0.99074  
8630.9  0.99076  
8635.4  0.99127  
8639.8  0.99189  
8644.3  0.99161  
8648.8  0.9919  
8653.300000000001  0.99167  
8657.8  0.99144  
8662.2  0.99239  
8666.699999999999  0.99304  
8671.2  0.99278  
8675.7  0.99234  
8680.2  0.99236  
8684.6  0.99218  
8689.1  0.9928  
8693.6  0.99419  
8698.099999999999  0.99437  
8702.6  0.99312  
8707.1  0.99255  
8711.5  0.9935  
8716.0  0.99418  
8720.5  0.99347  
8725.0  0.99325  
8729.5  0.9939  
8734.0  0.99435  
8738.4  0.99389  
8742.9  0.99332  
8747.4  0.99248  
8751.900000000001  0.99231  
8756.4  0.99338  
8760.9  0.9936  
8765.4  0.99336  
8769.8  0.99283  
8774.3  0.99223  
8778.8  0.99179  
8783.300000000001  0.99237  
8787.8  0.99308  
8792.3  0.99245  
8796.8  0.99221  
8801.3  0.99194  
8805.7  0.99187  
8810.2  0.99139  
8814.7  0.99113  
8819.199999999999  0.99136  
8823.7  0.9917  
8828.2  0.99173  
8832.7  0.992  
8837.2  0.99224  
8841.699999999999  0.99139  
8846.1  0.99069  
8850.599999999999  0.99093  
8855.1  0.99172  
8859.6  0.99153  
8864.1  0.99154  
8868.6  0.9916  
8873.099999999999  0.9913  
8877.6  0.99186  
8882.1  0.99239  
8886.6  0.99245  
8891.1  0.99263  
8895.5  0.99215  
8900.0  0.99108  
8904.5  0.99049  
8909.0  0.99077  
8913.5  0.99156  
8918.0  0.99178  
8922.5  0.99134  
8927.0  0.99154  
8931.5  0.99124  
8936.0  0.99025  
8940.5  0.98962  
8945.0  0.98988  
8949.5  0.99038  
8954.0  0.99059  
8958.5  0.99121  
8963.0  0.9913  
8967.5  0.99019  
8972.0  0.99033  
8976.5  0.99035  
8981.0  0.99018  
8985.4  0.99049  
8989.9  0.99043  
8994.400000000001  0.99036  
8998.9  0.99082  
9003.4  0.99075  
9007.9  0.99061  
9012.4  0.9913  
9016.900000000001  0.99235  
9021.4  0.99351  
9025.9  0.99333  
9030.4  0.99246  
9034.9  0.99196  
9039.400000000001  0.99213  
9043.9  0.99231  
9048.4  0.99307  
9052.9  0.99358  
9057.4  0.99324  
9061.900000000001  0.99235  
9066.4  0.99227  
9070.9  0.99282  
9075.4  0.9932  
9079.9  0.99349  
9084.400000000001  0.99303  
9088.9  0.99214  
9093.4  0.9915  
9098.0  0.99129  
9102.5  0.99105  
9107.0  0.99103  
9111.5  0.99188  
9116.0  0.99175  
9120.5  0.99004  
9125.0  0.98916  
9129.5  0.9903  
9134.0  0.99078  
9138.5  0.98993  
9143.0  0.98898  
9147.5  0.9883  
9152.0  0.98756  
9156.5  0.9872  
9161.0  0.98712  
9165.5  0.98679  
9170.0  0.98508  
9174.5  0.98273  
9179.0  0.98091  
9183.5  0.97995  
9188.099999999999  0.97843  
9192.6  0.97529  
9197.1  0.9723  
9201.6  0.96994  
9206.1  0.9665  
9210.599999999999  0.96163  
9215.1  0.95703  
9219.6  0.95191  
9224.1  0.9462  
9228.6  0.94021  
9233.099999999999  0.93362  
9237.6  0.9253  
9242.2  0.91452  
9246.699999999999  0.90223  
9251.2  0.89054  
9255.7  0.87866  
9260.2  0.86424  
9264.7  0.84812  
9269.199999999999  0.83007  
9273.7  0.8094  
9278.2  0.78831  
9282.7  0.76632  
9287.3  0.74151  
9291.8  0.7143  
9296.3  0.68529  
9300.800000000001  0.65453  
9305.3  0.62235  
9309.8  0.58976  
9314.3  0.55623  
9318.8  0.52187  
9323.4  0.48672  
9327.9  0.45163  
9332.4  0.41716  
9336.900000000001  0.38247  
9341.4  0.34845  
9345.9  0.31711  
9350.4  0.28777  
9355.0  0.26007  
9359.5  0.23402  
9364.0  0.20949  
9368.5  0.18712  
9373.0  0.16756  
9377.5  0.14997  
9382.0  0.13362  
9386.6  0.11973  
9391.1  0.1081  
9395.599999999999  0.09718  
9400.1  0.08678  
9404.6  0.07719  
9409.1  0.07001  
9413.7  0.06412  
9418.2  0.05702  
9422.7  0.0498  
9427.2  0.04407  
9431.699999999999  0.04027  
9436.2  0.03665  
9440.800000000001  0.03251  
9445.3  0.02942  
9449.8  0.02708  
9454.3  0.02396  
9458.8  0.02086  
9463.4  0.01844  
9467.9  0.01644  
9472.4  0.01529  
9476.900000000001  0.01376  
9481.4  0.0122  
9485.9  0.01114  
9490.5  0.00972  
9495.0  0.0092  
9499.5  0.00828  
9504.0  0.00703  
9508.6  0.0064  
9513.099999999999  0.00606  
9517.6  0.00537  
9522.1  0.00449  
9526.6  0.00401  
9531.2  0.00392  
9535.7  0.00344  
9540.2  0.00274  
9544.7  0.00315  
9549.199999999999  0.00323  
9553.8  0.00282  
9558.300000000001  0.00325  
9562.8  0.00326  
9567.3  0.00186  
9571.900000000001  0.00154  
9576.4  0.00167  
9580.9  0.00115  
9585.4  0.00253  
9590.0  0.00285  
9594.5  0.00221  
9599.0  0.00151  

