@MEASUREMENT_RADIUS 11.0 cm
#lambda:
#tr:
#end
8002.1  0.00371  
8006.5  0.00386  
8010.900000000001  0.00399  
8015.4  0.00416  
8019.8  0.00431  
8024.299999999999  0.00436  
8028.7  0.00423  
8033.099999999999  0.00415  
8037.6  0.00428  
8042.0  0.00432  
8046.5  0.00412  
8050.900000000001  0.00415  
8055.4  0.00443  
8059.8  0.00448  
8064.2  0.00436  
8068.7  0.00418  
8073.099999999999  0.00404  
8077.6  0.00406  
8082.0  0.00409  
8086.5  0.00413  
8090.900000000001  0.00425  
8095.4  0.00441  
8099.8  0.00451  
8104.299999999999  0.00424  
8108.7  0.00399  
8113.099999999999  0.0042  
8117.6  0.00431  
8122.0  0.00412  
8126.5  0.004  
8130.900000000001  0.0041  
8135.4  0.0043  
8139.8  0.00429  
8144.299999999999  0.00419  
8148.7  0.00425  
8153.200000000001  0.00437  
8157.6  0.00431  
8162.1  0.00424  
8166.5  0.00433  
8171.0  0.00445  
8175.4  0.00443  
8179.9  0.00446  
8184.299999999999  0.00449  
8188.8  0.00449  
8193.2  0.00449  
8197.7  0.00454  
8202.2  0.00462  
8206.6  0.00454  
8211.1  0.00451  
8215.5  0.00466  
8220.0  0.00477  
8224.400000000001  0.00494  
8228.9  0.00481  
8233.300000000001  0.00478  
8237.8  0.00501  
8242.2  0.00499  
8246.699999999999  0.00511  
8251.1  0.00538  
8255.599999999999  0.00552  
8260.1  0.00561  
8264.5  0.00567  
8269.0  0.00564  
8273.4  0.00564  
8277.9  0.0058  
8282.3  0.00609  
8286.8  0.00645  
8291.3  0.00675  
8295.7  0.00703  
8300.2  0.00708  
8304.6  0.00698  
8309.1  0.00709  
8313.6  0.00758  
8318.0  0.00812  
8322.5  0.00837  
8326.900000000001  0.00861  
8331.4  0.00901  
8335.9  0.00924  
8340.3  0.00948  
8344.8  0.01002  
8349.199999999999  0.01061  
8353.7  0.01122  
8358.2  0.01197  
8362.6  0.01277  
8367.1  0.01352  
8371.6  0.01456  
8376.0  0.01566  
8380.5  0.01687  
8385.0  0.01857  
8389.400000000001  0.02034  
8393.9  0.02222  
8398.300000000001  0.02445  
8402.8  0.02708  
8407.3  0.03005  
8411.699999999999  0.03348  
8416.2  0.03733  
8420.7  0.04191  
8425.1  0.0472  
8429.6  0.05318  
8434.1  0.05965  
8438.5  0.06699  
8443.0  0.07552  
8447.5  0.0851  
8451.900000000001  0.09573  
8456.4  0.10731  
8460.9  0.12037  
8465.4  0.13469  
8469.8  0.15027  
8474.3  0.16757  
8478.8  0.18643  
8483.2  0.2073  
8487.7  0.22973  
8492.2  0.25306  
8496.6  0.27852  
8501.1  0.3063  
8505.599999999999  0.33526  
8510.1  0.3656  
8514.5  0.39803  
8519.0  0.43188  
8523.5  0.46704  
8527.9  0.50356  
8532.4  0.54023  
8536.900000000001  0.57721  
8541.4  0.61501  
8545.800000000001  0.65224  
8550.3  0.6883  
8554.8  0.72347  
8559.3  0.75727  
8563.7  0.79009  
8568.2  0.82087  
8572.7  0.84897  
8577.2  0.87408  
8581.6  0.89632  
8586.1  0.91577  
8590.599999999999  0.9332  
8595.1  0.94809  
8599.5  0.96057  
8604.0  0.96967  
8608.5  0.97539  
8613.0  0.98083  
8617.5  0.98543  
8621.900000000001  0.98868  
8626.4  0.98958  
8630.9  0.98964  
8635.4  0.99086  
8639.8  0.99218  
8644.3  0.99195  
8648.8  0.99136  
8653.300000000001  0.99169  
8657.8  0.99249  
8662.2  0.99259  
8666.699999999999  0.99224  
8671.2  0.9921  
8675.7  0.99263  
8680.2  0.99361  
8684.6  0.99316  
8689.1  0.99241  
8693.6  0.99297  
8698.099999999999  0.99371  
8702.6  0.99358  
8707.1  0.99357  
8711.5  0.99402  
8716.0  0.99392  
8720.5  0.99331  
8725.0  0.99306  
8729.5  0.99271  
8734.0  0.99278  
8738.4  0.9931  
8742.9  0.99318  
8747.4  0.99311  
8751.900000000001  0.99317  
8756.4  0.99285  
8760.9  0.99206  
8765.4  0.99248  
8769.8  0.99326  
8774.3  0.99302  
8778.8  0.992  
8783.300000000001  0.99223  
8787.8  0.99346  
8792.3  0.99301  
8796.8  0.99275  
8801.3  0.99298  
8805.7  0.99255  
8810.2  0.99161  
8814.7  0.99109  
8819.199999999999  0.99091  
8823.7  0.99188  
8828.2  0.99245  
8832.7  0.99263  
8837.2  0.993  
8841.699999999999  0.99201  
8846.1  0.99083  
8850.599999999999  0.99102  
8855.1  0.99126  
8859.6  0.99055  
8864.1  0.99099  
8868.6  0.99149  
8873.099999999999  0.99143  
8877.6  0.9917  
8882.1  0.99171  
8886.6  0.99189  
8891.1  0.99213  
8895.5  0.99162  
8900.0  0.99095  
8904.5  0.99082  
8909.0  0.99074  
8913.5  0.99137  
8918.0  0.99208  
8922.5  0.99154  
8927.0  0.99139  
8931.5  0.99104  
8936.0  0.99035  
8940.5  0.98986  
8945.0  0.99062  
8949.5  0.99128  
8954.0  0.99068  
8958.5  0.99051  
8963.0  0.99043  
8967.5  0.98983  
8972.0  0.99043  
8976.5  0.99159  
8981.0  0.99102  
8985.4  0.99018  
8989.9  0.99004  
8994.400000000001  0.99053  
8998.9  0.99151  
9003.4  0.99148  
9007.9  0.99122  
9012.4  0.99108  
9016.900000000001  0.99094  
9021.4  0.99197  
9025.9  0.99315  
9030.4  0.99378  
9034.9  0.99335  
9039.400000000001  0.99289  
9043.9  0.99307  
9048.4  0.99326  
9052.9  0.99243  
9057.4  0.99183  
9061.900000000001  0.99237  
9066.4  0.99334  
9070.9  0.99349  
9075.4  0.99323  
9079.9  0.99283  
9084.400000000001  0.99211  
9088.9  0.99189  
9093.4  0.9916  
9098.0  0.99097  
9102.5  0.99148  
9107.0  0.99291  
9111.5  0.99279  
9116.0  0.99117  
9120.5  0.99027  
9125.0  0.98986  
9129.5  0.99008  
9134.0  0.98985  
9138.5  0.98842  
9143.0  0.98857  
9147.5  0.98912  
9152.0  0.98753  
9156.5  0.98604  
9161.0  0.98537  
9165.5  0.98434  
9170.0  0.98357  
9174.5  0.98245  
9179.0  0.98017  
9183.5  0.97889  
9188.099999999999  0.97781  
9192.6  0.97483  
9197.1  0.97198  
9201.6  0.96941  
9206.1  0.96536  
9210.599999999999  0.96049  
9215.1  0.95616  
9219.6  0.95036  
9224.1  0.94386  
9228.6  0.93771  
9233.099999999999  0.93052  
9237.6  0.92098  
9242.2  0.91076  
9246.699999999999  0.89992  
9251.2  0.88819  
9255.7  0.87458  
9260.2  0.85899  
9264.7  0.84258  
9269.199999999999  0.82394  
9273.7  0.80394  
9278.2  0.78339  
9282.7  0.75952  
9287.3  0.73197  
9291.8  0.70359  
9296.3  0.67545  
9300.800000000001  0.64549  
9305.3  0.61346  
9309.8  0.58028  
9314.3  0.54599  
9318.8  0.51175  
9323.4  0.4768  
9327.9  0.4414  
9332.4  0.40671  
9336.900000000001  0.37247  
9341.4  0.33979  
9345.9  0.30877  
9350.4  0.27899  
9355.0  0.25116  
9359.5  0.2259  
9364.0  0.20305  
9368.5  0.18182  
9373.0  0.16236  
9377.5  0.1449  
9382.0  0.12934  
9386.6  0.11589  
9391.1  0.10388  
9395.599999999999  0.09252  
9400.1  0.08286  
9404.6  0.07516  
9409.1  0.0679  
9413.7  0.06107  
9418.2  0.05424  
9422.7  0.04801  
9427.2  0.04387  
9431.699999999999  0.03969  
9436.2  0.03602  
9440.800000000001  0.03225  
9445.3  0.02822  
9449.8  0.02452  
9454.3  0.0223  
9458.8  0.02071  
9463.4  0.01912  
9467.9  0.01712  
9472.4  0.01489  
9476.900000000001  0.01296  
9481.4  0.01138  
9485.9  0.01141  
9490.5  0.01103  
9495.0  0.00915  
9499.5  0.00748  
9504.0  0.00755  
9508.6  0.00703  
9513.099999999999  0.0053  
9517.6  0.00399  
9522.1  0.00474  
9526.6  0.00556  
9531.2  0.00533  
9535.7  0.00415  
9540.2  0.00296  
9544.7  0.00304  
9549.199999999999  0.00309  
9553.8  0.0033  
9558.300000000001  0.00241  
9562.8  0.00238  
9567.3  0.0033  
9571.900000000001  0.00345  
9576.4  0.00233  
9580.9  0.0011  
9585.4  0.00145  
9590.0  0.00187  
9594.5  0.00148  
9599.0  0.00151  

