@MEASUREMENT_RADIUS 12.0 cm
#lambda:
#tr:
#end
8002.1  0.00393  
8006.5  0.00379  
8010.900000000001  0.00372  
8015.4  0.00391  
8019.8  0.00407  
8024.299999999999  0.00412  
8028.7  0.00417  
8033.099999999999  0.00405  
8037.6  0.00396  
8042.0  0.00405  
8046.5  0.00417  
8050.900000000001  0.00428  
8055.4  0.0043  
8059.8  0.00423  
8064.2  0.00409  
8068.7  0.00401  
8073.099999999999  0.00401  
8077.6  0.00402  
8082.0  0.00407  
8086.5  0.00404  
8090.900000000001  0.00404  
8095.4  0.00407  
8099.8  0.00403  
8104.299999999999  0.00404  
8108.7  0.00414  
8113.099999999999  0.00431  
8117.6  0.0042  
8122.0  0.00393  
8126.5  0.00397  
8130.900000000001  0.0042  
8135.4  0.00438  
8139.8  0.00455  
8144.299999999999  0.00441  
8148.7  0.00425  
8153.200000000001  0.00439  
8157.6  0.00448  
8162.1  0.00437  
8166.5  0.00421  
8171.0  0.00439  
8175.4  0.00455  
8179.9  0.00449  
8184.299999999999  0.00441  
8188.8  0.00431  
8193.2  0.00434  
8197.7  0.00453  
8202.2  0.00477  
8206.6  0.00497  
8211.1  0.00489  
8215.5  0.00475  
8220.0  0.00451  
8224.400000000001  0.00454  
8228.9  0.00488  
8233.300000000001  0.0052  
8237.8  0.00525  
8242.2  0.00512  
8246.699999999999  0.00488  
8251.1  0.00506  
8255.599999999999  0.00549  
8260.1  0.00552  
8264.5  0.00553  
8269.0  0.00577  
8273.4  0.00599  
8277.9  0.00608  
8282.3  0.00625  
8286.8  0.00641  
8291.3  0.00641  
8295.7  0.00657  
8300.2  0.00681  
8304.6  0.00712  
8309.1  0.00753  
8313.6  0.00794  
8318.0  0.00811  
8322.5  0.00816  
8326.900000000001  0.00833  
8331.4  0.00865  
8335.9  0.00911  
8340.3  0.00969  
8344.8  0.01029  
8349.199999999999  0.01077  
8353.7  0.01127  
8358.2  0.01206  
8362.6  0.01306  
8367.1  0.01393  
8371.6  0.01479  
8376.0  0.01585  
8380.5  0.01708  
8385.0  0.01846  
8389.400000000001  0.02037  
8393.9  0.02248  
8398.300000000001  0.02481  
8402.8  0.02741  
8407.3  0.03029  
8411.699999999999  0.03409  
8416.2  0.03847  
8420.7  0.04296  
8425.1  0.04787  
8429.6  0.05365  
8434.1  0.06039  
8438.5  0.06777  
8443.0  0.07627  
8447.5  0.08602  
8451.900000000001  0.09699  
8456.4  0.10887  
8460.9  0.12156  
8465.4  0.13587  
8469.8  0.15194  
8474.3  0.16959  
8478.8  0.18871  
8483.2  0.20971  
8487.7  0.23215  
8492.2  0.25579  
8496.6  0.28133  
8501.1  0.3086  
8505.599999999999  0.33783  
8510.1  0.36886  
8514.5  0.40161  
8519.0  0.4357  
8523.5  0.47098  
8527.9  0.50743  
8532.4  0.54418  
8536.900000000001  0.5812  
8541.4  0.61807  
8545.800000000001  0.6542  
8550.3  0.69046  
8554.8  0.7263  
8559.3  0.76004  
8563.7  0.79218  
8568.2  0.82287  
8572.7  0.85158  
8577.2  0.87664  
8581.6  0.89831  
8586.1  0.9173  
8590.599999999999  0.93384  
8595.1  0.94767  
8599.5  0.96017  
8604.0  0.97026  
8608.5  0.9766  
8613.0  0.98145  
8617.5  0.98575  
8621.900000000001  0.98916  
8626.4  0.99032  
8630.9  0.99039  
8635.4  0.99102  
8639.8  0.9919  
8644.3  0.99258  
8648.8  0.99292  
8653.300000000001  0.99193  
8657.8  0.99149  
8662.2  0.99242  
8666.699999999999  0.99316  
8671.2  0.99257  
8675.7  0.99202  
8680.2  0.9927  
8684.6  0.99313  
8689.1  0.99339  
8693.6  0.99338  
8698.099999999999  0.99297  
8702.6  0.99242  
8707.1  0.99267  
8711.5  0.99371  
8716.0  0.99428  
8720.5  0.99376  
8725.0  0.99306  
8729.5  0.99241  
8734.0  0.99286  
8738.4  0.99375  
8742.9  0.99331  
8747.4  0.99282  
8751.900000000001  0.99284  
8756.4  0.99264  
8760.9  0.99213  
8765.4  0.99263  
8769.8  0.99303  
8774.3  0.99271  
8778.8  0.9926  
8783.300000000001  0.99243  
8787.8  0.99262  
8792.3  0.99309  
8796.8  0.99341  
8801.3  0.99265  
8805.7  0.99215  
8810.2  0.99157  
8814.7  0.99127  
8819.199999999999  0.99135  
8823.7  0.99174  
8828.2  0.99202  
8832.7  0.99233  
8837.2  0.9924  
8841.699999999999  0.99128  
8846.1  0.991  
8850.599999999999  0.99161  
8855.1  0.99176  
8859.6  0.9911  
8864.1  0.99074  
8868.6  0.9908  
8873.099999999999  0.99166  
8877.6  0.99263  
8882.1  0.99289  
8886.6  0.99289  
8891.1  0.99215  
8895.5  0.99138  
8900.0  0.99173  
8904.5  0.99228  
8909.0  0.99151  
8913.5  0.99072  
8918.0  0.99099  
8922.5  0.9912  
8927.0  0.99134  
8931.5  0.99086  
8936.0  0.99066  
8940.5  0.99073  
8945.0  0.99052  
8949.5  0.99039  
8954.0  0.9905  
8958.5  0.99062  
8963.0  0.98974  
8967.5  0.98921  
8972.0  0.99066  
8976.5  0.99118  
8981.0  0.99021  
8985.4  0.98992  
8989.9  0.99062  
8994.400000000001  0.99083  
8998.9  0.99082  
9003.4  0.99061  
9007.9  0.99067  
9012.4  0.99145  
9016.900000000001  0.99226  
9021.4  0.99317  
9025.9  0.99319  
9030.4  0.99277  
9034.9  0.99235  
9039.400000000001  0.99223  
9043.9  0.9929  
9048.4  0.9938  
9052.9  0.99321  
9057.4  0.99293  
9061.900000000001  0.99299  
9066.4  0.99353  
9070.9  0.99293  
9075.4  0.99149  
9079.9  0.99185  
9084.400000000001  0.99296  
9088.9  0.99219  
9093.4  0.99092  
9098.0  0.99088  
9102.5  0.99108  
9107.0  0.99083  
9111.5  0.99087  
9116.0  0.99082  
9120.5  0.99097  
9125.0  0.99084  
9129.5  0.99044  
9134.0  0.98972  
9138.5  0.98874  
9143.0  0.98809  
9147.5  0.98765  
9152.0  0.98688  
9156.5  0.98609  
9161.0  0.98508  
9165.5  0.98406  
9170.0  0.98371  
9174.5  0.98316  
9179.0  0.98097  
9183.5  0.97813  
9188.099999999999  0.97578  
9192.6  0.97357  
9197.1  0.97089  
9201.6  0.9673  
9206.1  0.96281  
9210.599999999999  0.95844  
9215.1  0.95474  
9219.6  0.94853  
9224.1  0.94059  
9228.6  0.93305  
9233.099999999999  0.92647  
9237.6  0.91834  
9242.2  0.90702  
9246.699999999999  0.89489  
9251.2  0.88274  
9255.7  0.86828  
9260.2  0.85233  
9264.7  0.83649  
9269.199999999999  0.81804  
9273.7  0.79611  
9278.2  0.77307  
9282.7  0.74896  
9287.3  0.72341  
9291.8  0.69569  
9296.3  0.66534  
9300.800000000001  0.63316  
9305.3  0.60036  
9309.8  0.56694  
9314.3  0.5324  
9318.8  0.49836  
9323.4  0.46401  
9327.9  0.42836  
9332.4  0.39348  
9336.900000000001  0.36016  
9341.4  0.3281  
9345.9  0.29716  
9350.4  0.26809  
9355.0  0.24163  
9359.5  0.21719  
9364.0  0.19452  
9368.5  0.17378  
9373.0  0.15582  
9377.5  0.13994  
9382.0  0.12483  
9386.6  0.11176  
9391.1  0.10061  
9395.599999999999  0.09054  
9400.1  0.0813  
9404.6  0.07247  
9409.1  0.06474  
9413.7  0.0587  
9418.2  0.0535  
9422.7  0.04829  
9427.2  0.04371  
9431.699999999999  0.03879  
9436.2  0.03372  
9440.800000000001  0.02968  
9445.3  0.0268  
9449.8  0.02482  
9454.3  0.02305  
9458.8  0.02107  
9463.4  0.01854  
9467.9  0.01589  
9472.4  0.01417  
9476.900000000001  0.01282  
9481.4  0.01148  
9485.9  0.01052  
9490.5  0.00942  
9495.0  0.00803  
9499.5  0.00665  
9504.0  0.00635  
9508.6  0.00623  
9513.099999999999  0.00539  
9517.6  0.00513  
9522.1  0.0055  
9526.6  0.00523  
9531.2  0.00362  
9535.7  0.00301  
9540.2  0.0037  
9544.7  0.00389  
9549.199999999999  0.00267  
9553.8  0.00239  
9558.300000000001  0.00267  
9562.8  0.00294  
9567.3  0.00243  
9571.900000000001  0.0024  
9576.4  0.00225  
9580.9  0.00207  
9585.4  0.00262  
9590.0  0.00199  
9594.5  0.00138  
9599.0  0.00134  

