@MEASUREMENT_RADIUS 13.0 cm
#lambda:
#tr:
#end
8002.1  0.00388  
8006.5  0.00395  
8010.900000000001  0.0041  
8015.4  0.00413  
8019.8  0.0041  
8024.299999999999  0.00405  
8028.7  0.0041  
8033.099999999999  0.00414  
8037.6  0.00395  
8042.0  0.004  
8046.5  0.00413  
8050.900000000001  0.00414  
8055.4  0.00413  
8059.8  0.00409  
8064.2  0.00398  
8068.7  0.00399  
8073.099999999999  0.00406  
8077.6  0.00402  
8082.0  0.00389  
8086.5  0.004  
8090.900000000001  0.00407  
8095.4  0.00395  
8099.8  0.00397  
8104.299999999999  0.00416  
8108.7  0.00428  
8113.099999999999  0.00434  
8117.6  0.00436  
8122.0  0.00424  
8126.5  0.00418  
8130.900000000001  0.00433  
8135.4  0.00432  
8139.8  0.00422  
8144.299999999999  0.00426  
8148.7  0.00445  
8153.200000000001  0.00461  
8157.6  0.00456  
8162.1  0.00455  
8166.5  0.0046  
8171.0  0.00442  
8175.4  0.00424  
8179.9  0.00435  
8184.299999999999  0.00442  
8188.8  0.00442  
8193.2  0.00443  
8197.7  0.00438  
8202.2  0.00433  
8206.6  0.0043  
8211.1  0.00451  
8215.5  0.00493  
8220.0  0.00501  
8224.400000000001  0.0048  
8228.9  0.00475  
8233.300000000001  0.00485  
8237.8  0.00502  
8242.2  0.00528  
8246.699999999999  0.00545  
8251.1  0.00538  
8255.599999999999  0.00538  
8260.1  0.00555  
8264.5  0.00562  
8269.0  0.00571  
8273.4  0.00601  
8277.9  0.00614  
8282.3  0.00622  
8286.8  0.00643  
8291.3  0.00664  
8295.7  0.00677  
8300.2  0.00683  
8304.6  0.00708  
8309.1  0.00749  
8313.6  0.00787  
8318.0  0.00823  
8322.5  0.00858  
8326.900000000001  0.0088  
8331.4  0.00902  
8335.9  0.00942  
8340.3  0.00981  
8344.8  0.01024  
8349.199999999999  0.01078  
8353.7  0.01144  
8358.2  0.01216  
8362.6  0.01293  
8367.1  0.0139  
8371.6  0.01487  
8376.0  0.01596  
8380.5  0.01738  
8385.0  0.01885  
8389.400000000001  0.02062  
8393.9  0.0227  
8398.300000000001  0.025  
8402.8  0.02749  
8407.3  0.03031  
8411.699999999999  0.03382  
8416.2  0.03805  
8420.7  0.0427  
8425.1  0.04793  
8429.6  0.05419  
8434.1  0.06113  
8438.5  0.06868  
8443.0  0.07736  
8447.5  0.08706  
8451.900000000001  0.09762  
8456.4  0.10966  
8460.9  0.12319  
8465.4  0.13809  
8469.8  0.15433  
8474.3  0.17165  
8478.8  0.19062  
8483.2  0.21165  
8487.7  0.23441  
8492.2  0.25881  
8496.6  0.28507  
8501.1  0.31317  
8505.599999999999  0.34237  
8510.1  0.37294  
8514.5  0.4056  
8519.0  0.44019  
8523.5  0.4753  
8527.9  0.51106  
8532.4  0.54775  
8536.900000000001  0.58486  
8541.4  0.62232  
8545.800000000001  0.65873  
8550.3  0.6944  
8554.8  0.73009  
8559.3  0.76386  
8563.7  0.79502  
8568.2  0.82469  
8572.7  0.85351  
8577.2  0.87936  
8581.6  0.90084  
8586.1  0.91886  
8590.599999999999  0.93517  
8595.1  0.94948  
8599.5  0.96169  
8604.0  0.97076  
8608.5  0.97693  
8613.0  0.98155  
8617.5  0.98527  
8621.900000000001  0.98928  
8626.4  0.99143  
8630.9  0.99087  
8635.4  0.99039  
8639.8  0.99089  
8644.3  0.99174  
8648.8  0.99283  
8653.300000000001  0.99257  
8657.8  0.99234  
8662.2  0.99302  
8666.699999999999  0.99314  
8671.2  0.99239  
8675.7  0.99227  
8680.2  0.99314  
8684.6  0.99284  
8689.1  0.9928  
8693.6  0.99355  
8698.099999999999  0.9937  
8702.6  0.99248  
8707.1  0.99207  
8711.5  0.99379  
8716.0  0.99457  
8720.5  0.99333  
8725.0  0.99266  
8729.5  0.99251  
8734.0  0.99283  
8738.4  0.99322  
8742.9  0.99312  
8747.4  0.99289  
8751.900000000001  0.99256  
8756.4  0.9923  
8760.9  0.99213  
8765.4  0.99304  
8769.8  0.99303  
8774.3  0.99238  
8778.8  0.99268  
8783.300000000001  0.99285  
8787.8  0.99296  
8792.3  0.99245  
8796.8  0.99251  
8801.3  0.9924  
8805.7  0.99138  
8810.2  0.9912  
8814.7  0.99242  
8819.199999999999  0.99271  
8823.7  0.9926  
8828.2  0.99193  
8832.7  0.99163  
8837.2  0.99213  
8841.699999999999  0.99139  
8846.1  0.99018  
8850.599999999999  0.99045  
8855.1  0.99138  
8859.6  0.9914  
8864.1  0.99212  
8868.6  0.99216  
8873.099999999999  0.99157  
8877.6  0.99177  
8882.1  0.99216  
8886.6  0.99226  
8891.1  0.99189  
8895.5  0.99106  
8900.0  0.99051  
8904.5  0.99115  
8909.0  0.99211  
8913.5  0.99187  
8918.0  0.99091  
8922.5  0.99098  
8927.0  0.99183  
8931.5  0.99127  
8936.0  0.99099  
8940.5  0.99136  
8945.0  0.99079  
8949.5  0.99016  
8954.0  0.99016  
8958.5  0.99012  
8963.0  0.99023  
8967.5  0.98993  
8972.0  0.99014  
8976.5  0.9902  
8981.0  0.98995  
8985.4  0.99028  
8989.9  0.99048  
8994.400000000001  0.9903  
8998.9  0.99093  
9003.4  0.99165  
9007.9  0.99166  
9012.4  0.99181  
9016.900000000001  0.99244  
9021.4  0.99295  
9025.9  0.99205  
9030.4  0.9914  
9034.9  0.99243  
9039.400000000001  0.99343  
9043.9  0.99295  
9048.4  0.9934  
9052.9  0.99419  
9057.4  0.99301  
9061.900000000001  0.99172  
9066.4  0.99254  
9070.9  0.99295  
9075.4  0.99205  
9079.9  0.99197  
9084.400000000001  0.99275  
9088.9  0.99265  
9093.4  0.99174  
9098.0  0.99102  
9102.5  0.99142  
9107.0  0.99174  
9111.5  0.99137  
9116.0  0.99035  
9120.5  0.9897  
9125.0  0.98977  
9129.5  0.98977  
9134.0  0.98916  
9138.5  0.98863  
9143.0  0.98801  
9147.5  0.98708  
9152.0  0.98659  
9156.5  0.98616  
9161.0  0.98513  
9165.5  0.98435  
9170.0  0.98332  
9174.5  0.98187  
9179.0  0.97907  
9183.5  0.97618  
9188.099999999999  0.97445  
9192.6  0.97258  
9197.1  0.96968  
9201.6  0.96595  
9206.1  0.96151  
9210.599999999999  0.95635  
9215.1  0.95155  
9219.6  0.94523  
9224.1  0.93809  
9228.6  0.93146  
9233.099999999999  0.92464  
9237.6  0.9145  
9242.2  0.90187  
9246.699999999999  0.88971  
9251.2  0.87711  
9255.7  0.86221  
9260.2  0.84642  
9264.7  0.82976  
9269.199999999999  0.80995  
9273.7  0.78712  
9278.2  0.76368  
9282.7  0.73971  
9287.3  0.71294  
9291.8  0.68436  
9296.3  0.65409  
9300.800000000001  0.62125  
9305.3  0.58811  
9309.8  0.55554  
9314.3  0.52067  
9318.8  0.48531  
9323.4  0.45049  
9327.9  0.41581  
9332.4  0.38186  
9336.900000000001  0.34818  
9341.4  0.31575  
9345.9  0.28605  
9350.4  0.25862  
9355.0  0.23309  
9359.5  0.20883  
9364.0  0.18658  
9368.5  0.16701  
9373.0  0.14969  
9377.5  0.13417  
9382.0  0.11963  
9386.6  0.1069  
9391.1  0.09603  
9395.599999999999  0.08649  
9400.1  0.07786  
9404.6  0.06968  
9409.1  0.06268  
9413.7  0.05619  
9418.2  0.04984  
9422.7  0.04535  
9427.2  0.04137  
9431.699999999999  0.03616  
9436.2  0.03192  
9440.800000000001  0.02907  
9445.3  0.02597  
9449.8  0.02356  
9454.3  0.02154  
9458.8  0.01941  
9463.4  0.01661  
9467.9  0.01424  
9472.4  0.01347  
9476.900000000001  0.01237  
9481.4  0.01005  
9485.9  0.00904  
9490.5  0.00922  
9495.0  0.00809  
9499.5  0.00609  
9504.0  0.00583  
9508.6  0.00546  
9513.099999999999  0.00545  
9517.6  0.00556  
9522.1  0.00546  
9526.6  0.00472  
9531.2  0.00398  
9535.7  0.0035  
9540.2  0.00349  
9544.7  0.00425  
9549.199999999999  0.00465  
9553.8  0.00381  
9558.300000000001  0.00245  
9562.8  0.00227  
9567.3  0.00274  
9571.900000000001  0.00265  
9576.4  0.00223  
9580.9  0.00191  
9585.4  0.00152  
9590.0  0.00165  
9594.5  0.00149  
9599.0  0.00247  

