@MEASUREMENT_RADIUS 14.0 cm
#lambda:
#tr:
#end
8002.1  0.00407  
8006.5  0.00427  
8010.900000000001  0.00426  
8015.4  0.0041  
8019.8  0.00406  
8024.299999999999  0.00412  
8028.7  0.00417  
8033.099999999999  0.00416  
8037.6  0.00418  
8042.0  0.00425  
8046.5  0.00421  
8050.900000000001  0.00417  
8055.4  0.00431  
8059.8  0.00433  
8064.2  0.00417  
8068.7  0.00413  
8073.099999999999  0.00413  
8077.6  0.00428  
8082.0  0.00415  
8086.5  0.00387  
8090.900000000001  0.00405  
8095.4  0.00431  
8099.8  0.00426  
8104.299999999999  0.00407  
8108.7  0.00405  
8113.099999999999  0.00397  
8117.6  0.00395  
8122.0  0.00412  
8126.5  0.00406  
8130.900000000001  0.00389  
8135.4  0.00402  
8139.8  0.00428  
8144.299999999999  0.00425  
8148.7  0.00417  
8153.200000000001  0.00427  
8157.6  0.00446  
8162.1  0.00441  
8166.5  0.00442  
8171.0  0.00462  
8175.4  0.00451  
8179.9  0.00441  
8184.299999999999  0.00456  
8188.8  0.00453  
8193.2  0.00448  
8197.7  0.00457  
8202.2  0.00472  
8206.6  0.00472  
8211.1  0.00466  
8215.5  0.00469  
8220.0  0.00464  
8224.400000000001  0.00475  
8228.9  0.00509  
8233.300000000001  0.00513  
8237.8  0.0049  
8242.2  0.00487  
8246.699999999999  0.00511  
8251.1  0.00538  
8255.599999999999  0.00564  
8260.1  0.00574  
8264.5  0.00561  
8269.0  0.00548  
8273.4  0.00554  
8277.9  0.00596  
8282.3  0.00614  
8286.8  0.00615  
8291.3  0.0064  
8295.7  0.00673  
8300.2  0.007  
8304.6  0.00705  
8309.1  0.00702  
8313.6  0.00744  
8318.0  0.00815  
8322.5  0.00846  
8326.900000000001  0.00857  
8331.4  0.00889  
8335.9  0.00935  
8340.3  0.0097  
8344.8  0.01029  
8349.199999999999  0.01089  
8353.7  0.01154  
8358.2  0.01229  
8362.6  0.01302  
8367.1  0.01406  
8371.6  0.01516  
8376.0  0.01606  
8380.5  0.01732  
8385.0  0.01891  
8389.400000000001  0.02067  
8393.9  0.02274  
8398.300000000001  0.02509  
8402.8  0.02774  
8407.3  0.03084  
8411.699999999999  0.03463  
8416.2  0.03882  
8420.7  0.04339  
8425.1  0.04871  
8429.6  0.05485  
8434.1  0.06178  
8438.5  0.06953  
8443.0  0.07795  
8447.5  0.08762  
8451.900000000001  0.0988  
8456.4  0.11092  
8460.9  0.1244  
8465.4  0.1394  
8469.8  0.15577  
8474.3  0.17351  
8478.8  0.19272  
8483.2  0.21374  
8487.7  0.23665  
8492.2  0.26102  
8496.6  0.28709  
8501.1  0.31511  
8505.599999999999  0.34466  
8510.1  0.37575  
8514.5  0.4082  
8519.0  0.44224  
8523.5  0.47821  
8527.9  0.51485  
8532.4  0.55116  
8536.900000000001  0.58812  
8541.4  0.62536  
8545.800000000001  0.66116  
8550.3  0.69619  
8554.8  0.7312  
8559.3  0.76488  
8563.7  0.79716  
8568.2  0.82772  
8572.7  0.85536  
8577.2  0.87935  
8581.6  0.90084  
8586.1  0.9198  
8590.599999999999  0.93625  
8595.1  0.95044  
8599.5  0.96228  
8604.0  0.9709  
8608.5  0.9767  
8613.0  0.98176  
8617.5  0.9859  
8621.900000000001  0.98869  
8626.4  0.98984  
8630.9  0.99076  
8635.4  0.99215  
8639.8  0.99254  
8644.3  0.99217  
8648.8  0.9923  
8653.300000000001  0.99206  
8657.8  0.99212  
8662.2  0.99257  
8666.699999999999  0.99246  
8671.2  0.99197  
8675.7  0.99233  
8680.2  0.99304  
8684.6  0.99263  
8689.1  0.99264  
8693.6  0.99313  
8698.099999999999  0.99311  
8702.6  0.99274  
8707.1  0.99295  
8711.5  0.99388  
8716.0  0.99439  
8720.5  0.99323  
8725.0  0.99182  
8729.5  0.99201  
8734.0  0.99283  
8738.4  0.99324  
8742.9  0.99294  
8747.4  0.99222  
8751.900000000001  0.99217  
8756.4  0.9926  
8760.9  0.99271  
8765.4  0.9935  
8769.8  0.99348  
8774.3  0.99244  
8778.8  0.9926  
8783.300000000001  0.99316  
8787.8  0.99292  
8792.3  0.99179  
8796.8  0.99159  
8801.3  0.99218  
8805.7  0.9925  
8810.2  0.99199  
8814.7  0.99136  
8819.199999999999  0.991  
8823.7  0.99167  
8828.2  0.99213  
8832.7  0.99186  
8837.2  0.99144  
8841.699999999999  0.99117  
8846.1  0.99167  
8850.599999999999  0.99172  
8855.1  0.99151  
8859.6  0.99174  
8864.1  0.99182  
8868.6  0.99114  
8873.099999999999  0.99103  
8877.6  0.99163  
8882.1  0.99157  
8886.6  0.9915  
8891.1  0.99159  
8895.5  0.992  
8900.0  0.99194  
8904.5  0.99086  
8909.0  0.9904  
8913.5  0.99139  
8918.0  0.99237  
8922.5  0.99166  
8927.0  0.99061  
8931.5  0.99031  
8936.0  0.99082  
8940.5  0.99144  
8945.0  0.99133  
8949.5  0.99063  
8954.0  0.99023  
8958.5  0.98995  
8963.0  0.98949  
8967.5  0.98956  
8972.0  0.99039  
8976.5  0.99072  
8981.0  0.99043  
8985.4  0.99016  
8989.9  0.98999  
8994.400000000001  0.99056  
8998.9  0.99161  
9003.4  0.99125  
9007.9  0.99047  
9012.4  0.99097  
9016.900000000001  0.99189  
9021.4  0.99344  
9025.9  0.99395  
9030.4  0.99281  
9034.9  0.99167  
9039.400000000001  0.99173  
9043.9  0.99288  
9048.4  0.99379  
9052.9  0.99312  
9057.4  0.99246  
9061.900000000001  0.99253  
9066.4  0.99316  
9070.9  0.99254  
9075.4  0.99165  
9079.9  0.99254  
9084.400000000001  0.99335  
9088.9  0.99252  
9093.4  0.99077  
9098.0  0.99021  
9102.5  0.99159  
9107.0  0.99165  
9111.5  0.99028  
9116.0  0.99103  
9120.5  0.99203  
9125.0  0.99071  
9129.5  0.98972  
9134.0  0.98939  
9138.5  0.98858  
9143.0  0.98797  
9147.5  0.98726  
9152.0  0.98573  
9156.5  0.98485  
9161.0  0.98516  
9165.5  0.98529  
9170.0  0.98367  
9174.5  0.98035  
9179.0  0.97744  
9183.5  0.97636  
9188.099999999999  0.97502  
9192.6  0.97152  
9197.1  0.96811  
9201.6  0.96466  
9206.1  0.9597  
9210.599999999999  0.95504  
9215.1  0.95039  
9219.6  0.944  
9224.1  0.93725  
9228.6  0.92931  
9233.099999999999  0.92019  
9237.6  0.9103  
9242.2  0.89897  
9246.699999999999  0.88628  
9251.2  0.87343  
9255.7  0.85891  
9260.2  0.84159  
9264.7  0.82264  
9269.199999999999  0.80297  
9273.7  0.7813  
9278.2  0.75756  
9282.7  0.73171  
9287.3  0.70327  
9291.8  0.67442  
9296.3  0.64492  
9300.800000000001  0.61286  
9305.3  0.57902  
9309.8  0.54488  
9314.3  0.50984  
9318.8  0.47477  
9323.4  0.44061  
9327.9  0.40597  
9332.4  0.37169  
9336.900000000001  0.33883  
9341.4  0.30762  
9345.9  0.27862  
9350.4  0.25092  
9355.0  0.22533  
9359.5  0.20231  
9364.0  0.181  
9368.5  0.16157  
9373.0  0.14427  
9377.5  0.12851  
9382.0  0.11474  
9386.6  0.10334  
9391.1  0.09384  
9395.599999999999  0.0849  
9400.1  0.07556  
9404.6  0.06687  
9409.1  0.06051  
9413.7  0.05505  
9418.2  0.04886  
9422.7  0.04306  
9427.2  0.03903  
9431.699999999999  0.03545  
9436.2  0.03211  
9440.800000000001  0.02911  
9445.3  0.02651  
9449.8  0.02367  
9454.3  0.02062  
9458.8  0.01789  
9463.4  0.01603  
9467.9  0.01439  
9472.4  0.01274  
9476.900000000001  0.01177  
9481.4  0.01135  
9485.9  0.01105  
9490.5  0.00975  
9495.0  0.00815  
9499.5  0.00656  
9504.0  0.00597  
9508.6  0.0054  
9513.099999999999  0.00488  
9517.6  0.0051  
9522.1  0.00502  
9526.6  0.00439  
9531.2  0.00376  
9535.7  0.00318  
9540.2  0.00222  
9544.7  0.00227  
9549.199999999999  0.00305  
9553.8  0.00278  
9558.300000000001  0.00229  
9562.8  0.00227  
9567.3  0.0023  
9571.900000000001  0.00206  
9576.4  0.00218  
9580.9  0.00165  
9585.4  0.00108  
9590.0  0.00109  
9594.5  0.0011  
9599.0  0.00143  

