@MEASUREMENT_RADIUS 15.0 cm
#lambda:
#tr:
#end
8002.1  0.00446  
8006.5  0.00429  
8010.900000000001  0.00398  
8015.4  0.00396  
8019.8  0.0042  
8024.299999999999  0.00436  
8028.7  0.00426  
8033.099999999999  0.00424  
8037.6  0.00415  
8042.0  0.00395  
8046.5  0.00408  
8050.900000000001  0.00433  
8055.4  0.00418  
8059.8  0.00403  
8064.2  0.00396  
8068.7  0.00401  
8073.099999999999  0.00411  
8077.6  0.00412  
8082.0  0.00401  
8086.5  0.004  
8090.900000000001  0.00406  
8095.4  0.00393  
8099.8  0.004  
8104.299999999999  0.0043  
8108.7  0.00431  
8113.099999999999  0.00418  
8117.6  0.00419  
8122.0  0.00427  
8126.5  0.00424  
8130.900000000001  0.00412  
8135.4  0.00425  
8139.8  0.00451  
8144.299999999999  0.00442  
8148.7  0.00399  
8153.200000000001  0.00386  
8157.6  0.00411  
8162.1  0.00436  
8166.5  0.00445  
8171.0  0.00441  
8175.4  0.00443  
8179.9  0.00438  
8184.299999999999  0.00424  
8188.8  0.0042  
8193.2  0.00437  
8197.7  0.00447  
8202.2  0.00451  
8206.6  0.00469  
8211.1  0.00483  
8215.5  0.00461  
8220.0  0.00446  
8224.400000000001  0.00471  
8228.9  0.00488  
8233.300000000001  0.00483  
8237.8  0.00497  
8242.2  0.00514  
8246.699999999999  0.00527  
8251.1  0.00548  
8255.599999999999  0.00557  
8260.1  0.00549  
8264.5  0.00544  
8269.0  0.00562  
8273.4  0.00594  
8277.9  0.00607  
8282.3  0.00626  
8286.8  0.00645  
8291.3  0.00673  
8295.7  0.007  
8300.2  0.0071  
8304.6  0.00715  
8309.1  0.00753  
8313.6  0.00798  
8318.0  0.00807  
8322.5  0.00822  
8326.900000000001  0.00868  
8331.4  0.00897  
8335.9  0.00942  
8340.3  0.01004  
8344.8  0.01054  
8349.199999999999  0.01096  
8353.7  0.01156  
8358.2  0.01224  
8362.6  0.01293  
8367.1  0.01371  
8371.6  0.0149  
8376.0  0.01623  
8380.5  0.01746  
8385.0  0.01889  
8389.400000000001  0.02056  
8393.9  0.0227  
8398.300000000001  0.02511  
8402.8  0.02767  
8407.3  0.03073  
8411.699999999999  0.03445  
8416.2  0.03861  
8420.7  0.04322  
8425.1  0.04848  
8429.6  0.05458  
8434.1  0.06161  
8438.5  0.06934  
8443.0  0.07802  
8447.5  0.08787  
8451.900000000001  0.09901  
8456.4  0.11127  
8460.9  0.12501  
8465.4  0.13994  
8469.8  0.15609  
8474.3  0.17392  
8478.8  0.19328  
8483.2  0.21457  
8487.7  0.23774  
8492.2  0.26219  
8496.6  0.28828  
8501.1  0.31619  
8505.599999999999  0.34606  
8510.1  0.37747  
8514.5  0.41029  
8519.0  0.4444  
8523.5  0.4795  
8527.9  0.51574  
8532.4  0.55259  
8536.900000000001  0.58937  
8541.4  0.62585  
8545.800000000001  0.66239  
8550.3  0.69855  
8554.8  0.73297  
8559.3  0.76574  
8563.7  0.79764  
8568.2  0.82777  
8572.7  0.85505  
8577.2  0.87933  
8581.6  0.90097  
8586.1  0.91943  
8590.599999999999  0.93553  
8595.1  0.94963  
8599.5  0.9616  
8604.0  0.97072  
8608.5  0.9772  
8613.0  0.98246  
8617.5  0.98658  
8621.900000000001  0.9892  
8626.4  0.99008  
8630.9  0.9912  
8635.4  0.99272  
8639.8  0.9931  
8644.3  0.99244  
8648.8  0.99203  
8653.300000000001  0.99154  
8657.8  0.99156  
8662.2  0.99197  
8666.699999999999  0.99208  
8671.2  0.99192  
8675.7  0.99207  
8680.2  0.99272  
8684.6  0.99262  
8689.1  0.99277  
8693.6  0.99279  
8698.099999999999  0.99266  
8702.6  0.99248  
8707.1  0.99296  
8711.5  0.99415  
8716.0  0.99424  
8720.5  0.99273  
8725.0  0.99217  
8729.5  0.99325  
8734.0  0.99385  
8738.4  0.99334  
8742.9  0.99247  
8747.4  0.99227  
8751.900000000001  0.99243  
8756.4  0.99253  
8760.9  0.99238  
8765.4  0.99271  
8769.8  0.99297  
8774.3  0.99245  
8778.8  0.99161  
8783.300000000001  0.9915  
8787.8  0.99291  
8792.3  0.99382  
8796.8  0.9936  
8801.3  0.99295  
8805.7  0.99228  
8810.2  0.99149  
8814.7  0.99139  
8819.199999999999  0.99175  
8823.7  0.99186  
8828.2  0.99159  
8832.7  0.99146  
8837.2  0.99138  
8841.699999999999  0.99149  
8846.1  0.99192  
8850.599999999999  0.99209  
8855.1  0.99154  
8859.6  0.99023  
8864.1  0.99052  
8868.6  0.99156  
8873.099999999999  0.99186  
8877.6  0.99207  
8882.1  0.9917  
8886.6  0.99138  
8891.1  0.99081  
8895.5  0.99048  
8900.0  0.9909  
8904.5  0.99149  
8909.0  0.99176  
8913.5  0.99091  
8918.0  0.99096  
8922.5  0.99198  
8927.0  0.99203  
8931.5  0.99092  
8936.0  0.99035  
8940.5  0.99025  
8945.0  0.99045  
8949.5  0.99079  
8954.0  0.99086  
8958.5  0.99012  
8963.0  0.98951  
8967.5  0.9895  
8972.0  0.98976  
8976.5  0.99053  
8981.0  0.9912  
8985.4  0.99124  
8989.9  0.99069  
8994.400000000001  0.99043  
8998.9  0.99104  
9003.4  0.99077  
9007.9  0.99038  
9012.4  0.99118  
9016.900000000001  0.99268  
9021.4  0.99386  
9025.9  0.99325  
9030.4  0.99242  
9034.9  0.99188  
9039.400000000001  0.99209  
9043.9  0.99285  
9048.4  0.99331  
9052.9  0.99249  
9057.4  0.99189  
9061.900000000001  0.99264  
9066.4  0.99331  
9070.9  0.99239  
9075.4  0.99164  
9079.9  0.99305  
9084.400000000001  0.9942  
9088.9  0.99303  
9093.4  0.99112  
9098.0  0.99048  
9102.5  0.99091  
9107.0  0.99077  
9111.5  0.98989  
9116.0  0.98965  
9120.5  0.99014  
9125.0  0.98995  
9129.5  0.98968  
9134.0  0.98887  
9138.5  0.98748  
9143.0  0.98662  
9147.5  0.98717  
9152.0  0.98716  
9156.5  0.98605  
9161.0  0.98454  
9165.5  0.9833  
9170.0  0.98205  
9174.5  0.98002  
9179.0  0.97713  
9183.5  0.97508  
9188.099999999999  0.97355  
9192.6  0.971  
9197.1  0.96783  
9201.6  0.9638  
9206.1  0.95808  
9210.599999999999  0.95272  
9215.1  0.94883  
9219.6  0.9432  
9224.1  0.93493  
9228.6  0.92629  
9233.099999999999  0.91829  
9237.6  0.90803  
9242.2  0.89569  
9246.699999999999  0.88351  
9251.2  0.87089  
9255.7  0.85545  
9260.2  0.83756  
9264.7  0.81911  
9269.199999999999  0.79871  
9273.7  0.77553  
9278.2  0.75165  
9282.7  0.72695  
9287.3  0.69942  
9291.8  0.66949  
9296.3  0.63788  
9300.800000000001  0.60497  
9305.3  0.57187  
9309.8  0.53857  
9314.3  0.50389  
9318.8  0.46876  
9323.4  0.43411  
9327.9  0.4001  
9332.4  0.36622  
9336.900000000001  0.33265  
9341.4  0.30116  
9345.9  0.27295  
9350.4  0.24588  
9355.0  0.22054  
9359.5  0.19767  
9364.0  0.17634  
9368.5  0.15734  
9373.0  0.14142  
9377.5  0.12779  
9382.0  0.11443  
9386.6  0.10193  
9391.1  0.09105  
9395.599999999999  0.08177  
9400.1  0.07357  
9404.6  0.06656  
9409.1  0.05978  
9413.7  0.05377  
9418.2  0.0493  
9422.7  0.04398  
9427.2  0.03861  
9431.699999999999  0.03505  
9436.2  0.03217  
9440.800000000001  0.02874  
9445.3  0.0253  
9449.8  0.0222  
9454.3  0.01966  
9458.8  0.01758  
9463.4  0.01594  
9467.9  0.01491  
9472.4  0.01375  
9476.900000000001  0.01184  
9481.4  0.00987  
9485.9  0.00884  
9490.5  0.00829  
9495.0  0.00785  
9499.5  0.0066  
9504.0  0.00626  
9508.6  0.00626  
9513.099999999999  0.00572  
9517.6  0.00526  
9522.1  0.00398  
9526.6  0.00288  
9531.2  0.00323  
9535.7  0.00496  
9540.2  0.00526  
9544.7  0.00376  
9549.199999999999  0.00266  
9553.8  0.00244  
9558.300000000001  0.00218  
9562.8  0.00257  
9567.3  0.00275  
9571.900000000001  0.0018  
9576.4  0.00188  
9580.9  0.00186  
9585.4  0.00234  
9590.0  0.00185  
9594.5  0.00107  
9599.0  0.00149  

