@MEASUREMENT_RADIUS 16.0 cm
#lambda:
#tr:
#end
8002.1  0.00402  
8006.5  0.00401  
8010.900000000001  0.00396  
8015.4  0.00411  
8019.8  0.0042  
8024.299999999999  0.00397  
8028.7  0.0038  
8033.099999999999  0.00389  
8037.6  0.00406  
8042.0  0.00415  
8046.5  0.00407  
8050.900000000001  0.00399  
8055.4  0.00389  
8059.8  0.00391  
8064.2  0.00413  
8068.7  0.00426  
8073.099999999999  0.00427  
8077.6  0.0042  
8082.0  0.00397  
8086.5  0.00399  
8090.900000000001  0.00432  
8095.4  0.00453  
8099.8  0.00434  
8104.299999999999  0.00411  
8108.7  0.00406  
8113.099999999999  0.00422  
8117.6  0.0044  
8122.0  0.0044  
8126.5  0.00427  
8130.900000000001  0.00419  
8135.4  0.00422  
8139.8  0.00445  
8144.299999999999  0.00452  
8148.7  0.00454  
8153.200000000001  0.00437  
8157.6  0.00428  
8162.1  0.00463  
8166.5  0.0048  
8171.0  0.00468  
8175.4  0.00453  
8179.9  0.00443  
8184.299999999999  0.00442  
8188.8  0.00458  
8193.2  0.00472  
8197.7  0.00453  
8202.2  0.00445  
8206.6  0.0047  
8211.1  0.00499  
8215.5  0.00495  
8220.0  0.00468  
8224.400000000001  0.00459  
8228.9  0.00469  
8233.300000000001  0.00488  
8237.8  0.00502  
8242.2  0.00519  
8246.699999999999  0.00535  
8251.1  0.00567  
8255.599999999999  0.00572  
8260.1  0.00547  
8264.5  0.00563  
8269.0  0.0059  
8273.4  0.00598  
8277.9  0.00598  
8282.3  0.00608  
8286.8  0.00636  
8291.3  0.00665  
8295.7  0.00679  
8300.2  0.007  
8304.6  0.00733  
8309.1  0.00761  
8313.6  0.00796  
8318.0  0.00824  
8322.5  0.00835  
8326.900000000001  0.00851  
8331.4  0.0089  
8335.9  0.00936  
8340.3  0.0096  
8344.8  0.00996  
8349.199999999999  0.01075  
8353.7  0.01174  
8358.2  0.01239  
8362.6  0.01296  
8367.1  0.01374  
8371.6  0.01487  
8376.0  0.01609  
8380.5  0.01732  
8385.0  0.01892  
8389.400000000001  0.02075  
8393.9  0.02251  
8398.300000000001  0.02472  
8402.8  0.02772  
8407.3  0.03113  
8411.699999999999  0.03463  
8416.2  0.03832  
8420.7  0.04296  
8425.1  0.04862  
8429.6  0.05478  
8434.1  0.06159  
8438.5  0.06922  
8443.0  0.07769  
8447.5  0.08744  
8451.900000000001  0.09906  
8456.4  0.11176  
8460.9  0.12548  
8465.4  0.14037  
8469.8  0.15636  
8474.3  0.17419  
8478.8  0.1941  
8483.2  0.21539  
8487.7  0.23813  
8492.2  0.26295  
8496.6  0.28973  
8501.1  0.31753  
8505.599999999999  0.34695  
8510.1  0.37801  
8514.5  0.41062  
8519.0  0.4449  
8523.5  0.48023  
8527.9  0.51634  
8532.4  0.5529  
8536.900000000001  0.5898  
8541.4  0.62672  
8545.800000000001  0.66289  
8550.3  0.6981  
8554.8  0.73242  
8559.3  0.76511  
8563.7  0.79697  
8568.2  0.82691  
8572.7  0.85395  
8577.2  0.87846  
8581.6  0.90039  
8586.1  0.9188  
8590.599999999999  0.93505  
8595.1  0.94946  
8599.5  0.9611  
8604.0  0.96967  
8608.5  0.97568  
8613.0  0.98112  
8617.5  0.98556  
8621.900000000001  0.98854  
8626.4  0.98984  
8630.9  0.99045  
8635.4  0.99151  
8639.8  0.9927  
8644.3  0.99282  
8648.8  0.99228  
8653.300000000001  0.99144  
8657.8  0.99138  
8662.2  0.99188  
8666.699999999999  0.9922  
8671.2  0.99246  
8675.7  0.99218  
8680.2  0.99258  
8684.6  0.99316  
8689.1  0.99293  
8693.6  0.99232  
8698.099999999999  0.99244  
8702.6  0.99271  
8707.1  0.99271  
8711.5  0.99308  
8716.0  0.99339  
8720.5  0.99234  
8725.0  0.99114  
8729.5  0.99154  
8734.0  0.99293  
8738.4  0.99317  
8742.9  0.99254  
8747.4  0.99224  
8751.900000000001  0.99235  
8756.4  0.99274  
8760.9  0.99226  
8765.4  0.99178  
8769.8  0.99203  
8774.3  0.99245  
8778.8  0.992  
8783.300000000001  0.99203  
8787.8  0.99296  
8792.3  0.99271  
8796.8  0.99223  
8801.3  0.99174  
8805.7  0.99146  
8810.2  0.99124  
8814.7  0.99174  
8819.199999999999  0.99161  
8823.7  0.99172  
8828.2  0.99273  
8832.7  0.99313  
8837.2  0.99255  
8841.699999999999  0.99104  
8846.1  0.98991  
8850.599999999999  0.99077  
8855.1  0.99225  
8859.6  0.99224  
8864.1  0.99221  
8868.6  0.99193  
8873.099999999999  0.99137  
8877.6  0.99149  
8882.1  0.99175  
8886.6  0.99187  
8891.1  0.99226  
8895.5  0.99192  
8900.0  0.99095  
8904.5  0.99094  
8909.0  0.99133  
8913.5  0.99152  
8918.0  0.9914  
8922.5  0.99129  
8927.0  0.99194  
8931.5  0.99166  
8936.0  0.99111  
8940.5  0.99063  
8945.0  0.99026  
8949.5  0.99067  
8954.0  0.99121  
8958.5  0.99087  
8963.0  0.99019  
8967.5  0.98875  
8972.0  0.98847  
8976.5  0.9898  
8981.0  0.99068  
8985.4  0.99041  
8989.9  0.99062  
8994.400000000001  0.99064  
8998.9  0.99082  
9003.4  0.99071  
9007.9  0.99082  
9012.4  0.99122  
9016.900000000001  0.99131  
9021.4  0.99218  
9025.9  0.99269  
9030.4  0.99233  
9034.9  0.99152  
9039.400000000001  0.99163  
9043.9  0.99284  
9048.4  0.99384  
9052.9  0.99358  
9057.4  0.9926  
9061.900000000001  0.9926  
9066.4  0.99303  
9070.9  0.99224  
9075.4  0.99229  
9079.9  0.99327  
9084.400000000001  0.99286  
9088.9  0.99214  
9093.4  0.99158  
9098.0  0.99114  
9102.5  0.99125  
9107.0  0.9916  
9111.5  0.99153  
9116.0  0.99042  
9120.5  0.98932  
9125.0  0.98947  
9129.5  0.98967  
9134.0  0.98851  
9138.5  0.98717  
9143.0  0.98599  
9147.5  0.9856  
9152.0  0.98528  
9156.5  0.98411  
9161.0  0.98327  
9165.5  0.98299  
9170.0  0.98134  
9174.5  0.97855  
9179.0  0.97649  
9183.5  0.97478  
9188.099999999999  0.97284  
9192.6  0.96988  
9197.1  0.96648  
9201.6  0.96298  
9206.1  0.95866  
9210.599999999999  0.95327  
9215.1  0.94759  
9219.6  0.94125  
9224.1  0.93365  
9228.6  0.92527  
9233.099999999999  0.91719  
9237.6  0.90774  
9242.2  0.89604  
9246.699999999999  0.88242  
9251.2  0.86785  
9255.7  0.85226  
9260.2  0.83552  
9264.7  0.81746  
9269.199999999999  0.79701  
9273.7  0.77421  
9278.2  0.75025  
9282.7  0.72462  
9287.3  0.69642  
9291.8  0.66619  
9296.3  0.63472  
9300.800000000001  0.6018  
9305.3  0.56877  
9309.8  0.53583  
9314.3  0.5011  
9318.8  0.46584  
9323.4  0.43071  
9327.9  0.39642  
9332.4  0.36328  
9336.900000000001  0.33085  
9341.4  0.30017  
9345.9  0.27168  
9350.4  0.24449  
9355.0  0.21866  
9359.5  0.19538  
9364.0  0.17556  
9368.5  0.15813  
9373.0  0.14096  
9377.5  0.12541  
9382.0  0.11247  
9386.6  0.10102  
9391.1  0.09105  
9395.599999999999  0.08183  
9400.1  0.07352  
9404.6  0.06617  
9409.1  0.05929  
9413.7  0.05207  
9418.2  0.04632  
9422.7  0.04264  
9427.2  0.03907  
9431.699999999999  0.03437  
9436.2  0.02994  
9440.800000000001  0.02715  
9445.3  0.02522  
9449.8  0.02227  
9454.3  0.0194  
9458.8  0.01723  
9463.4  0.01591  
9467.9  0.01433  
9472.4  0.01218  
9476.900000000001  0.01059  
9481.4  0.0097  
9485.9  0.00913  
9490.5  0.00852  
9495.0  0.00819  
9499.5  0.00709  
9504.0  0.00612  
9508.6  0.00559  
9513.099999999999  0.00572  
9517.6  0.00576  
9522.1  0.00491  
9526.6  0.00382  
9531.2  0.00294  
9535.7  0.00318  
9540.2  0.00355  
9544.7  0.00353  
9549.199999999999  0.00298  
9553.8  0.00203  
9558.300000000001  0.00128  
9562.8  0.00244  
9567.3  0.00303  
9571.900000000001  0.00211  
9576.4  0.00153  
9580.9  0.00184  
9585.4  0.0022  
9590.0  0.00178  
9594.5  0.0019  
9599.0  0.00238  

