@MEASUREMENT_RADIUS 17.0 cm
#lambda:
#tr:
#end
8002.1  0.00395  
8006.5  0.00389  
8010.900000000001  0.00402  
8015.4  0.0043  
8019.8  0.00446  
8024.299999999999  0.00433  
8028.7  0.00405  
8033.099999999999  0.00409  
8037.6  0.00416  
8042.0  0.00406  
8046.5  0.00405  
8050.900000000001  0.00415  
8055.4  0.00418  
8059.8  0.00411  
8064.2  0.00401  
8068.7  0.0041  
8073.099999999999  0.00424  
8077.6  0.00433  
8082.0  0.00423  
8086.5  0.00416  
8090.900000000001  0.00409  
8095.4  0.00396  
8099.8  0.00411  
8104.299999999999  0.0043  
8108.7  0.00412  
8113.099999999999  0.00391  
8117.6  0.00406  
8122.0  0.00427  
8126.5  0.0043  
8130.900000000001  0.00431  
8135.4  0.0042  
8139.8  0.00408  
8144.299999999999  0.00421  
8148.7  0.00429  
8153.200000000001  0.00424  
8157.6  0.00453  
8162.1  0.00462  
8166.5  0.00458  
8171.0  0.00457  
8175.4  0.00453  
8179.9  0.00459  
8184.299999999999  0.00458  
8188.8  0.00437  
8193.2  0.00429  
8197.7  0.00444  
8202.2  0.00454  
8206.6  0.00462  
8211.1  0.00459  
8215.5  0.00449  
8220.0  0.00452  
8224.400000000001  0.00484  
8228.9  0.00506  
8233.300000000001  0.00497  
8237.8  0.00492  
8242.2  0.00509  
8246.699999999999  0.00522  
8251.1  0.00524  
8255.599999999999  0.00533  
8260.1  0.00546  
8264.5  0.0055  
8269.0  0.00563  
8273.4  0.00589  
8277.9  0.00614  
8282.3  0.00632  
8286.8  0.00647  
8291.3  0.00654  
8295.7  0.00669  
8300.2  0.00708  
8304.6  0.00745  
8309.1  0.00746  
8313.6  0.00768  
8318.0  0.00825  
8322.5  0.00859  
8326.900000000001  0.00868  
8331.4  0.00899  
8335.9  0.00958  
8340.3  0.01008  
8344.8  0.01044  
8349.199999999999  0.01091  
8353.7  0.01144  
8358.2  0.01217  
8362.6  0.01302  
8367.1  0.01399  
8371.6  0.01517  
8376.0  0.01619  
8380.5  0.01726  
8385.0  0.01887  
8389.400000000001  0.02078  
8393.9  0.02289  
8398.300000000001  0.02523  
8402.8  0.02772  
8407.3  0.03068  
8411.699999999999  0.03435  
8416.2  0.03844  
8420.7  0.04293  
8425.1  0.04828  
8429.6  0.05459  
8434.1  0.06154  
8438.5  0.06913  
8443.0  0.07808  
8447.5  0.08817  
8451.900000000001  0.09905  
8456.4  0.11113  
8460.9  0.12503  
8465.4  0.14027  
8469.8  0.15626  
8474.3  0.1741  
8478.8  0.19431  
8483.2  0.21581  
8487.7  0.2384  
8492.2  0.26291  
8496.6  0.28947  
8501.1  0.31744  
8505.599999999999  0.34688  
8510.1  0.37814  
8514.5  0.41078  
8519.0  0.44489  
8523.5  0.48069  
8527.9  0.51702  
8532.4  0.55285  
8536.900000000001  0.58898  
8541.4  0.62561  
8545.800000000001  0.66162  
8550.3  0.69699  
8554.8  0.73175  
8559.3  0.7644  
8563.7  0.79593  
8568.2  0.82644  
8572.7  0.85389  
8577.2  0.8778  
8581.6  0.89942  
8586.1  0.91817  
8590.599999999999  0.93468  
8595.1  0.94887  
8599.5  0.9609  
8604.0  0.9703  
8608.5  0.97667  
8613.0  0.9818  
8617.5  0.9861  
8621.900000000001  0.98933  
8626.4  0.99098  
8630.9  0.99139  
8635.4  0.99162  
8639.8  0.99191  
8644.3  0.9917  
8648.8  0.99222  
8653.300000000001  0.99259  
8657.8  0.99269  
8662.2  0.99252  
8666.699999999999  0.99195  
8671.2  0.99187  
8675.7  0.99245  
8680.2  0.99306  
8684.6  0.99263  
8689.1  0.99207  
8693.6  0.99235  
8698.099999999999  0.99296  
8702.6  0.99305  
8707.1  0.99292  
8711.5  0.99321  
8716.0  0.99318  
8720.5  0.99271  
8725.0  0.99211  
8729.5  0.99199  
8734.0  0.99264  
8738.4  0.99329  
8742.9  0.99341  
8747.4  0.99335  
8751.900000000001  0.99265  
8756.4  0.99166  
8760.9  0.99106  
8765.4  0.99155  
8769.8  0.99234  
8774.3  0.99235  
8778.8  0.99175  
8783.300000000001  0.99198  
8787.8  0.99343  
8792.3  0.99311  
8796.8  0.99238  
8801.3  0.99213  
8805.7  0.99187  
8810.2  0.99151  
8814.7  0.99131  
8819.199999999999  0.99121  
8823.7  0.99186  
8828.2  0.99266  
8832.7  0.99244  
8837.2  0.9917  
8841.699999999999  0.99122  
8846.1  0.99121  
8850.599999999999  0.99149  
8855.1  0.99141  
8859.6  0.99105  
8864.1  0.99169  
8868.6  0.99233  
8873.099999999999  0.99181  
8877.6  0.99151  
8882.1  0.99175  
8886.6  0.99195  
8891.1  0.99207  
8895.5  0.99171  
8900.0  0.99135  
8904.5  0.99076  
8909.0  0.99051  
8913.5  0.9905  
8918.0  0.99022  
8922.5  0.99035  
8927.0  0.99078  
8931.5  0.99067  
8936.0  0.99043  
8940.5  0.9902  
8945.0  0.9903  
8949.5  0.99045  
8954.0  0.99018  
8958.5  0.98964  
8963.0  0.98956  
8967.5  0.98983  
8972.0  0.99027  
8976.5  0.98987  
8981.0  0.98935  
8985.4  0.98967  
8989.9  0.98999  
8994.400000000001  0.99026  
8998.9  0.99109  
9003.4  0.99133  
9007.9  0.99101  
9012.4  0.99129  
9016.900000000001  0.9923  
9021.4  0.99322  
9025.9  0.99297  
9030.4  0.9922  
9034.9  0.99196  
9039.400000000001  0.99284  
9043.9  0.99356  
9048.4  0.99374  
9052.9  0.99251  
9057.4  0.99154  
9061.900000000001  0.99193  
9066.4  0.9929  
9070.9  0.99257  
9075.4  0.99188  
9079.9  0.99244  
9084.400000000001  0.99316  
9088.9  0.99249  
9093.4  0.99164  
9098.0  0.99086  
9102.5  0.99102  
9107.0  0.9914  
9111.5  0.99098  
9116.0  0.99039  
9120.5  0.99033  
9125.0  0.9902  
9129.5  0.98973  
9134.0  0.98929  
9138.5  0.98857  
9143.0  0.98722  
9147.5  0.98555  
9152.0  0.98452  
9156.5  0.98474  
9161.0  0.98418  
9165.5  0.98255  
9170.0  0.98139  
9174.5  0.97985  
9179.0  0.97747  
9183.5  0.97571  
9188.099999999999  0.97402  
9192.6  0.97094  
9197.1  0.96729  
9201.6  0.96277  
9206.1  0.95738  
9210.599999999999  0.95205  
9215.1  0.94721  
9219.6  0.94089  
9224.1  0.93324  
9228.6  0.92559  
9233.099999999999  0.91737  
9237.6  0.90753  
9242.2  0.89536  
9246.699999999999  0.8817  
9251.2  0.86776  
9255.7  0.85244  
9260.2  0.83525  
9264.7  0.81697  
9269.199999999999  0.79685  
9273.7  0.77404  
9278.2  0.7503  
9282.7  0.72499  
9287.3  0.69717  
9291.8  0.66796  
9296.3  0.63694  
9300.800000000001  0.60388  
9305.3  0.57054  
9309.8  0.53692  
9314.3  0.5023  
9318.8  0.46772  
9323.4  0.43258  
9327.9  0.39762  
9332.4  0.36444  
9336.900000000001  0.33295  
9341.4  0.30265  
9345.9  0.27359  
9350.4  0.24656  
9355.0  0.22149  
9359.5  0.19807  
9364.0  0.17744  
9368.5  0.15858  
9373.0  0.14094  
9377.5  0.12631  
9382.0  0.11371  
9386.6  0.10197  
9391.1  0.09127  
9395.599999999999  0.08146  
9400.1  0.07342  
9404.6  0.06617  
9409.1  0.05965  
9413.7  0.05479  
9418.2  0.04958  
9422.7  0.04387  
9427.2  0.0388  
9431.699999999999  0.03482  
9436.2  0.03149  
9440.800000000001  0.02836  
9445.3  0.02507  
9449.8  0.02219  
9454.3  0.02049  
9458.8  0.01778  
9463.4  0.01624  
9467.9  0.01537  
9472.4  0.01384  
9476.900000000001  0.01222  
9481.4  0.01145  
9485.9  0.01031  
9490.5  0.00857  
9495.0  0.0073  
9499.5  0.0063  
9504.0  0.00558  
9508.6  0.00518  
9513.099999999999  0.00567  
9517.6  0.00588  
9522.1  0.00455  
9526.6  0.00376  
9531.2  0.00424  
9535.7  0.00422  
9540.2  0.00301  
9544.7  0.00205  
9549.199999999999  0.00227  
9553.8  0.00289  
9558.300000000001  0.00282  
9562.8  0.00192  
9567.3  0.00189  
9571.900000000001  0.00215  
9576.4  0.00203  
9580.9  0.00165  
9585.4  0.00163  
9590.0  0.00218  
9594.5  0.00175  
9599.0  0.00174  

