@MEASUREMENT_RADIUS 18.0 cm
#lambda:
#tr:
#end
8002.1  0.0039  
8006.5  0.00399  
8010.900000000001  0.00412  
8015.4  0.00402  
8019.8  0.00387  
8024.299999999999  0.00401  
8028.7  0.00414  
8033.099999999999  0.00411  
8037.6  0.00408  
8042.0  0.00418  
8046.5  0.00423  
8050.900000000001  0.00416  
8055.4  0.00405  
8059.8  0.00397  
8064.2  0.004  
8068.7  0.00404  
8073.099999999999  0.00396  
8077.6  0.00399  
8082.0  0.00413  
8086.5  0.0043  
8090.900000000001  0.00426  
8095.4  0.00405  
8099.8  0.00403  
8104.299999999999  0.00415  
8108.7  0.00416  
8113.099999999999  0.00433  
8117.6  0.00441  
8122.0  0.00435  
8126.5  0.00445  
8130.900000000001  0.0044  
8135.4  0.00436  
8139.8  0.00445  
8144.299999999999  0.00429  
8148.7  0.00431  
8153.200000000001  0.00445  
8157.6  0.00447  
8162.1  0.0045  
8166.5  0.00466  
8171.0  0.00475  
8175.4  0.00444  
8179.9  0.00424  
8184.299999999999  0.00435  
8188.8  0.00451  
8193.2  0.00451  
8197.7  0.00442  
8202.2  0.00445  
8206.6  0.00453  
8211.1  0.00455  
8215.5  0.00456  
8220.0  0.00447  
8224.400000000001  0.00455  
8228.9  0.00485  
8233.300000000001  0.00514  
8237.8  0.00523  
8242.2  0.00504  
8246.699999999999  0.00496  
8251.1  0.00523  
8255.599999999999  0.00536  
8260.1  0.00546  
8264.5  0.00578  
8269.0  0.00593  
8273.4  0.00592  
8277.9  0.00607  
8282.3  0.00627  
8286.8  0.00653  
8291.3  0.00684  
8295.7  0.00695  
8300.2  0.00694  
8304.6  0.00728  
8309.1  0.00781  
8313.6  0.00808  
8318.0  0.00829  
8322.5  0.00854  
8326.900000000001  0.00887  
8331.4  0.00912  
8335.9  0.00936  
8340.3  0.00972  
8344.8  0.01026  
8349.199999999999  0.01096  
8353.7  0.01175  
8358.2  0.01244  
8362.6  0.01296  
8367.1  0.01363  
8371.6  0.01472  
8376.0  0.01602  
8380.5  0.01745  
8385.0  0.01893  
8389.400000000001  0.02076  
8393.9  0.02268  
8398.300000000001  0.02483  
8402.8  0.02736  
8407.3  0.03059  
8411.699999999999  0.03453  
8416.2  0.03841  
8420.7  0.04282  
8425.1  0.04817  
8429.6  0.05439  
8434.1  0.06155  
8438.5  0.0691  
8443.0  0.07759  
8447.5  0.08778  
8451.900000000001  0.09899  
8456.4  0.11108  
8460.9  0.12468  
8465.4  0.13972  
8469.8  0.15609  
8474.3  0.17426  
8478.8  0.19425  
8483.2  0.21558  
8487.7  0.23839  
8492.2  0.26291  
8496.6  0.28943  
8501.1  0.31769  
8505.599999999999  0.3476  
8510.1  0.37853  
8514.5  0.411  
8519.0  0.4452  
8523.5  0.48019  
8527.9  0.51603  
8532.4  0.55237  
8536.900000000001  0.58872  
8541.4  0.62525  
8545.800000000001  0.66131  
8550.3  0.69649  
8554.8  0.73095  
8559.3  0.76392  
8563.7  0.79549  
8568.2  0.82507  
8572.7  0.8521  
8577.2  0.87635  
8581.6  0.89852  
8586.1  0.91735  
8590.599999999999  0.9338  
8595.1  0.94816  
8599.5  0.96004  
8604.0  0.96961  
8608.5  0.97597  
8613.0  0.98061  
8617.5  0.98574  
8621.900000000001  0.98998  
8626.4  0.99078  
8630.9  0.99046  
8635.4  0.99144  
8639.8  0.99295  
8644.3  0.99298  
8648.8  0.9925  
8653.300000000001  0.99227  
8657.8  0.99249  
8662.2  0.99281  
8666.699999999999  0.9924  
8671.2  0.99196  
8675.7  0.99198  
8680.2  0.99275  
8684.6  0.99283  
8689.1  0.99243  
8693.6  0.99302  
8698.099999999999  0.99344  
8702.6  0.99291  
8707.1  0.99284  
8711.5  0.99281  
8716.0  0.9925  
8720.5  0.99208  
8725.0  0.99148  
8729.5  0.99164  
8734.0  0.9929  
8738.4  0.9934  
8742.9  0.99216  
8747.4  0.99125  
8751.900000000001  0.99176  
8756.4  0.99192  
8760.9  0.99159  
8765.4  0.99264  
8769.8  0.99314  
8774.3  0.99279  
8778.8  0.99232  
8783.300000000001  0.99202  
8787.8  0.9926  
8792.3  0.9928  
8796.8  0.99277  
8801.3  0.99261  
8805.7  0.99232  
8810.2  0.99211  
8814.7  0.99203  
8819.199999999999  0.99142  
8823.7  0.99171  
8828.2  0.99204  
8832.7  0.99156  
8837.2  0.99128  
8841.699999999999  0.99153  
8846.1  0.99215  
8850.599999999999  0.99182  
8855.1  0.99087  
8859.6  0.99046  
8864.1  0.99155  
8868.6  0.99217  
8873.099999999999  0.99209  
8877.6  0.99224  
8882.1  0.99205  
8886.6  0.99182  
8891.1  0.99131  
8895.5  0.99089  
8900.0  0.99102  
8904.5  0.99043  
8909.0  0.9899  
8913.5  0.99096  
8918.0  0.99177  
8922.5  0.99131  
8927.0  0.99035  
8931.5  0.98962  
8936.0  0.99058  
8940.5  0.99123  
8945.0  0.99107  
8949.5  0.99061  
8954.0  0.98991  
8958.5  0.98989  
8963.0  0.98978  
8967.5  0.98911  
8972.0  0.98989  
8976.5  0.99045  
8981.0  0.98965  
8985.4  0.98948  
8989.9  0.98971  
8994.400000000001  0.9896  
8998.9  0.99092  
9003.4  0.99197  
9007.9  0.99161  
9012.4  0.99127  
9016.900000000001  0.99221  
9021.4  0.99278  
9025.9  0.99159  
9030.4  0.99151  
9034.9  0.99221  
9039.400000000001  0.9927  
9043.9  0.99235  
9048.4  0.99252  
9052.9  0.99277  
9057.4  0.99262  
9061.900000000001  0.99233  
9066.4  0.99265  
9070.9  0.99245  
9075.4  0.99182  
9079.9  0.99184  
9084.400000000001  0.9923  
9088.9  0.99255  
9093.4  0.99178  
9098.0  0.99082  
9102.5  0.99064  
9107.0  0.9904  
9111.5  0.99065  
9116.0  0.99116  
9120.5  0.99061  
9125.0  0.98902  
9129.5  0.98818  
9134.0  0.98775  
9138.5  0.98755  
9143.0  0.98753  
9147.5  0.98724  
9152.0  0.98598  
9156.5  0.98444  
9161.0  0.98336  
9165.5  0.98263  
9170.0  0.98172  
9174.5  0.97989  
9179.0  0.97666  
9183.5  0.97433  
9188.099999999999  0.97371  
9192.6  0.97142  
9197.1  0.96727  
9201.6  0.96289  
9206.1  0.95809  
9210.599999999999  0.95273  
9215.1  0.94793  
9219.6  0.94141  
9224.1  0.93314  
9228.6  0.926  
9233.099999999999  0.91912  
9237.6  0.90811  
9242.2  0.89555  
9246.699999999999  0.88351  
9251.2  0.87041  
9255.7  0.85534  
9260.2  0.83785  
9264.7  0.81895  
9269.199999999999  0.79856  
9273.7  0.77616  
9278.2  0.75253  
9282.7  0.72633  
9287.3  0.69821  
9291.8  0.67007  
9296.3  0.64013  
9300.800000000001  0.60745  
9305.3  0.57423  
9309.8  0.54055  
9314.3  0.50554  
9318.8  0.47108  
9323.4  0.43712  
9327.9  0.40346  
9332.4  0.37019  
9336.900000000001  0.33715  
9341.4  0.30576  
9345.9  0.2768  
9350.4  0.24938  
9355.0  0.22394  
9359.5  0.20104  
9364.0  0.18024  
9368.5  0.16134  
9373.0  0.14462  
9377.5  0.12966  
9382.0  0.11527  
9386.6  0.1027  
9391.1  0.09281  
9395.599999999999  0.08333  
9400.1  0.07364  
9404.6  0.06559  
9409.1  0.05963  
9413.7  0.05526  
9418.2  0.05042  
9422.7  0.04493  
9427.2  0.03958  
9431.699999999999  0.03471  
9436.2  0.03085  
9440.800000000001  0.02799  
9445.3  0.02581  
9449.8  0.02383  
9454.3  0.02123  
9458.8  0.01814  
9463.4  0.01559  
9467.9  0.01413  
9472.4  0.01348  
9476.900000000001  0.01199  
9481.4  0.00989  
9485.9  0.0088  
9490.5  0.00851  
9495.0  0.00747  
9499.5  0.00623  
9504.0  0.00577  
9508.6  0.00547  
9513.099999999999  0.00518  
9517.6  0.00496  
9522.1  0.00528  
9526.6  0.00487  
9531.2  0.00398  
9535.7  0.00334  
9540.2  0.00288  
9544.7  0.00285  
9549.199999999999  0.00317  
9553.8  0.00338  
9558.300000000001  0.00265  
9562.8  0.00199  
9567.3  0.00248  
9571.900000000001  0.00283  
9576.4  0.00272  
9580.9  0.00216  
9585.4  0.00205  
9590.0  0.00235  
9594.5  0.00165  
9599.0  0.00157  

