@MEASUREMENT_RADIUS 19.0 cm
#lambda:
#tr:
#end
8002.1  0.00409  
8006.5  0.00411  
8010.900000000001  0.00408  
8015.4  0.00414  
8019.8  0.0042  
8024.299999999999  0.00412  
8028.7  0.00407  
8033.099999999999  0.00413  
8037.6  0.00419  
8042.0  0.0042  
8046.5  0.00413  
8050.900000000001  0.00403  
8055.4  0.00397  
8059.8  0.00417  
8064.2  0.00422  
8068.7  0.00416  
8073.099999999999  0.00416  
8077.6  0.0042  
8082.0  0.00436  
8086.5  0.00437  
8090.900000000001  0.0043  
8095.4  0.00412  
8099.8  0.00414  
8104.299999999999  0.00435  
8108.7  0.00436  
8113.099999999999  0.00425  
8117.6  0.00411  
8122.0  0.00409  
8126.5  0.00404  
8130.900000000001  0.00405  
8135.4  0.00415  
8139.8  0.00425  
8144.299999999999  0.00427  
8148.7  0.00423  
8153.200000000001  0.00427  
8157.6  0.00438  
8162.1  0.0045  
8166.5  0.00435  
8171.0  0.00429  
8175.4  0.00439  
8179.9  0.00441  
8184.299999999999  0.00439  
8188.8  0.00453  
8193.2  0.00445  
8197.7  0.00426  
8202.2  0.00437  
8206.6  0.00456  
8211.1  0.00477  
8215.5  0.005  
8220.0  0.00508  
8224.400000000001  0.00502  
8228.9  0.00504  
8233.300000000001  0.00518  
8237.8  0.00502  
8242.2  0.00482  
8246.699999999999  0.00514  
8251.1  0.00539  
8255.599999999999  0.00542  
8260.1  0.00547  
8264.5  0.00564  
8269.0  0.00574  
8273.4  0.00577  
8277.9  0.00597  
8282.3  0.00624  
8286.8  0.00648  
8291.3  0.00671  
8295.7  0.00708  
8300.2  0.00743  
8304.6  0.00749  
8309.1  0.00773  
8313.6  0.00835  
8318.0  0.00872  
8322.5  0.00876  
8326.900000000001  0.00881  
8331.4  0.00911  
8335.9  0.00962  
8340.3  0.01001  
8344.8  0.01043  
8349.199999999999  0.01095  
8353.7  0.01136  
8358.2  0.01217  
8362.6  0.01306  
8367.1  0.0138  
8371.6  0.01477  
8376.0  0.01598  
8380.5  0.01738  
8385.0  0.01889  
8389.400000000001  0.02064  
8393.9  0.02261  
8398.300000000001  0.02476  
8402.8  0.02753  
8407.3  0.03062  
8411.699999999999  0.03399  
8416.2  0.03806  
8420.7  0.04276  
8425.1  0.0481  
8429.6  0.0543  
8434.1  0.06115  
8438.5  0.06854  
8443.0  0.0771  
8447.5  0.08702  
8451.900000000001  0.09832  
8456.4  0.11083  
8460.9  0.12464  
8465.4  0.13966  
8469.8  0.15567  
8474.3  0.17334  
8478.8  0.19324  
8483.2  0.21512  
8487.7  0.23826  
8492.2  0.26244  
8496.6  0.28871  
8501.1  0.31721  
8505.599999999999  0.34704  
8510.1  0.37807  
8514.5  0.41052  
8519.0  0.44439  
8523.5  0.47964  
8527.9  0.516  
8532.4  0.55202  
8536.900000000001  0.58798  
8541.4  0.62447  
8545.800000000001  0.65975  
8550.3  0.69432  
8554.8  0.72883  
8559.3  0.76216  
8563.7  0.79396  
8568.2  0.82325  
8572.7  0.85054  
8577.2  0.8754  
8581.6  0.89735  
8586.1  0.91569  
8590.599999999999  0.93203  
8595.1  0.94724  
8599.5  0.96003  
8604.0  0.96909  
8608.5  0.97569  
8613.0  0.98132  
8617.5  0.98563  
8621.900000000001  0.9887  
8626.4  0.99001  
8630.9  0.99092  
8635.4  0.99179  
8639.8  0.9923  
8644.3  0.99253  
8648.8  0.99248  
8653.300000000001  0.99183  
8657.8  0.99184  
8662.2  0.99278  
8666.699999999999  0.99293  
8671.2  0.99238  
8675.7  0.99218  
8680.2  0.99277  
8684.6  0.99319  
8689.1  0.9926  
8693.6  0.9918  
8698.099999999999  0.99231  
8702.6  0.99253  
8707.1  0.99242  
8711.5  0.99287  
8716.0  0.99322  
8720.5  0.99291  
8725.0  0.9922  
8729.5  0.99196  
8734.0  0.99246  
8738.4  0.99263  
8742.9  0.99223  
8747.4  0.99171  
8751.900000000001  0.99166  
8756.4  0.99282  
8760.9  0.99319  
8765.4  0.99253  
8769.8  0.99252  
8774.3  0.99265  
8778.8  0.99153  
8783.300000000001  0.99114  
8787.8  0.99261  
8792.3  0.99302  
8796.8  0.99238  
8801.3  0.99212  
8805.7  0.99229  
8810.2  0.99216  
8814.7  0.99232  
8819.199999999999  0.99194  
8823.7  0.9919  
8828.2  0.99274  
8832.7  0.99313  
8837.2  0.99258  
8841.699999999999  0.99097  
8846.1  0.99029  
8850.599999999999  0.99139  
8855.1  0.99229  
8859.6  0.99197  
8864.1  0.99157  
8868.6  0.99106  
8873.099999999999  0.99059  
8877.6  0.99089  
8882.1  0.99137  
8886.6  0.99158  
8891.1  0.99164  
8895.5  0.99138  
8900.0  0.99135  
8904.5  0.99135  
8909.0  0.99063  
8913.5  0.99037  
8918.0  0.99084  
8922.5  0.99077  
8927.0  0.99084  
8931.5  0.99136  
8936.0  0.99145  
8940.5  0.9908  
8945.0  0.9902  
8949.5  0.99004  
8954.0  0.98961  
8958.5  0.98939  
8963.0  0.98994  
8967.5  0.98998  
8972.0  0.9907  
8976.5  0.99128  
8981.0  0.99044  
8985.4  0.98987  
8989.9  0.99012  
8994.400000000001  0.99025  
8998.9  0.9909  
9003.4  0.99139  
9007.9  0.99153  
9012.4  0.99215  
9016.900000000001  0.99276  
9021.4  0.99273  
9025.9  0.99248  
9030.4  0.99276  
9034.9  0.99286  
9039.400000000001  0.99258  
9043.9  0.99208  
9048.4  0.99308  
9052.9  0.99405  
9057.4  0.99384  
9061.900000000001  0.99276  
9066.4  0.99262  
9070.9  0.99269  
9075.4  0.99195  
9079.9  0.9918  
9084.400000000001  0.99236  
9088.9  0.99205  
9093.4  0.99124  
9098.0  0.99109  
9102.5  0.99108  
9107.0  0.99103  
9111.5  0.99155  
9116.0  0.99118  
9120.5  0.98977  
9125.0  0.98922  
9129.5  0.98925  
9134.0  0.98898  
9138.5  0.98787  
9143.0  0.98652  
9147.5  0.98634  
9152.0  0.98629  
9156.5  0.98487  
9161.0  0.98325  
9165.5  0.98275  
9170.0  0.98219  
9174.5  0.97989  
9179.0  0.97685  
9183.5  0.97549  
9188.099999999999  0.97437  
9192.6  0.9707  
9197.1  0.96621  
9201.6  0.96299  
9206.1  0.95927  
9210.599999999999  0.95397  
9215.1  0.94879  
9219.6  0.94257  
9224.1  0.93487  
9228.6  0.92642  
9233.099999999999  0.91833  
9237.6  0.90865  
9242.2  0.89679  
9246.699999999999  0.88425  
9251.2  0.87188  
9255.7  0.85688  
9260.2  0.83912  
9264.7  0.82114  
9269.199999999999  0.80169  
9273.7  0.77977  
9278.2  0.75635  
9282.7  0.73059  
9287.3  0.70319  
9291.8  0.67495  
9296.3  0.64523  
9300.800000000001  0.61317  
9305.3  0.57954  
9309.8  0.54584  
9314.3  0.51118  
9318.8  0.47686  
9323.4  0.4432  
9327.9  0.40864  
9332.4  0.37456  
9336.900000000001  0.34258  
9341.4  0.31181  
9345.9  0.28215  
9350.4  0.25465  
9355.0  0.22936  
9359.5  0.20556  
9364.0  0.18385  
9368.5  0.16432  
9373.0  0.14705  
9377.5  0.13217  
9382.0  0.11868  
9386.6  0.10577  
9391.1  0.0943  
9395.599999999999  0.08447  
9400.1  0.07591  
9404.6  0.06948  
9409.1  0.06315  
9413.7  0.0559  
9418.2  0.04953  
9422.7  0.0447  
9427.2  0.04152  
9431.699999999999  0.03747  
9436.2  0.03222  
9440.800000000001  0.02838  
9445.3  0.0262  
9449.8  0.02386  
9454.3  0.02127  
9458.8  0.01839  
9463.4  0.01597  
9467.9  0.01476  
9472.4  0.01366  
9476.900000000001  0.01176  
9481.4  0.01011  
9485.9  0.00991  
9490.5  0.00965  
9495.0  0.00798  
9499.5  0.00663  
9504.0  0.00638  
9508.6  0.00511  
9513.099999999999  0.00469  
9517.6  0.00533  
9522.1  0.00563  
9526.6  0.0051  
9531.2  0.00411  
9535.7  0.00359  
9540.2  0.00309  
9544.7  0.00304  
9549.199999999999  0.00277  
9553.8  0.0026  
9558.300000000001  0.00292  
9562.8  0.00268  
9567.3  0.00233  
9571.900000000001  0.0021  
9576.4  0.00273  
9580.9  0.00286  
9585.4  0.00196  
9590.0  0.00177  
9594.5  0.00148  
9599.0  0.0009  

