@MEASUREMENT_RADIUS 20.0 cm
#lambda:
#tr:
#end
8002.1  0.00392  
8006.5  0.00409  
8010.900000000001  0.00413  
8015.4  0.00416  
8019.8  0.00416  
8024.299999999999  0.00414  
8028.7  0.00397  
8033.099999999999  0.00389  
8037.6  0.0039  
8042.0  0.00413  
8046.5  0.00424  
8050.900000000001  0.00417  
8055.4  0.00422  
8059.8  0.00428  
8064.2  0.00418  
8068.7  0.00411  
8073.099999999999  0.00418  
8077.6  0.00423  
8082.0  0.00419  
8086.5  0.0041  
8090.900000000001  0.00419  
8095.4  0.00431  
8099.8  0.00425  
8104.299999999999  0.00412  
8108.7  0.00405  
8113.099999999999  0.0041  
8117.6  0.00415  
8122.0  0.00406  
8126.5  0.0041  
8130.900000000001  0.00424  
8135.4  0.00411  
8139.8  0.00402  
8144.299999999999  0.00417  
8148.7  0.00433  
8153.200000000001  0.00429  
8157.6  0.00418  
8162.1  0.00417  
8166.5  0.00433  
8171.0  0.00436  
8175.4  0.00437  
8179.9  0.00449  
8184.299999999999  0.00453  
8188.8  0.00448  
8193.2  0.00459  
8197.7  0.00469  
8202.2  0.00469  
8206.6  0.00472  
8211.1  0.00483  
8215.5  0.00483  
8220.0  0.00465  
8224.400000000001  0.0047  
8228.9  0.00485  
8233.300000000001  0.00495  
8237.8  0.005  
8242.2  0.00518  
8246.699999999999  0.00539  
8251.1  0.00554  
8255.599999999999  0.00554  
8260.1  0.00553  
8264.5  0.00575  
8269.0  0.00597  
8273.4  0.00588  
8277.9  0.00587  
8282.3  0.00623  
8286.8  0.00666  
8291.3  0.00702  
8295.7  0.00718  
8300.2  0.00716  
8304.6  0.00742  
8309.1  0.00789  
8313.6  0.0082  
8318.0  0.00844  
8322.5  0.00862  
8326.900000000001  0.00883  
8331.4  0.00932  
8335.9  0.00987  
8340.3  0.01004  
8344.8  0.01023  
8349.199999999999  0.01086  
8353.7  0.01166  
8358.2  0.01236  
8362.6  0.01293  
8367.1  0.01364  
8371.6  0.01483  
8376.0  0.01611  
8380.5  0.01747  
8385.0  0.01886  
8389.400000000001  0.02048  
8393.9  0.02246  
8398.300000000001  0.0249  
8402.8  0.02749  
8407.3  0.03035  
8411.699999999999  0.03386  
8416.2  0.038  
8420.7  0.04272  
8425.1  0.04791  
8429.6  0.05386  
8434.1  0.06063  
8438.5  0.06834  
8443.0  0.07701  
8447.5  0.08695  
8451.900000000001  0.09842  
8456.4  0.11078  
8460.9  0.12396  
8465.4  0.13915  
8469.8  0.15604  
8474.3  0.1742  
8478.8  0.19385  
8483.2  0.21507  
8487.7  0.23824  
8492.2  0.26314  
8496.6  0.28957  
8501.1  0.31725  
8505.599999999999  0.34684  
8510.1  0.37796  
8514.5  0.41032  
8519.0  0.44469  
8523.5  0.48011  
8527.9  0.51604  
8532.4  0.55172  
8536.900000000001  0.5874  
8541.4  0.62386  
8545.800000000001  0.65947  
8550.3  0.69427  
8554.8  0.72878  
8559.3  0.76143  
8563.7  0.79242  
8568.2  0.82183  
8572.7  0.84903  
8577.2  0.87323  
8581.6  0.89515  
8586.1  0.91489  
8590.599999999999  0.93268  
8595.1  0.94729  
8599.5  0.95914  
8604.0  0.96825  
8608.5  0.97488  
8613.0  0.98113  
8617.5  0.98605  
8621.900000000001  0.98876  
8626.4  0.98985  
8630.9  0.99052  
8635.4  0.99182  
8639.8  0.99357  
8644.3  0.99305  
8648.8  0.99175  
8653.300000000001  0.99112  
8657.8  0.99185  
8662.2  0.99245  
8666.699999999999  0.99213  
8671.2  0.99218  
8675.7  0.99208  
8680.2  0.99224  
8684.6  0.99184  
8689.1  0.99158  
8693.6  0.99229  
8698.099999999999  0.99332  
8702.6  0.99338  
8707.1  0.99276  
8711.5  0.99298  
8716.0  0.99318  
8720.5  0.99213  
8725.0  0.99104  
8729.5  0.99183  
8734.0  0.99333  
8738.4  0.99287  
8742.9  0.99135  
8747.4  0.99146  
8751.900000000001  0.99219  
8756.4  0.99193  
8760.9  0.99149  
8765.4  0.99242  
8769.8  0.99327  
8774.3  0.99292  
8778.8  0.9921  
8783.300000000001  0.99226  
8787.8  0.99341  
8792.3  0.99332  
8796.8  0.99271  
8801.3  0.99177  
8805.7  0.99107  
8810.2  0.99063  
8814.7  0.99128  
8819.199999999999  0.99236  
8823.7  0.99269  
8828.2  0.99221  
8832.7  0.99198  
8837.2  0.992  
8841.699999999999  0.99064  
8846.1  0.99047  
8850.599999999999  0.99218  
8855.1  0.99211  
8859.6  0.99091  
8864.1  0.99124  
8868.6  0.99202  
8873.099999999999  0.99184  
8877.6  0.99123  
8882.1  0.99125  
8886.6  0.99177  
8891.1  0.99213  
8895.5  0.99155  
8900.0  0.99014  
8904.5  0.98959  
8909.0  0.99023  
8913.5  0.99127  
8918.0  0.99158  
8922.5  0.99122  
8927.0  0.99166  
8931.5  0.99138  
8936.0  0.99083  
8940.5  0.99086  
8945.0  0.99087  
8949.5  0.99069  
8954.0  0.99056  
8958.5  0.99039  
8963.0  0.99055  
8967.5  0.98978  
8972.0  0.99004  
8976.5  0.99175  
8981.0  0.99159  
8985.4  0.9903  
8989.9  0.98991  
8994.400000000001  0.9907  
8998.9  0.9919  
9003.4  0.99196  
9007.9  0.99173  
9012.4  0.99215  
9016.900000000001  0.99207  
9021.4  0.99225  
9025.9  0.9929  
9030.4  0.99315  
9034.9  0.99258  
9039.400000000001  0.99272  
9043.9  0.99284  
9048.4  0.99275  
9052.9  0.993  
9057.4  0.99315  
9061.900000000001  0.99334  
9066.4  0.99399  
9070.9  0.9933  
9075.4  0.99227  
9079.9  0.9922  
9084.400000000001  0.99245  
9088.9  0.99207  
9093.4  0.99109  
9098.0  0.99051  
9102.5  0.99105  
9107.0  0.99143  
9111.5  0.99125  
9116.0  0.99095  
9120.5  0.99086  
9125.0  0.99023  
9129.5  0.98921  
9134.0  0.98859  
9138.5  0.98842  
9143.0  0.98751  
9147.5  0.98686  
9152.0  0.98591  
9156.5  0.9848  
9161.0  0.98451  
9165.5  0.98375  
9170.0  0.98213  
9174.5  0.9803  
9179.0  0.97804  
9183.5  0.97594  
9188.099999999999  0.97416  
9192.6  0.97127  
9197.1  0.96814  
9201.6  0.96502  
9206.1  0.95933  
9210.599999999999  0.95341  
9215.1  0.94905  
9219.6  0.94287  
9224.1  0.93522  
9228.6  0.92743  
9233.099999999999  0.9195  
9237.6  0.90992  
9242.2  0.89831  
9246.699999999999  0.88581  
9251.2  0.87302  
9255.7  0.85809  
9260.2  0.84077  
9264.7  0.82304  
9269.199999999999  0.80409  
9273.7  0.78301  
9278.2  0.76053  
9282.7  0.73524  
9287.3  0.7076  
9291.8  0.67913  
9296.3  0.64921  
9300.800000000001  0.61752  
9305.3  0.58485  
9309.8  0.55151  
9314.3  0.51731  
9318.8  0.48312  
9323.4  0.449  
9327.9  0.41474  
9332.4  0.38081  
9336.900000000001  0.34778  
9341.4  0.31688  
9345.9  0.28802  
9350.4  0.26003  
9355.0  0.23363  
9359.5  0.20983  
9364.0  0.18868  
9368.5  0.16895  
9373.0  0.15123  
9377.5  0.13561  
9382.0  0.12036  
9386.6  0.10692  
9391.1  0.09652  
9395.599999999999  0.0874  
9400.1  0.0786  
9404.6  0.07064  
9409.1  0.06327  
9413.7  0.05593  
9418.2  0.04986  
9422.7  0.04488  
9427.2  0.04014  
9431.699999999999  0.03561  
9436.2  0.03263  
9440.800000000001  0.0298  
9445.3  0.02666  
9449.8  0.02365  
9454.3  0.02152  
9458.8  0.02017  
9463.4  0.01836  
9467.9  0.01442  
9472.4  0.01141  
9476.900000000001  0.01163  
9481.4  0.01161  
9485.9  0.01035  
9490.5  0.00902  
9495.0  0.00787  
9499.5  0.00741  
9504.0  0.00729  
9508.6  0.00598  
9513.099999999999  0.00527  
9517.6  0.00584  
9522.1  0.00635  
9526.6  0.0055  
9531.2  0.00393  
9535.7  0.00299  
9540.2  0.00246  
9544.7  0.00254  
9549.199999999999  0.00248  
9553.8  0.00268  
9558.300000000001  0.00269  
9562.8  0.00205  
9567.3  0.00191  
9571.900000000001  0.0022  
9576.4  0.00248  
9580.9  0.00201  
9585.4  0.00135  
9590.0  0.00252  
9594.5  0.00246  
9599.0  0.00206  

