@MEASUREMENT_RADIUS 21.0 cm
#lambda:
#tr:
#end
8002.1  0.00428  
8006.5  0.00429  
8010.900000000001  0.00424  
8015.4  0.00411  
8019.8  0.0041  
8024.299999999999  0.00421  
8028.7  0.00415  
8033.099999999999  0.0041  
8037.6  0.00424  
8042.0  0.00429  
8046.5  0.00407  
8050.900000000001  0.00409  
8055.4  0.00428  
8059.8  0.00416  
8064.2  0.00405  
8068.7  0.00416  
8073.099999999999  0.00415  
8077.6  0.0042  
8082.0  0.00429  
8086.5  0.00423  
8090.900000000001  0.00413  
8095.4  0.00406  
8099.8  0.00395  
8104.299999999999  0.00409  
8108.7  0.00433  
8113.099999999999  0.00425  
8117.6  0.00411  
8122.0  0.00419  
8126.5  0.0041  
8130.900000000001  0.00398  
8135.4  0.00403  
8139.8  0.00418  
8144.299999999999  0.00422  
8148.7  0.00424  
8153.200000000001  0.00435  
8157.6  0.00424  
8162.1  0.00415  
8166.5  0.00432  
8171.0  0.00445  
8175.4  0.00432  
8179.9  0.00421  
8184.299999999999  0.00438  
8188.8  0.00454  
8193.2  0.00447  
8197.7  0.00445  
8202.2  0.00462  
8206.6  0.00466  
8211.1  0.0045  
8215.5  0.0044  
8220.0  0.00451  
8224.400000000001  0.00475  
8228.9  0.00502  
8233.300000000001  0.00525  
8237.8  0.0052  
8242.2  0.00513  
8246.699999999999  0.00518  
8251.1  0.00521  
8255.599999999999  0.00533  
8260.1  0.00552  
8264.5  0.00575  
8269.0  0.00581  
8273.4  0.00575  
8277.9  0.00583  
8282.3  0.00607  
8286.8  0.00639  
8291.3  0.0068  
8295.7  0.00721  
8300.2  0.00747  
8304.6  0.00752  
8309.1  0.00754  
8313.6  0.00778  
8318.0  0.00833  
8322.5  0.00885  
8326.900000000001  0.00915  
8331.4  0.00935  
8335.9  0.00973  
8340.3  0.00996  
8344.8  0.01027  
8349.199999999999  0.0109  
8353.7  0.01167  
8358.2  0.01238  
8362.6  0.01289  
8367.1  0.0136  
8371.6  0.01487  
8376.0  0.01616  
8380.5  0.01737  
8385.0  0.01871  
8389.400000000001  0.02034  
8393.9  0.02232  
8398.300000000001  0.02479  
8402.8  0.02745  
8407.3  0.03047  
8411.699999999999  0.03398  
8416.2  0.03794  
8420.7  0.04249  
8425.1  0.04783  
8429.6  0.05419  
8434.1  0.06139  
8438.5  0.06905  
8443.0  0.07737  
8447.5  0.08719  
8451.900000000001  0.09853  
8456.4  0.11114  
8460.9  0.12527  
8465.4  0.14021  
8469.8  0.15652  
8474.3  0.17508  
8478.8  0.19531  
8483.2  0.21677  
8487.7  0.23983  
8492.2  0.26461  
8496.6  0.29157  
8501.1  0.32021  
8505.599999999999  0.34976  
8510.1  0.38038  
8514.5  0.41292  
8519.0  0.44774  
8523.5  0.48297  
8527.9  0.51828  
8532.4  0.55424  
8536.900000000001  0.59024  
8541.4  0.62659  
8545.800000000001  0.66226  
8550.3  0.69659  
8554.8  0.73004  
8559.3  0.76243  
8563.7  0.79418  
8568.2  0.82358  
8572.7  0.85024  
8577.2  0.8745  
8581.6  0.89597  
8586.1  0.91491  
8590.599999999999  0.93174  
8595.1  0.94662  
8599.5  0.95969  
8604.0  0.96896  
8608.5  0.97468  
8613.0  0.98025  
8617.5  0.98556  
8621.900000000001  0.9894  
8626.4  0.99103  
8630.9  0.99182  
8635.4  0.99277  
8639.8  0.99337  
8644.3  0.99276  
8648.8  0.99261  
8653.300000000001  0.99296  
8657.8  0.99295  
8662.2  0.99237  
8666.699999999999  0.99228  
8671.2  0.99298  
8675.7  0.99305  
8680.2  0.99305  
8684.6  0.99278  
8689.1  0.99235  
8693.6  0.99234  
8698.099999999999  0.99309  
8702.6  0.99308  
8707.1  0.99272  
8711.5  0.99344  
8716.0  0.99356  
8720.5  0.9924  
8725.0  0.99187  
8729.5  0.99231  
8734.0  0.99248  
8738.4  0.99199  
8742.9  0.99228  
8747.4  0.99302  
8751.900000000001  0.99301  
8756.4  0.9928  
8760.9  0.99253  
8765.4  0.99247  
8769.8  0.99263  
8774.3  0.99259  
8778.8  0.99196  
8783.300000000001  0.99206  
8787.8  0.99324  
8792.3  0.99287  
8796.8  0.992  
8801.3  0.99195  
8805.7  0.99222  
8810.2  0.99146  
8814.7  0.99121  
8819.199999999999  0.99113  
8823.7  0.99153  
8828.2  0.9925  
8832.7  0.99243  
8837.2  0.99197  
8841.699999999999  0.99148  
8846.1  0.99092  
8850.599999999999  0.99135  
8855.1  0.99205  
8859.6  0.99134  
8864.1  0.99123  
8868.6  0.99156  
8873.099999999999  0.99135  
8877.6  0.99145  
8882.1  0.99207  
8886.6  0.99221  
8891.1  0.99124  
8895.5  0.99058  
8900.0  0.99059  
8904.5  0.99098  
8909.0  0.99164  
8913.5  0.99161  
8918.0  0.991  
8922.5  0.98989  
8927.0  0.99004  
8931.5  0.99062  
8936.0  0.99066  
8940.5  0.99022  
8945.0  0.99004  
8949.5  0.99075  
8954.0  0.99074  
8958.5  0.98981  
8963.0  0.98956  
8967.5  0.9896  
8972.0  0.98994  
8976.5  0.98995  
8981.0  0.99017  
8985.4  0.9909  
8989.9  0.99077  
8994.400000000001  0.9905  
8998.9  0.99089  
9003.4  0.99091  
9007.9  0.99132  
9012.4  0.99177  
9016.900000000001  0.99157  
9021.4  0.99194  
9025.9  0.99302  
9030.4  0.9929  
9034.9  0.99179  
9039.400000000001  0.99234  
9043.9  0.99282  
9048.4  0.99288  
9052.9  0.99278  
9057.4  0.99261  
9061.900000000001  0.9926  
9066.4  0.99284  
9070.9  0.9922  
9075.4  0.99128  
9079.9  0.99165  
9084.400000000001  0.99229  
9088.9  0.99234  
9093.4  0.99195  
9098.0  0.99097  
9102.5  0.9908  
9107.0  0.99097  
9111.5  0.99018  
9116.0  0.98948  
9120.5  0.98934  
9125.0  0.98946  
9129.5  0.98974  
9134.0  0.98868  
9138.5  0.98735  
9143.0  0.987  
9147.5  0.98661  
9152.0  0.98561  
9156.5  0.98492  
9161.0  0.98442  
9165.5  0.98422  
9170.0  0.98316  
9174.5  0.97965  
9179.0  0.97593  
9183.5  0.97483  
9188.099999999999  0.97463  
9192.6  0.97185  
9197.1  0.96767  
9201.6  0.96393  
9206.1  0.95992  
9210.599999999999  0.9552  
9215.1  0.94991  
9219.6  0.94305  
9224.1  0.93609  
9228.6  0.9293  
9233.099999999999  0.92187  
9237.6  0.91177  
9242.2  0.89911  
9246.699999999999  0.8867  
9251.2  0.87481  
9255.7  0.85985  
9260.2  0.84266  
9264.7  0.82597  
9269.199999999999  0.80677  
9273.7  0.78413  
9278.2  0.76126  
9282.7  0.73689  
9287.3  0.70987  
9291.8  0.68199  
9296.3  0.65223  
9300.800000000001  0.61979  
9305.3  0.58743  
9309.8  0.55541  
9314.3  0.52154  
9318.8  0.48691  
9323.4  0.45211  
9327.9  0.41807  
9332.4  0.38519  
9336.900000000001  0.35227  
9341.4  0.32029  
9345.9  0.29102  
9350.4  0.26356  
9355.0  0.23685  
9359.5  0.21249  
9364.0  0.19103  
9368.5  0.17156  
9373.0  0.15386  
9377.5  0.13788  
9382.0  0.12303  
9386.6  0.11  
9391.1  0.09908  
9395.599999999999  0.08824  
9400.1  0.07909  
9404.6  0.07185  
9409.1  0.0643  
9413.7  0.05744  
9418.2  0.05247  
9422.7  0.0474  
9427.2  0.04169  
9431.699999999999  0.03708  
9436.2  0.03409  
9440.800000000001  0.03086  
9445.3  0.02674  
9449.8  0.0235  
9454.3  0.02185  
9458.8  0.02001  
9463.4  0.01762  
9467.9  0.01594  
9472.4  0.01491  
9476.900000000001  0.01293  
9481.4  0.01118  
9485.9  0.01052  
9490.5  0.00954  
9495.0  0.009  
9499.5  0.00831  
9504.0  0.00761  
9508.6  0.00692  
9513.099999999999  0.00547  
9517.6  0.00397  
9522.1  0.00393  
9526.6  0.00377  
9531.2  0.00318  
9535.7  0.00358  
9540.2  0.00335  
9544.7  0.00311  
9549.199999999999  0.00315  
9553.8  0.00274  
9558.300000000001  0.00212  
9562.8  0.00234  
9567.3  0.00165  
9571.900000000001  0.00189  
9576.4  0.00205  
9580.9  0.00143  
9585.4  0.00154  
9590.0  0.00176  
9594.5  0.00225  
9599.0  0.00244  

