@MEASUREMENT_RADIUS 22.0 cm
#lambda:
#tr:
#end
8002.1  0.00401  
8006.5  0.00396  
8010.900000000001  0.0039  
8015.4  0.00387  
8019.8  0.00395  
8024.299999999999  0.00407  
8028.7  0.00401  
8033.099999999999  0.00404  
8037.6  0.00431  
8042.0  0.00438  
8046.5  0.00416  
8050.900000000001  0.00413  
8055.4  0.00424  
8059.8  0.00417  
8064.2  0.00413  
8068.7  0.00423  
8073.099999999999  0.0042  
8077.6  0.00401  
8082.0  0.00395  
8086.5  0.00415  
8090.900000000001  0.00433  
8095.4  0.00423  
8099.8  0.00418  
8104.299999999999  0.00425  
8108.7  0.00443  
8113.099999999999  0.00446  
8117.6  0.00419  
8122.0  0.00416  
8126.5  0.00435  
8130.900000000001  0.00438  
8135.4  0.00438  
8139.8  0.00417  
8144.299999999999  0.00398  
8148.7  0.00429  
8153.200000000001  0.00465  
8157.6  0.00462  
8162.1  0.00443  
8166.5  0.00444  
8171.0  0.00451  
8175.4  0.00443  
8179.9  0.0045  
8184.299999999999  0.00457  
8188.8  0.00454  
8193.2  0.00449  
8197.7  0.00436  
8202.2  0.00436  
8206.6  0.00434  
8211.1  0.00437  
8215.5  0.00464  
8220.0  0.0049  
8224.400000000001  0.00481  
8228.9  0.00462  
8233.300000000001  0.0047  
8237.8  0.00485  
8242.2  0.00506  
8246.699999999999  0.00532  
8251.1  0.00555  
8255.599999999999  0.00552  
8260.1  0.00557  
8264.5  0.00562  
8269.0  0.00572  
8273.4  0.00594  
8277.9  0.00609  
8282.3  0.00625  
8286.8  0.00659  
8291.3  0.00699  
8295.7  0.0073  
8300.2  0.00742  
8304.6  0.00738  
8309.1  0.00771  
8313.6  0.00822  
8318.0  0.00849  
8322.5  0.00865  
8326.900000000001  0.009  
8331.4  0.00937  
8335.9  0.00967  
8340.3  0.01002  
8344.8  0.01053  
8349.199999999999  0.01133  
8353.7  0.01196  
8358.2  0.01252  
8362.6  0.01325  
8367.1  0.01436  
8371.6  0.01549  
8376.0  0.01641  
8380.5  0.01765  
8385.0  0.01907  
8389.400000000001  0.02071  
8393.9  0.02283  
8398.300000000001  0.02523  
8402.8  0.02797  
8407.3  0.03102  
8411.699999999999  0.03441  
8416.2  0.03843  
8420.7  0.0433  
8425.1  0.04877  
8429.6  0.0548  
8434.1  0.06158  
8438.5  0.06927  
8443.0  0.07836  
8447.5  0.08891  
8451.900000000001  0.10044  
8456.4  0.11301  
8460.9  0.12691  
8465.4  0.14222  
8469.8  0.15934  
8474.3  0.17801  
8478.8  0.19802  
8483.2  0.21967  
8487.7  0.24336  
8492.2  0.26878  
8496.6  0.29535  
8501.1  0.32348  
8505.599999999999  0.35351  
8510.1  0.38528  
8514.5  0.41849  
8519.0  0.4523  
8523.5  0.48725  
8527.9  0.52357  
8532.4  0.5595  
8536.900000000001  0.59477  
8541.4  0.63054  
8545.800000000001  0.666  
8550.3  0.70064  
8554.8  0.73443  
8559.3  0.76674  
8563.7  0.7973  
8568.2  0.82596  
8572.7  0.85303  
8577.2  0.87722  
8581.6  0.89847  
8586.1  0.91699  
8590.599999999999  0.93312  
8595.1  0.94721  
8599.5  0.95962  
8604.0  0.96886  
8608.5  0.97532  
8613.0  0.98096  
8617.5  0.98624  
8621.900000000001  0.99011  
8626.4  0.99101  
8630.9  0.99087  
8635.4  0.99145  
8639.8  0.99239  
8644.3  0.99261  
8648.8  0.99269  
8653.300000000001  0.9924  
8657.8  0.99252  
8662.2  0.99288  
8666.699999999999  0.99263  
8671.2  0.99246  
8675.7  0.99214  
8680.2  0.99201  
8684.6  0.9921  
8689.1  0.99217  
8693.6  0.99242  
8698.099999999999  0.9927  
8702.6  0.99229  
8707.1  0.99238  
8711.5  0.99312  
8716.0  0.9932  
8720.5  0.99231  
8725.0  0.99146  
8729.5  0.99124  
8734.0  0.99174  
8738.4  0.99233  
8742.9  0.99302  
8747.4  0.99375  
8751.900000000001  0.99307  
8756.4  0.99219  
8760.9  0.99216  
8765.4  0.99226  
8769.8  0.99219  
8774.3  0.99227  
8778.8  0.99185  
8783.300000000001  0.99212  
8787.8  0.99355  
8792.3  0.99334  
8796.8  0.99228  
8801.3  0.9921  
8805.7  0.99239  
8810.2  0.99165  
8814.7  0.99139  
8819.199999999999  0.99191  
8823.7  0.9925  
8828.2  0.99223  
8832.7  0.99163  
8837.2  0.99161  
8841.699999999999  0.99147  
8846.1  0.99124  
8850.599999999999  0.99161  
8855.1  0.99199  
8859.6  0.99179  
8864.1  0.99127  
8868.6  0.99097  
8873.099999999999  0.9918  
8877.6  0.99276  
8882.1  0.99255  
8886.6  0.99158  
8891.1  0.99091  
8895.5  0.99092  
8900.0  0.99044  
8904.5  0.99  
8909.0  0.99032  
8913.5  0.99095  
8918.0  0.9913  
8922.5  0.99144  
8927.0  0.99114  
8931.5  0.99091  
8936.0  0.99115  
8940.5  0.99085  
8945.0  0.99082  
8949.5  0.99116  
8954.0  0.99104  
8958.5  0.98947  
8963.0  0.98821  
8967.5  0.98908  
8972.0  0.99092  
8976.5  0.99114  
8981.0  0.99021  
8985.4  0.98983  
8989.9  0.98944  
8994.400000000001  0.99024  
8998.9  0.99109  
9003.4  0.98997  
9007.9  0.99074  
9012.4  0.99223  
9016.900000000001  0.99185  
9021.4  0.99238  
9025.9  0.99273  
9030.4  0.99189  
9034.9  0.99144  
9039.400000000001  0.99206  
9043.9  0.99285  
9048.4  0.99382  
9052.9  0.99338  
9057.4  0.99205  
9061.900000000001  0.99227  
9066.4  0.99346  
9070.9  0.99319  
9075.4  0.99248  
9079.9  0.99267  
9084.400000000001  0.99303  
9088.9  0.99256  
9093.4  0.99176  
9098.0  0.99126  
9102.5  0.99088  
9107.0  0.9906  
9111.5  0.99107  
9116.0  0.99118  
9120.5  0.99059  
9125.0  0.98996  
9129.5  0.98985  
9134.0  0.98965  
9138.5  0.9889  
9143.0  0.98807  
9147.5  0.98694  
9152.0  0.9852  
9156.5  0.98454  
9161.0  0.98436  
9165.5  0.98361  
9170.0  0.98234  
9174.5  0.98053  
9179.0  0.97793  
9183.5  0.97545  
9188.099999999999  0.97419  
9192.6  0.97175  
9197.1  0.96798  
9201.6  0.96372  
9206.1  0.95936  
9210.599999999999  0.95518  
9215.1  0.95042  
9219.6  0.94329  
9224.1  0.93621  
9228.6  0.92888  
9233.099999999999  0.92006  
9237.6  0.90962  
9242.2  0.89827  
9246.699999999999  0.88654  
9251.2  0.87407  
9255.7  0.85959  
9260.2  0.84334  
9264.7  0.82556  
9269.199999999999  0.80547  
9273.7  0.78375  
9278.2  0.76142  
9282.7  0.73709  
9287.3  0.71014  
9291.8  0.68197  
9296.3  0.65214  
9300.800000000001  0.62013  
9305.3  0.5877  
9309.8  0.55534  
9314.3  0.52197  
9318.8  0.48758  
9323.4  0.45349  
9327.9  0.41945  
9332.4  0.38534  
9336.900000000001  0.35258  
9341.4  0.32156  
9345.9  0.29157  
9350.4  0.26312  
9355.0  0.23676  
9359.5  0.21288  
9364.0  0.19132  
9368.5  0.17175  
9373.0  0.15388  
9377.5  0.13788  
9382.0  0.12386  
9386.6  0.11076  
9391.1  0.09837  
9395.599999999999  0.08755  
9400.1  0.07913  
9404.6  0.07198  
9409.1  0.06464  
9413.7  0.05746  
9418.2  0.05079  
9422.7  0.04593  
9427.2  0.04159  
9431.699999999999  0.03717  
9436.2  0.03414  
9440.800000000001  0.03088  
9445.3  0.02729  
9449.8  0.02464  
9454.3  0.02283  
9458.8  0.02084  
9463.4  0.01753  
9467.9  0.01443  
9472.4  0.01349  
9476.900000000001  0.01302  
9481.4  0.01204  
9485.9  0.0105  
9490.5  0.00903  
9495.0  0.00857  
9499.5  0.00829  
9504.0  0.00712  
9508.6  0.00617  
9513.099999999999  0.00559  
9517.6  0.00486  
9522.1  0.00351  
9526.6  0.00271  
9531.2  0.0032  
9535.7  0.0036  
9540.2  0.00366  
9544.7  0.00425  
9549.199999999999  0.00336  
9553.8  0.00194  
9558.300000000001  0.00208  
9562.8  0.00283  
9567.3  0.00275  
9571.900000000001  0.00228  
9576.4  0.00229  
9580.9  0.00206  
9585.4  0.0019  
9590.0  0.00202  
9594.5  0.00222  
9599.0  0.00198  

