@MEASUREMENT_RADIUS 23.0 cm
#lambda:
#tr:
#end
8002.1  0.0039  
8006.5  0.00389  
8010.900000000001  0.00406  
8015.4  0.00415  
8019.8  0.00417  
8024.299999999999  0.00412  
8028.7  0.00413  
8033.099999999999  0.00421  
8037.6  0.00415  
8042.0  0.00405  
8046.5  0.0041  
8050.900000000001  0.0042  
8055.4  0.0041  
8059.8  0.00404  
8064.2  0.00404  
8068.7  0.00398  
8073.099999999999  0.0041  
8077.6  0.00418  
8082.0  0.00408  
8086.5  0.00412  
8090.900000000001  0.00425  
8095.4  0.00427  
8099.8  0.00429  
8104.299999999999  0.00411  
8108.7  0.00386  
8113.099999999999  0.00401  
8117.6  0.00433  
8122.0  0.00432  
8126.5  0.00414  
8130.900000000001  0.00419  
8135.4  0.00435  
8139.8  0.0043  
8144.299999999999  0.00426  
8148.7  0.00438  
8153.200000000001  0.00435  
8157.6  0.00434  
8162.1  0.00447  
8166.5  0.00431  
8171.0  0.00418  
8175.4  0.00449  
8179.9  0.00468  
8184.299999999999  0.00457  
8188.8  0.00462  
8193.2  0.00468  
8197.7  0.00456  
8202.2  0.0044  
8206.6  0.00433  
8211.1  0.00434  
8215.5  0.00457  
8220.0  0.00483  
8224.400000000001  0.00495  
8228.9  0.00495  
8233.300000000001  0.0049  
8237.8  0.00493  
8242.2  0.00518  
8246.699999999999  0.00531  
8251.1  0.00532  
8255.599999999999  0.00541  
8260.1  0.00566  
8264.5  0.00573  
8269.0  0.00561  
8273.4  0.0058  
8277.9  0.00632  
8282.3  0.00663  
8286.8  0.00678  
8291.3  0.00695  
8295.7  0.00716  
8300.2  0.00733  
8304.6  0.00754  
8309.1  0.00788  
8313.6  0.00819  
8318.0  0.00837  
8322.5  0.00882  
8326.900000000001  0.00934  
8331.4  0.00966  
8335.9  0.01005  
8340.3  0.0105  
8344.8  0.01113  
8349.199999999999  0.01158  
8353.7  0.01179  
8358.2  0.01256  
8362.6  0.01359  
8367.1  0.01453  
8371.6  0.01557  
8376.0  0.01672  
8380.5  0.01796  
8385.0  0.01929  
8389.400000000001  0.02095  
8393.9  0.02315  
8398.300000000001  0.02572  
8402.8  0.02857  
8407.3  0.03169  
8411.699999999999  0.03504  
8416.2  0.03904  
8420.7  0.04404  
8425.1  0.04974  
8429.6  0.05614  
8434.1  0.06327  
8438.5  0.07134  
8443.0  0.08048  
8447.5  0.09074  
8451.900000000001  0.10239  
8456.4  0.11554  
8460.9  0.13002  
8465.4  0.14565  
8469.8  0.16281  
8474.3  0.18142  
8478.8  0.20202  
8483.2  0.22464  
8487.7  0.24852  
8492.2  0.27406  
8496.6  0.30146  
8501.1  0.33013  
8505.599999999999  0.36028  
8510.1  0.39215  
8514.5  0.42525  
8519.0  0.45959  
8523.5  0.49502  
8527.9  0.53093  
8532.4  0.56679  
8536.900000000001  0.60236  
8541.4  0.63798  
8545.800000000001  0.67328  
8550.3  0.70743  
8554.8  0.74061  
8559.3  0.77218  
8563.7  0.80237  
8568.2  0.83063  
8572.7  0.85678  
8577.2  0.88062  
8581.6  0.90094  
8586.1  0.91841  
8590.599999999999  0.93495  
8595.1  0.94917  
8599.5  0.96072  
8604.0  0.96977  
8608.5  0.97597  
8613.0  0.98091  
8617.5  0.98554  
8621.900000000001  0.9897  
8626.4  0.99185  
8630.9  0.99185  
8635.4  0.99208  
8639.8  0.99318  
8644.3  0.99353  
8648.8  0.99334  
8653.300000000001  0.99259  
8657.8  0.99249  
8662.2  0.99303  
8666.699999999999  0.99239  
8671.2  0.99181  
8675.7  0.9925  
8680.2  0.99357  
8684.6  0.99254  
8689.1  0.99115  
8693.6  0.9917  
8698.099999999999  0.99321  
8702.6  0.99327  
8707.1  0.99225  
8711.5  0.99236  
8716.0  0.99289  
8720.5  0.99297  
8725.0  0.99234  
8729.5  0.99135  
8734.0  0.99175  
8738.4  0.99201  
8742.9  0.99198  
8747.4  0.9923  
8751.900000000001  0.99283  
8756.4  0.99244  
8760.9  0.99106  
8765.4  0.99137  
8769.8  0.99214  
8774.3  0.99227  
8778.8  0.99193  
8783.300000000001  0.99154  
8787.8  0.99227  
8792.3  0.99265  
8796.8  0.99245  
8801.3  0.99185  
8805.7  0.99182  
8810.2  0.99173  
8814.7  0.99203  
8819.199999999999  0.9921  
8823.7  0.99173  
8828.2  0.99152  
8832.7  0.99203  
8837.2  0.99285  
8841.699999999999  0.9922  
8846.1  0.9909  
8850.599999999999  0.99112  
8855.1  0.99189  
8859.6  0.99155  
8864.1  0.99133  
8868.6  0.99141  
8873.099999999999  0.99156  
8877.6  0.99202  
8882.1  0.99187  
8886.6  0.99132  
8891.1  0.99106  
8895.5  0.99072  
8900.0  0.99081  
8904.5  0.99152  
8909.0  0.99175  
8913.5  0.99146  
8918.0  0.99129  
8922.5  0.99167  
8927.0  0.99182  
8931.5  0.9907  
8936.0  0.99002  
8940.5  0.99009  
8945.0  0.99041  
8949.5  0.99085  
8954.0  0.99133  
8958.5  0.99063  
8963.0  0.98909  
8967.5  0.9892  
8972.0  0.9905  
8976.5  0.9907  
8981.0  0.9904  
8985.4  0.99049  
8989.9  0.99046  
8994.400000000001  0.99046  
8998.9  0.9914  
9003.4  0.99153  
9007.9  0.99094  
9012.4  0.9912  
9016.900000000001  0.99246  
9021.4  0.99368  
9025.9  0.99292  
9030.4  0.99183  
9034.9  0.99141  
9039.400000000001  0.9919  
9043.9  0.99255  
9048.4  0.9932  
9052.9  0.99321  
9057.4  0.99243  
9061.900000000001  0.99251  
9066.4  0.99303  
9070.9  0.99256  
9075.4  0.99133  
9079.9  0.99121  
9084.400000000001  0.99249  
9088.9  0.99267  
9093.4  0.99134  
9098.0  0.99047  
9102.5  0.99101  
9107.0  0.99155  
9111.5  0.99108  
9116.0  0.99055  
9120.5  0.99042  
9125.0  0.98949  
9129.5  0.98908  
9134.0  0.98915  
9138.5  0.98837  
9143.0  0.98746  
9147.5  0.9868  
9152.0  0.98543  
9156.5  0.98403  
9161.0  0.98345  
9165.5  0.98334  
9170.0  0.98229  
9174.5  0.97979  
9179.0  0.97752  
9183.5  0.97593  
9188.099999999999  0.97433  
9192.6  0.97128  
9197.1  0.96755  
9201.6  0.96413  
9206.1  0.95973  
9210.599999999999  0.95452  
9215.1  0.94945  
9219.6  0.94306  
9224.1  0.93467  
9228.6  0.92643  
9233.099999999999  0.91935  
9237.6  0.91001  
9242.2  0.8984  
9246.699999999999  0.88607  
9251.2  0.87305  
9255.7  0.85814  
9260.2  0.84131  
9264.7  0.82338  
9269.199999999999  0.80297  
9273.7  0.78139  
9278.2  0.75998  
9282.7  0.73577  
9287.3  0.70813  
9291.8  0.67899  
9296.3  0.64907  
9300.800000000001  0.61816  
9305.3  0.5865  
9309.8  0.55328  
9314.3  0.51864  
9318.8  0.48464  
9323.4  0.45075  
9327.9  0.41633  
9332.4  0.38281  
9336.900000000001  0.35047  
9341.4  0.3195  
9345.9  0.28966  
9350.4  0.26099  
9355.0  0.23484  
9359.5  0.2114  
9364.0  0.18955  
9368.5  0.16949  
9373.0  0.15237  
9377.5  0.13714  
9382.0  0.12212  
9386.6  0.1089  
9391.1  0.09775  
9395.599999999999  0.08788  
9400.1  0.07978  
9404.6  0.07127  
9409.1  0.06297  
9413.7  0.05684  
9418.2  0.05181  
9422.7  0.04666  
9427.2  0.04164  
9431.699999999999  0.03688  
9436.2  0.03328  
9440.800000000001  0.03024  
9445.3  0.02701  
9449.8  0.02425  
9454.3  0.02173  
9458.8  0.01939  
9463.4  0.01863  
9467.9  0.01626  
9472.4  0.0132  
9476.900000000001  0.01182  
9481.4  0.01116  
9485.9  0.01002  
9490.5  0.00872  
9495.0  0.00779  
9499.5  0.00706  
9504.0  0.00681  
9508.6  0.00659  
9513.099999999999  0.00703  
9517.6  0.0062  
9522.1  0.00424  
9526.6  0.00312  
9531.2  0.00334  
9535.7  0.00407  
9540.2  0.00322  
9544.7  0.00311  
9549.199999999999  0.003  
9553.8  0.00312  
9558.300000000001  0.00309  
9562.8  0.00267  
9567.3  0.00211  
9571.900000000001  0.00203  
9576.4  0.00236  
9580.9  0.00205  
9585.4  0.00195  
9590.0  0.0021  
9594.5  0.00157  
9599.0  0.00133  

