@MEASUREMENT_RADIUS 24.0 cm
#lambda:
#tr:
#end
8002.1  0.00418  
8006.5  0.00412  
8010.900000000001  0.00407  
8015.4  0.00414  
8019.8  0.00417  
8024.299999999999  0.00412  
8028.7  0.00403  
8033.099999999999  0.00401  
8037.6  0.0041  
8042.0  0.00409  
8046.5  0.00411  
8050.900000000001  0.00416  
8055.4  0.00412  
8059.8  0.0042  
8064.2  0.00425  
8068.7  0.00409  
8073.099999999999  0.00402  
8077.6  0.00402  
8082.0  0.00397  
8086.5  0.00393  
8090.900000000001  0.00412  
8095.4  0.00437  
8099.8  0.00442  
8104.299999999999  0.00416  
8108.7  0.00408  
8113.099999999999  0.00435  
8117.6  0.0043  
8122.0  0.00423  
8126.5  0.00417  
8130.900000000001  0.00414  
8135.4  0.0043  
8139.8  0.00441  
8144.299999999999  0.00435  
8148.7  0.00427  
8153.200000000001  0.00428  
8157.6  0.00437  
8162.1  0.00451  
8166.5  0.0045  
8171.0  0.00435  
8175.4  0.00433  
8179.9  0.0044  
8184.299999999999  0.00453  
8188.8  0.00464  
8193.2  0.00476  
8197.7  0.00467  
8202.2  0.0045  
8206.6  0.00431  
8211.1  0.00443  
8215.5  0.00471  
8220.0  0.0048  
8224.400000000001  0.00475  
8228.9  0.00472  
8233.300000000001  0.00485  
8237.8  0.00491  
8242.2  0.00501  
8246.699999999999  0.00531  
8251.1  0.00543  
8255.599999999999  0.00544  
8260.1  0.00544  
8264.5  0.00547  
8269.0  0.00573  
8273.4  0.00604  
8277.9  0.00621  
8282.3  0.00628  
8286.8  0.00649  
8291.3  0.00671  
8295.7  0.00705  
8300.2  0.00742  
8304.6  0.00783  
8309.1  0.00816  
8313.6  0.00834  
8318.0  0.0085  
8322.5  0.00876  
8326.900000000001  0.00909  
8331.4  0.00961  
8335.9  0.01016  
8340.3  0.01049  
8344.8  0.01087  
8349.199999999999  0.01145  
8353.7  0.01211  
8358.2  0.01283  
8362.6  0.01374  
8367.1  0.01483  
8371.6  0.016  
8376.0  0.01682  
8380.5  0.01798  
8385.0  0.01988  
8389.400000000001  0.02181  
8393.9  0.02376  
8398.300000000001  0.02615  
8402.8  0.02915  
8407.3  0.03226  
8411.699999999999  0.03583  
8416.2  0.04031  
8420.7  0.04538  
8425.1  0.05077  
8429.6  0.0571  
8434.1  0.06457  
8438.5  0.07288  
8443.0  0.08214  
8447.5  0.09283  
8451.900000000001  0.105  
8456.4  0.1184  
8460.9  0.13311  
8465.4  0.14911  
8469.8  0.16697  
8474.3  0.1865  
8478.8  0.20713  
8483.2  0.22965  
8487.7  0.25456  
8492.2  0.28092  
8496.6  0.30836  
8501.1  0.33731  
8505.599999999999  0.36778  
8510.1  0.39954  
8514.5  0.43312  
8519.0  0.46829  
8523.5  0.50393  
8527.9  0.53978  
8532.4  0.57538  
8536.900000000001  0.61103  
8541.4  0.64662  
8545.800000000001  0.68086  
8550.3  0.71407  
8554.8  0.74692  
8559.3  0.77841  
8563.7  0.80861  
8568.2  0.8366  
8572.7  0.86229  
8577.2  0.88498  
8581.6  0.90458  
8586.1  0.92199  
8590.599999999999  0.93774  
8595.1  0.95144  
8599.5  0.96268  
8604.0  0.97144  
8608.5  0.97752  
8613.0  0.98215  
8617.5  0.98668  
8621.900000000001  0.99022  
8626.4  0.99096  
8630.9  0.99133  
8635.4  0.99311  
8639.8  0.99399  
8644.3  0.99297  
8648.8  0.99262  
8653.300000000001  0.99231  
8657.8  0.99218  
8662.2  0.99212  
8666.699999999999  0.99196  
8671.2  0.99246  
8675.7  0.99256  
8680.2  0.99293  
8684.6  0.99269  
8689.1  0.99224  
8693.6  0.99224  
8698.099999999999  0.9919  
8702.6  0.99153  
8707.1  0.99235  
8711.5  0.99355  
8716.0  0.99306  
8720.5  0.99177  
8725.0  0.99139  
8729.5  0.99153  
8734.0  0.99216  
8738.4  0.99266  
8742.9  0.99272  
8747.4  0.99279  
8751.900000000001  0.99204  
8756.4  0.99139  
8760.9  0.99163  
8765.4  0.99212  
8769.8  0.99211  
8774.3  0.99228  
8778.8  0.99252  
8783.300000000001  0.99279  
8787.8  0.99354  
8792.3  0.9931  
8796.8  0.99228  
8801.3  0.99174  
8805.7  0.9918  
8810.2  0.99176  
8814.7  0.99206  
8819.199999999999  0.9917  
8823.7  0.99109  
8828.2  0.99152  
8832.7  0.99248  
8837.2  0.99261  
8841.699999999999  0.99071  
8846.1  0.98964  
8850.599999999999  0.99073  
8855.1  0.99166  
8859.6  0.99164  
8864.1  0.9916  
8868.6  0.99116  
8873.099999999999  0.99124  
8877.6  0.99181  
8882.1  0.99139  
8886.6  0.99097  
8891.1  0.99146  
8895.5  0.99187  
8900.0  0.99131  
8904.5  0.9902  
8909.0  0.99061  
8913.5  0.99253  
8918.0  0.99278  
8922.5  0.99137  
8927.0  0.99052  
8931.5  0.991  
8936.0  0.99158  
8940.5  0.9908  
8945.0  0.99075  
8949.5  0.99154  
8954.0  0.99091  
8958.5  0.99006  
8963.0  0.98992  
8967.5  0.98979  
8972.0  0.99013  
8976.5  0.98988  
8981.0  0.98871  
8985.4  0.98858  
8989.9  0.98985  
8994.400000000001  0.99048  
8998.9  0.99047  
9003.4  0.99047  
9007.9  0.9907  
9012.4  0.99077  
9016.900000000001  0.99115  
9021.4  0.99237  
9025.9  0.9927  
9030.4  0.99234  
9034.9  0.99227  
9039.400000000001  0.9929  
9043.9  0.99278  
9048.4  0.99254  
9052.9  0.99251  
9057.4  0.99239  
9061.900000000001  0.99266  
9066.4  0.99316  
9070.9  0.99203  
9075.4  0.99083  
9079.9  0.99109  
9084.400000000001  0.99228  
9088.9  0.99298  
9093.4  0.99209  
9098.0  0.99073  
9102.5  0.99093  
9107.0  0.99195  
9111.5  0.99171  
9116.0  0.99119  
9120.5  0.99078  
9125.0  0.98965  
9129.5  0.98886  
9134.0  0.98878  
9138.5  0.98843  
9143.0  0.98699  
9147.5  0.98602  
9152.0  0.98572  
9156.5  0.98499  
9161.0  0.984  
9165.5  0.98303  
9170.0  0.98169  
9174.5  0.98019  
9179.0  0.97742  
9183.5  0.97477  
9188.099999999999  0.97351  
9192.6  0.9707  
9197.1  0.96656  
9201.6  0.96305  
9206.1  0.95892  
9210.599999999999  0.95397  
9215.1  0.94888  
9219.6  0.94201  
9224.1  0.93411  
9228.6  0.92576  
9233.099999999999  0.91771  
9237.6  0.90811  
9242.2  0.89627  
9246.699999999999  0.88358  
9251.2  0.8703  
9255.7  0.85525  
9260.2  0.83812  
9264.7  0.82033  
9269.199999999999  0.80072  
9273.7  0.77907  
9278.2  0.75648  
9282.7  0.73182  
9287.3  0.70513  
9291.8  0.67635  
9296.3  0.6464  
9300.800000000001  0.615  
9305.3  0.58263  
9309.8  0.54931  
9314.3  0.5146  
9318.8  0.48004  
9323.4  0.44611  
9327.9  0.41276  
9332.4  0.37936  
9336.900000000001  0.34674  
9341.4  0.31616  
9345.9  0.2872  
9350.4  0.25965  
9355.0  0.23325  
9359.5  0.20873  
9364.0  0.18756  
9368.5  0.16865  
9373.0  0.15102  
9377.5  0.13525  
9382.0  0.12134  
9386.6  0.10872  
9391.1  0.09696  
9395.599999999999  0.08639  
9400.1  0.07818  
9404.6  0.07131  
9409.1  0.0645  
9413.7  0.05696  
9418.2  0.04974  
9422.7  0.04537  
9427.2  0.04185  
9431.699999999999  0.03724  
9436.2  0.03332  
9440.800000000001  0.02913  
9445.3  0.02545  
9449.8  0.02304  
9454.3  0.02093  
9458.8  0.01953  
9463.4  0.01768  
9467.9  0.01535  
9472.4  0.0138  
9476.900000000001  0.01255  
9481.4  0.01104  
9485.9  0.01052  
9490.5  0.00967  
9495.0  0.00817  
9499.5  0.00707  
9504.0  0.00601  
9508.6  0.00462  
9513.099999999999  0.0044  
9517.6  0.00498  
9522.1  0.00511  
9526.6  0.00473  
9531.2  0.004  
9535.7  0.00346  
9540.2  0.00363  
9544.7  0.00327  
9549.199999999999  0.00317  
9553.8  0.00347  
9558.300000000001  0.0033  
9562.8  0.00263  
9567.3  0.00171  
9571.900000000001  0.00131  
9576.4  0.00198  
9580.9  0.00222  
9585.4  0.0025  
9590.0  0.00186  
9594.5  0.00159  
9599.0  0.00187  

