@MEASUREMENT_RADIUS 25.0 cm
#lambda:
#tr:
#end
8002.1  0.00404  
8006.5  0.00369  
8010.900000000001  0.00366  
8015.4  0.0039  
8019.8  0.00409  
8024.299999999999  0.00414  
8028.7  0.00414  
8033.099999999999  0.00418  
8037.6  0.00421  
8042.0  0.0042  
8046.5  0.00423  
8050.900000000001  0.00422  
8055.4  0.00422  
8059.8  0.00416  
8064.2  0.00397  
8068.7  0.00389  
8073.099999999999  0.00404  
8077.6  0.00417  
8082.0  0.00413  
8086.5  0.00413  
8090.900000000001  0.00428  
8095.4  0.00434  
8099.8  0.00418  
8104.299999999999  0.00413  
8108.7  0.00415  
8113.099999999999  0.00417  
8117.6  0.00419  
8122.0  0.00422  
8126.5  0.00416  
8130.900000000001  0.00427  
8135.4  0.00441  
8139.8  0.00429  
8144.299999999999  0.00429  
8148.7  0.00447  
8153.200000000001  0.00461  
8157.6  0.00459  
8162.1  0.00461  
8166.5  0.0045  
8171.0  0.00442  
8175.4  0.00455  
8179.9  0.00458  
8184.299999999999  0.0044  
8188.8  0.00436  
8193.2  0.00445  
8197.7  0.00449  
8202.2  0.00445  
8206.6  0.00434  
8211.1  0.0045  
8215.5  0.0049  
8220.0  0.0048  
8224.400000000001  0.00464  
8228.9  0.00481  
8233.300000000001  0.00489  
8237.8  0.00493  
8242.2  0.00506  
8246.699999999999  0.00519  
8251.1  0.00537  
8255.599999999999  0.00566  
8260.1  0.00588  
8264.5  0.00588  
8269.0  0.00588  
8273.4  0.00606  
8277.9  0.00629  
8282.3  0.00637  
8286.8  0.00663  
8291.3  0.00714  
8295.7  0.00737  
8300.2  0.00728  
8304.6  0.00762  
8309.1  0.00819  
8313.6  0.00849  
8318.0  0.00848  
8322.5  0.00864  
8326.900000000001  0.00911  
8331.4  0.0097  
8335.9  0.01021  
8340.3  0.01049  
8344.8  0.01076  
8349.199999999999  0.01148  
8353.7  0.01243  
8358.2  0.01316  
8362.6  0.01383  
8367.1  0.01475  
8371.6  0.01583  
8376.0  0.01713  
8380.5  0.01855  
8385.0  0.02014  
8389.400000000001  0.02203  
8393.9  0.02417  
8398.300000000001  0.02671  
8402.8  0.02972  
8407.3  0.03283  
8411.699999999999  0.03645  
8416.2  0.04106  
8420.7  0.04628  
8425.1  0.05202  
8429.6  0.05881  
8434.1  0.06648  
8438.5  0.07474  
8443.0  0.08421  
8447.5  0.09509  
8451.900000000001  0.1075  
8456.4  0.12136  
8460.9  0.13643  
8465.4  0.15277  
8469.8  0.17082  
8474.3  0.19063  
8478.8  0.21199  
8483.2  0.23482  
8487.7  0.25956  
8492.2  0.28624  
8496.6  0.31462  
8501.1  0.34405  
8505.599999999999  0.37475  
8510.1  0.40716  
8514.5  0.44077  
8519.0  0.47541  
8523.5  0.51087  
8527.9  0.54701  
8532.4  0.58302  
8536.900000000001  0.61851  
8541.4  0.65344  
8545.800000000001  0.68772  
8550.3  0.72138  
8554.8  0.75349  
8559.3  0.78373  
8563.7  0.81331  
8568.2  0.8408  
8572.7  0.86555  
8577.2  0.88766  
8581.6  0.90741  
8586.1  0.92433  
8590.599999999999  0.9394  
8595.1  0.95298  
8599.5  0.96415  
8604.0  0.97232  
8608.5  0.97825  
8613.0  0.98326  
8617.5  0.98715  
8621.900000000001  0.99031  
8626.4  0.99183  
8630.9  0.99211  
8635.4  0.99243  
8639.8  0.99287  
8644.3  0.99316  
8648.8  0.99344  
8653.300000000001  0.99273  
8657.8  0.99173  
8662.2  0.99204  
8666.699999999999  0.99241  
8671.2  0.99178  
8675.7  0.99162  
8680.2  0.99281  
8684.6  0.99314  
8689.1  0.99296  
8693.6  0.99294  
8698.099999999999  0.99224  
8702.6  0.99126  
8707.1  0.99131  
8711.5  0.99228  
8716.0  0.99263  
8720.5  0.99229  
8725.0  0.9916  
8729.5  0.99079  
8734.0  0.99167  
8738.4  0.99232  
8742.9  0.99233  
8747.4  0.99245  
8751.900000000001  0.99162  
8756.4  0.99116  
8760.9  0.99121  
8765.4  0.99157  
8769.8  0.99242  
8774.3  0.99312  
8778.8  0.99252  
8783.300000000001  0.99211  
8787.8  0.99237  
8792.3  0.99207  
8796.8  0.99237  
8801.3  0.99239  
8805.7  0.99217  
8810.2  0.99166  
8814.7  0.99162  
8819.199999999999  0.99134  
8823.7  0.99167  
8828.2  0.99216  
8832.7  0.99201  
8837.2  0.99196  
8841.699999999999  0.99128  
8846.1  0.99054  
8850.599999999999  0.99068  
8855.1  0.99107  
8859.6  0.99154  
8864.1  0.99207  
8868.6  0.99167  
8873.099999999999  0.99163  
8877.6  0.99173  
8882.1  0.9913  
8886.6  0.99111  
8891.1  0.9909  
8895.5  0.99092  
8900.0  0.9909  
8904.5  0.99108  
8909.0  0.99124  
8913.5  0.99104  
8918.0  0.99086  
8922.5  0.99081  
8927.0  0.99089  
8931.5  0.99045  
8936.0  0.99068  
8940.5  0.99128  
8945.0  0.99136  
8949.5  0.99084  
8954.0  0.98991  
8958.5  0.9896  
8963.0  0.99038  
8967.5  0.99026  
8972.0  0.9901  
8976.5  0.99044  
8981.0  0.99037  
8985.4  0.99019  
8989.9  0.99036  
8994.400000000001  0.99043  
8998.9  0.99094  
9003.4  0.99071  
9007.9  0.99048  
9012.4  0.99114  
9016.900000000001  0.99157  
9021.4  0.99224  
9025.9  0.99197  
9030.4  0.99153  
9034.9  0.99167  
9039.400000000001  0.9923  
9043.9  0.99263  
9048.4  0.99343  
9052.9  0.99364  
9057.4  0.99305  
9061.900000000001  0.99278  
9066.4  0.99275  
9070.9  0.99204  
9075.4  0.99143  
9079.9  0.99195  
9084.400000000001  0.9933  
9088.9  0.99337  
9093.4  0.99206  
9098.0  0.9911  
9102.5  0.99103  
9107.0  0.99098  
9111.5  0.99092  
9116.0  0.99081  
9120.5  0.9901  
9125.0  0.98893  
9129.5  0.989  
9134.0  0.98888  
9138.5  0.98729  
9143.0  0.9863  
9147.5  0.98667  
9152.0  0.98596  
9156.5  0.98465  
9161.0  0.98359  
9165.5  0.98252  
9170.0  0.98117  
9174.5  0.97855  
9179.0  0.97612  
9183.5  0.9752  
9188.099999999999  0.97358  
9192.6  0.97016  
9197.1  0.96656  
9201.6  0.96257  
9206.1  0.95757  
9210.599999999999  0.95233  
9215.1  0.94769  
9219.6  0.9413  
9224.1  0.93386  
9228.6  0.92619  
9233.099999999999  0.91738  
9237.6  0.90614  
9242.2  0.89421  
9246.699999999999  0.88207  
9251.2  0.86893  
9255.7  0.8545  
9260.2  0.83844  
9264.7  0.82009  
9269.199999999999  0.79893  
9273.7  0.77678  
9278.2  0.75404  
9282.7  0.72868  
9287.3  0.70073  
9291.8  0.67257  
9296.3  0.64371  
9300.800000000001  0.61209  
9305.3  0.57865  
9309.8  0.54501  
9314.3  0.51092  
9318.8  0.4771  
9323.4  0.4436  
9327.9  0.40923  
9332.4  0.37505  
9336.900000000001  0.34291  
9341.4  0.31266  
9345.9  0.2837  
9350.4  0.25652  
9355.0  0.23064  
9359.5  0.20671  
9364.0  0.18562  
9368.5  0.16632  
9373.0  0.14865  
9377.5  0.13322  
9382.0  0.11947  
9386.6  0.10734  
9391.1  0.09677  
9395.599999999999  0.08726  
9400.1  0.07835  
9404.6  0.06987  
9409.1  0.06197  
9413.7  0.05561  
9418.2  0.05049  
9422.7  0.04551  
9427.2  0.04093  
9431.699999999999  0.03687  
9436.2  0.0326  
9440.800000000001  0.02904  
9445.3  0.02541  
9449.8  0.02287  
9454.3  0.02172  
9458.8  0.02042  
9463.4  0.0182  
9467.9  0.01489  
9472.4  0.01238  
9476.900000000001  0.01163  
9481.4  0.01175  
9485.9  0.01052  
9490.5  0.00768  
9495.0  0.0062  
9499.5  0.00625  
9504.0  0.00659  
9508.6  0.00637  
9513.099999999999  0.00595  
9517.6  0.00526  
9522.1  0.00446  
9526.6  0.00451  
9531.2  0.00438  
9535.7  0.0039  
9540.2  0.00291  
9544.7  0.00342  
9549.199999999999  0.00386  
9553.8  0.00324  
9558.300000000001  0.00251  
9562.8  0.00223  
9567.3  0.00216  
9571.900000000001  0.00224  
9576.4  0.0028  
9580.9  0.00259  
9585.4  0.00189  
9590.0  0.00143  
9594.5  0.0025  
9599.0  0.00305  

