@MEASUREMENT_RADIUS 26.0 cm
#lambda:
#tr:
#end
8002.1  0.00402  
8006.5  0.00398  
8010.900000000001  0.00404  
8015.4  0.00425  
8019.8  0.00423  
8024.299999999999  0.00408  
8028.7  0.00403  
8033.099999999999  0.00416  
8037.6  0.00423  
8042.0  0.00421  
8046.5  0.00425  
8050.900000000001  0.00418  
8055.4  0.00416  
8059.8  0.00419  
8064.2  0.00415  
8068.7  0.0041  
8073.099999999999  0.00415  
8077.6  0.00419  
8082.0  0.00413  
8086.5  0.00405  
8090.900000000001  0.0042  
8095.4  0.0043  
8099.8  0.00415  
8104.299999999999  0.00413  
8108.7  0.00414  
8113.099999999999  0.0042  
8117.6  0.0042  
8122.0  0.00401  
8126.5  0.00407  
8130.900000000001  0.00443  
8135.4  0.0045  
8139.8  0.00441  
8144.299999999999  0.00445  
8148.7  0.00448  
8153.200000000001  0.00449  
8157.6  0.00443  
8162.1  0.00439  
8166.5  0.00432  
8171.0  0.00452  
8175.4  0.00462  
8179.9  0.00438  
8184.299999999999  0.00436  
8188.8  0.00456  
8193.2  0.00445  
8197.7  0.00446  
8202.2  0.00465  
8206.6  0.00472  
8211.1  0.00463  
8215.5  0.00459  
8220.0  0.00454  
8224.400000000001  0.00465  
8228.9  0.00498  
8233.300000000001  0.00521  
8237.8  0.00519  
8242.2  0.00521  
8246.699999999999  0.0053  
8251.1  0.00535  
8255.599999999999  0.00535  
8260.1  0.00541  
8264.5  0.00555  
8269.0  0.00575  
8273.4  0.00598  
8277.9  0.00642  
8282.3  0.00686  
8286.8  0.00699  
8291.3  0.00706  
8295.7  0.00724  
8300.2  0.00746  
8304.6  0.00778  
8309.1  0.00812  
8313.6  0.00839  
8318.0  0.00883  
8322.5  0.00923  
8326.900000000001  0.00956  
8331.4  0.00978  
8335.9  0.01026  
8340.3  0.01087  
8344.8  0.0116  
8349.199999999999  0.0123  
8353.7  0.01264  
8358.2  0.01319  
8362.6  0.01419  
8367.1  0.01524  
8371.6  0.01633  
8376.0  0.01752  
8380.5  0.01887  
8385.0  0.02047  
8389.400000000001  0.0224  
8393.9  0.02454  
8398.300000000001  0.0269  
8402.8  0.0297  
8407.3  0.03334  
8411.699999999999  0.03748  
8416.2  0.04183  
8420.7  0.04686  
8425.1  0.0526  
8429.6  0.05948  
8434.1  0.06756  
8438.5  0.07642  
8443.0  0.08587  
8447.5  0.09667  
8451.900000000001  0.10931  
8456.4  0.12314  
8460.9  0.13835  
8465.4  0.15549  
8469.8  0.17402  
8474.3  0.19367  
8478.8  0.21551  
8483.2  0.23936  
8487.7  0.26437  
8492.2  0.29072  
8496.6  0.31901  
8501.1  0.34889  
8505.599999999999  0.38003  
8510.1  0.41264  
8514.5  0.44644  
8519.0  0.48146  
8523.5  0.51714  
8527.9  0.55271  
8532.4  0.58788  
8536.900000000001  0.62321  
8541.4  0.65885  
8545.800000000001  0.693  
8550.3  0.72568  
8554.8  0.75766  
8559.3  0.78808  
8563.7  0.81719  
8568.2  0.84363  
8572.7  0.86803  
8577.2  0.89042  
8581.6  0.90976  
8586.1  0.92556  
8590.599999999999  0.93997  
8595.1  0.95339  
8599.5  0.96456  
8604.0  0.97285  
8608.5  0.97844  
8613.0  0.98305  
8617.5  0.98733  
8621.900000000001  0.99016  
8626.4  0.99125  
8630.9  0.99206  
8635.4  0.99265  
8639.8  0.99365  
8644.3  0.99411  
8648.8  0.99384  
8653.300000000001  0.99274  
8657.8  0.99213  
8662.2  0.993  
8666.699999999999  0.99317  
8671.2  0.99273  
8675.7  0.99231  
8680.2  0.99224  
8684.6  0.99205  
8689.1  0.99179  
8693.6  0.99201  
8698.099999999999  0.99254  
8702.6  0.99259  
8707.1  0.99245  
8711.5  0.99247  
8716.0  0.99272  
8720.5  0.99256  
8725.0  0.99198  
8729.5  0.99143  
8734.0  0.99145  
8738.4  0.99143  
8742.9  0.99193  
8747.4  0.99237  
8751.900000000001  0.99216  
8756.4  0.99156  
8760.9  0.9912  
8765.4  0.99208  
8769.8  0.99261  
8774.3  0.99231  
8778.8  0.99228  
8783.300000000001  0.99252  
8787.8  0.99289  
8792.3  0.9926  
8796.8  0.9923  
8801.3  0.99219  
8805.7  0.99242  
8810.2  0.99179  
8814.7  0.99153  
8819.199999999999  0.9913  
8823.7  0.991  
8828.2  0.99184  
8832.7  0.99261  
8837.2  0.99198  
8841.699999999999  0.99096  
8846.1  0.99075  
8850.599999999999  0.99121  
8855.1  0.99152  
8859.6  0.99109  
8864.1  0.9914  
8868.6  0.99152  
8873.099999999999  0.99104  
8877.6  0.99125  
8882.1  0.99191  
8886.6  0.99167  
8891.1  0.99095  
8895.5  0.99045  
8900.0  0.99022  
8904.5  0.99073  
8909.0  0.99109  
8913.5  0.99124  
8918.0  0.99167  
8922.5  0.99119  
8927.0  0.99064  
8931.5  0.9907  
8936.0  0.99127  
8940.5  0.99127  
8945.0  0.99074  
8949.5  0.9904  
8954.0  0.99061  
8958.5  0.99043  
8963.0  0.98967  
8967.5  0.98917  
8972.0  0.99015  
8976.5  0.99068  
8981.0  0.99022  
8985.4  0.98996  
8989.9  0.99004  
8994.400000000001  0.99048  
8998.9  0.99096  
9003.4  0.99118  
9007.9  0.99188  
9012.4  0.99228  
9016.900000000001  0.992  
9021.4  0.99252  
9025.9  0.99285  
9030.4  0.99258  
9034.9  0.9917  
9039.400000000001  0.99149  
9043.9  0.99219  
9048.4  0.99339  
9052.9  0.99336  
9057.4  0.99251  
9061.900000000001  0.9926  
9066.4  0.99315  
9070.9  0.99224  
9075.4  0.99141  
9079.9  0.99193  
9084.400000000001  0.99277  
9088.9  0.99275  
9093.4  0.99205  
9098.0  0.99162  
9102.5  0.99174  
9107.0  0.99135  
9111.5  0.99089  
9116.0  0.99066  
9120.5  0.98967  
9125.0  0.98896  
9129.5  0.98934  
9134.0  0.98928  
9138.5  0.98814  
9143.0  0.98664  
9147.5  0.98609  
9152.0  0.98527  
9156.5  0.98417  
9161.0  0.98297  
9165.5  0.98196  
9170.0  0.98148  
9174.5  0.98017  
9179.0  0.9771  
9183.5  0.97357  
9188.099999999999  0.97161  
9192.6  0.97  
9197.1  0.96669  
9201.6  0.96204  
9206.1  0.95732  
9210.599999999999  0.95229  
9215.1  0.94726  
9219.6  0.9403  
9224.1  0.93228  
9228.6  0.92428  
9233.099999999999  0.91611  
9237.6  0.90575  
9242.2  0.89313  
9246.699999999999  0.88033  
9251.2  0.8675  
9255.7  0.8527  
9260.2  0.8354  
9264.7  0.81726  
9269.199999999999  0.79759  
9273.7  0.77491  
9278.2  0.75127  
9282.7  0.72635  
9287.3  0.69914  
9291.8  0.67077  
9296.3  0.6411  
9300.800000000001  0.60903  
9305.3  0.57566  
9309.8  0.54294  
9314.3  0.50934  
9318.8  0.47526  
9323.4  0.44105  
9327.9  0.40675  
9332.4  0.37359  
9336.900000000001  0.3418  
9341.4  0.31137  
9345.9  0.28218  
9350.4  0.25425  
9355.0  0.22896  
9359.5  0.20627  
9364.0  0.18489  
9368.5  0.16544  
9373.0  0.14827  
9377.5  0.13225  
9382.0  0.1175  
9386.6  0.10551  
9391.1  0.09552  
9395.599999999999  0.08594  
9400.1  0.0778  
9404.6  0.0696  
9409.1  0.06115  
9413.7  0.05459  
9418.2  0.04949  
9422.7  0.04468  
9427.2  0.04107  
9431.699999999999  0.03741  
9436.2  0.03319  
9440.800000000001  0.02949  
9445.3  0.02625  
9449.8  0.02426  
9454.3  0.02232  
9458.8  0.01938  
9463.4  0.01684  
9467.9  0.01509  
9472.4  0.01434  
9476.900000000001  0.01308  
9481.4  0.01154  
9485.9  0.00933  
9490.5  0.00775  
9495.0  0.00795  
9499.5  0.00782  
9504.0  0.00768  
9508.6  0.00654  
9513.099999999999  0.0056  
9517.6  0.00484  
9522.1  0.00388  
9526.6  0.00433  
9531.2  0.00522  
9535.7  0.00423  
9540.2  0.00299  
9544.7  0.00379  
9549.199999999999  0.00428  
9553.8  0.00309  
9558.300000000001  0.00188  
9562.8  0.0018  
9567.3  0.00217  
9571.900000000001  0.00258  
9576.4  0.00256  
9580.9  0.00206  
9585.4  0.00205  
9590.0  0.00147  
9594.5  0.00166  
9599.0  0.00126  

