@MEASUREMENT_RADIUS 27.0 cm
#lambda:
#tr:
#end
8002.1  0.00406  
8006.5  0.00419  
8010.900000000001  0.00407  
8015.4  0.00405  
8019.8  0.00425  
8024.299999999999  0.00441  
8028.7  0.00423  
8033.099999999999  0.0042  
8037.6  0.00425  
8042.0  0.00418  
8046.5  0.0042  
8050.900000000001  0.00421  
8055.4  0.0041  
8059.8  0.00401  
8064.2  0.004  
8068.7  0.00415  
8073.099999999999  0.00419  
8077.6  0.00411  
8082.0  0.00404  
8086.5  0.00412  
8090.900000000001  0.00426  
8095.4  0.00417  
8099.8  0.00396  
8104.299999999999  0.00392  
8108.7  0.00409  
8113.099999999999  0.00447  
8117.6  0.00446  
8122.0  0.00419  
8126.5  0.0042  
8130.900000000001  0.00435  
8135.4  0.00434  
8139.8  0.00434  
8144.299999999999  0.00446  
8148.7  0.00475  
8153.200000000001  0.00467  
8157.6  0.00443  
8162.1  0.0044  
8166.5  0.00441  
8171.0  0.00455  
8175.4  0.00465  
8179.9  0.00469  
8184.299999999999  0.00463  
8188.8  0.00453  
8193.2  0.00453  
8197.7  0.00446  
8202.2  0.00435  
8206.6  0.00463  
8211.1  0.00477  
8215.5  0.00467  
8220.0  0.00479  
8224.400000000001  0.00485  
8228.9  0.00484  
8233.300000000001  0.00494  
8237.8  0.00511  
8242.2  0.00522  
8246.699999999999  0.00528  
8251.1  0.00545  
8255.599999999999  0.00564  
8260.1  0.00567  
8264.5  0.00572  
8269.0  0.00594  
8273.4  0.00607  
8277.9  0.0062  
8282.3  0.0064  
8286.8  0.00673  
8291.3  0.00708  
8295.7  0.00735  
8300.2  0.00766  
8304.6  0.00798  
8309.1  0.00818  
8313.6  0.00846  
8318.0  0.0088  
8322.5  0.00908  
8326.900000000001  0.00944  
8331.4  0.00985  
8335.9  0.0102  
8340.3  0.01063  
8344.8  0.01126  
8349.199999999999  0.01195  
8353.7  0.01257  
8358.2  0.01333  
8362.6  0.01437  
8367.1  0.01544  
8371.6  0.01663  
8376.0  0.01793  
8380.5  0.01913  
8385.0  0.02062  
8389.400000000001  0.02252  
8393.9  0.02484  
8398.300000000001  0.02748  
8402.8  0.03041  
8407.3  0.03379  
8411.699999999999  0.0376  
8416.2  0.04188  
8420.7  0.04709  
8425.1  0.05337  
8429.6  0.06045  
8434.1  0.0679  
8438.5  0.07636  
8443.0  0.08649  
8447.5  0.09796  
8451.900000000001  0.11079  
8456.4  0.12475  
8460.9  0.13972  
8465.4  0.15645  
8469.8  0.17535  
8474.3  0.19589  
8478.8  0.21796  
8483.2  0.24162  
8487.7  0.26671  
8492.2  0.29341  
8496.6  0.32201  
8501.1  0.35223  
8505.599999999999  0.38382  
8510.1  0.41636  
8514.5  0.44999  
8519.0  0.485  
8523.5  0.52072  
8527.9  0.55648  
8532.4  0.59214  
8536.900000000001  0.6273  
8541.4  0.66167  
8545.800000000001  0.69589  
8550.3  0.72928  
8554.8  0.76058  
8559.3  0.78982  
8563.7  0.81893  
8568.2  0.8462  
8572.7  0.86941  
8577.2  0.88983  
8581.6  0.90924  
8586.1  0.92649  
8590.599999999999  0.94129  
8595.1  0.95378  
8599.5  0.96394  
8604.0  0.972  
8608.5  0.97791  
8613.0  0.98322  
8617.5  0.98757  
8621.900000000001  0.99053  
8626.4  0.99193  
8630.9  0.99234  
8635.4  0.99329  
8639.8  0.9944  
8644.3  0.99357  
8648.8  0.99256  
8653.300000000001  0.99245  
8657.8  0.99277  
8662.2  0.99313  
8666.699999999999  0.99297  
8671.2  0.99243  
8675.7  0.99187  
8680.2  0.99215  
8684.6  0.99208  
8689.1  0.99188  
8693.6  0.99226  
8698.099999999999  0.99216  
8702.6  0.99139  
8707.1  0.99183  
8711.5  0.99299  
8716.0  0.99323  
8720.5  0.99146  
8725.0  0.99007  
8729.5  0.99084  
8734.0  0.99224  
8738.4  0.99246  
8742.9  0.9914  
8747.4  0.99078  
8751.900000000001  0.99049  
8756.4  0.99127  
8760.9  0.9919  
8765.4  0.99165  
8769.8  0.99191  
8774.3  0.99242  
8778.8  0.99244  
8783.300000000001  0.99261  
8787.8  0.99325  
8792.3  0.99336  
8796.8  0.99315  
8801.3  0.99254  
8805.7  0.99162  
8810.2  0.99111  
8814.7  0.99147  
8819.199999999999  0.99152  
8823.7  0.99156  
8828.2  0.99177  
8832.7  0.992  
8837.2  0.99215  
8841.699999999999  0.99116  
8846.1  0.99021  
8850.599999999999  0.99061  
8855.1  0.99105  
8859.6  0.99061  
8864.1  0.99085  
8868.6  0.99089  
8873.099999999999  0.9909  
8877.6  0.99166  
8882.1  0.99273  
8886.6  0.99264  
8891.1  0.99116  
8895.5  0.98998  
8900.0  0.99015  
8904.5  0.99127  
8909.0  0.99183  
8913.5  0.99124  
8918.0  0.99099  
8922.5  0.99155  
8927.0  0.9921  
8931.5  0.99119  
8936.0  0.99037  
8940.5  0.99028  
8945.0  0.99018  
8949.5  0.99054  
8954.0  0.99081  
8958.5  0.99073  
8963.0  0.9901  
8967.5  0.98954  
8972.0  0.99025  
8976.5  0.99074  
8981.0  0.99023  
8985.4  0.98999  
8989.9  0.99022  
8994.400000000001  0.99017  
8998.9  0.99036  
9003.4  0.99096  
9007.9  0.99143  
9012.4  0.99182  
9016.900000000001  0.99194  
9021.4  0.99182  
9025.9  0.99194  
9030.4  0.99262  
9034.9  0.99294  
9039.400000000001  0.99263  
9043.9  0.99197  
9048.4  0.99236  
9052.9  0.99288  
9057.4  0.99268  
9061.900000000001  0.99229  
9066.4  0.99262  
9070.9  0.99235  
9075.4  0.9916  
9079.9  0.9917  
9084.400000000001  0.99244  
9088.9  0.99272  
9093.4  0.99228  
9098.0  0.99172  
9102.5  0.99158  
9107.0  0.99126  
9111.5  0.99032  
9116.0  0.98956  
9120.5  0.98945  
9125.0  0.98939  
9129.5  0.98987  
9134.0  0.9898  
9138.5  0.98894  
9143.0  0.98807  
9147.5  0.98708  
9152.0  0.9853  
9156.5  0.98387  
9161.0  0.9832  
9165.5  0.98243  
9170.0  0.98112  
9174.5  0.97958  
9179.0  0.97746  
9183.5  0.97428  
9188.099999999999  0.97131  
9192.6  0.9686  
9197.1  0.96502  
9201.6  0.96143  
9206.1  0.9572  
9210.599999999999  0.95138  
9215.1  0.94559  
9219.6  0.93949  
9224.1  0.93173  
9228.6  0.92343  
9233.099999999999  0.91544  
9237.6  0.90527  
9242.2  0.89303  
9246.699999999999  0.88011  
9251.2  0.8663  
9255.7  0.85005  
9260.2  0.83349  
9264.7  0.81649  
9269.199999999999  0.79601  
9273.7  0.77327  
9278.2  0.75057  
9282.7  0.72592  
9287.3  0.69801  
9291.8  0.66897  
9296.3  0.63885  
9300.800000000001  0.60681  
9305.3  0.57416  
9309.8  0.5417  
9314.3  0.50838  
9318.8  0.4745  
9323.4  0.44015  
9327.9  0.40601  
9332.4  0.37249  
9336.900000000001  0.34039  
9341.4  0.30996  
9345.9  0.28097  
9350.4  0.25376  
9355.0  0.22864  
9359.5  0.20513  
9364.0  0.18335  
9368.5  0.16403  
9373.0  0.14687  
9377.5  0.13208  
9382.0  0.11893  
9386.6  0.1067  
9391.1  0.09512  
9395.599999999999  0.08467  
9400.1  0.07567  
9404.6  0.06831  
9409.1  0.06203  
9413.7  0.05639  
9418.2  0.05035  
9422.7  0.04421  
9427.2  0.03985  
9431.699999999999  0.03658  
9436.2  0.0329  
9440.800000000001  0.02982  
9445.3  0.02659  
9449.8  0.02341  
9454.3  0.02106  
9458.8  0.01882  
9463.4  0.01724  
9467.9  0.01608  
9472.4  0.01474  
9476.900000000001  0.01307  
9481.4  0.01136  
9485.9  0.0106  
9490.5  0.00948  
9495.0  0.00801  
9499.5  0.00674  
9504.0  0.00627  
9508.6  0.00586  
9513.099999999999  0.00542  
9517.6  0.00471  
9522.1  0.00463  
9526.6  0.00484  
9531.2  0.00427  
9535.7  0.00386  
9540.2  0.00343  
9544.7  0.0035  
9549.199999999999  0.00403  
9553.8  0.00403  
9558.300000000001  0.0033  
9562.8  0.00254  
9567.3  0.00207  
9571.900000000001  0.00184  
9576.4  0.00226  
9580.9  0.00245  
9585.4  0.00196  
9590.0  0.00154  
9594.5  0.00116  
9599.0  0.00119  

