@MEASUREMENT_RADIUS 28.0 cm
#lambda:
#tr:
#end
8002.1  0.00384  
8006.5  0.0038  
8010.900000000001  0.00378  
8015.4  0.00399  
8019.8  0.00406  
8024.299999999999  0.00393  
8028.7  0.00385  
8033.099999999999  0.00401  
8037.6  0.00397  
8042.0  0.00371  
8046.5  0.00379  
8050.900000000001  0.00404  
8055.4  0.00389  
8059.8  0.00372  
8064.2  0.0038  
8068.7  0.00386  
8073.099999999999  0.00399  
8077.6  0.00413  
8082.0  0.00405  
8086.5  0.00401  
8090.900000000001  0.00401  
8095.4  0.00391  
8099.8  0.0039  
8104.299999999999  0.00406  
8108.7  0.00418  
8113.099999999999  0.00421  
8117.6  0.00409  
8122.0  0.00405  
8126.5  0.00415  
8130.900000000001  0.00417  
8135.4  0.00407  
8139.8  0.00386  
8144.299999999999  0.00385  
8148.7  0.00414  
8153.200000000001  0.00417  
8157.6  0.00399  
8162.1  0.004  
8166.5  0.00404  
8171.0  0.00409  
8175.4  0.0041  
8179.9  0.0042  
8184.299999999999  0.00436  
8188.8  0.00444  
8193.2  0.00445  
8197.7  0.00431  
8202.2  0.00408  
8206.6  0.00403  
8211.1  0.00412  
8215.5  0.00434  
8220.0  0.00455  
8224.400000000001  0.00464  
8228.9  0.00459  
8233.300000000001  0.0046  
8237.8  0.00476  
8242.2  0.00497  
8246.699999999999  0.00513  
8251.1  0.00535  
8255.599999999999  0.00547  
8260.1  0.0054  
8264.5  0.00548  
8269.0  0.00567  
8273.4  0.00575  
8277.9  0.00597  
8282.3  0.0064  
8286.8  0.00669  
8291.3  0.00682  
8295.7  0.00698  
8300.2  0.00727  
8304.6  0.00753  
8309.1  0.00792  
8313.6  0.00826  
8318.0  0.0085  
8322.5  0.00883  
8326.900000000001  0.00919  
8331.4  0.00963  
8335.9  0.01023  
8340.3  0.01062  
8344.8  0.01079  
8349.199999999999  0.01136  
8353.7  0.0122  
8358.2  0.01299  
8362.6  0.01386  
8367.1  0.0145  
8371.6  0.01535  
8376.0  0.01673  
8380.5  0.0181  
8385.0  0.01956  
8389.400000000001  0.02126  
8393.9  0.02333  
8398.300000000001  0.02595  
8402.8  0.02878  
8407.3  0.03166  
8411.699999999999  0.03535  
8416.2  0.03981  
8420.7  0.04474  
8425.1  0.05017  
8429.6  0.05639  
8434.1  0.06358  
8438.5  0.07192  
8443.0  0.08116  
8447.5  0.09147  
8451.900000000001  0.10321  
8456.4  0.11655  
8460.9  0.13143  
8465.4  0.14753  
8469.8  0.16484  
8474.3  0.18365  
8478.8  0.20461  
8483.2  0.22753  
8487.7  0.25175  
8492.2  0.27745  
8496.6  0.30486  
8501.1  0.33326  
8505.599999999999  0.36264  
8510.1  0.39379  
8514.5  0.4266  
8519.0  0.45978  
8523.5  0.49308  
8527.9  0.52714  
8532.4  0.56101  
8536.900000000001  0.59468  
8541.4  0.62792  
8545.800000000001  0.65976  
8550.3  0.69077  
8554.8  0.72086  
8559.3  0.74914  
8563.7  0.77662  
8568.2  0.80229  
8572.7  0.82446  
8577.2  0.84413  
8581.6  0.86263  
8586.1  0.87881  
8590.599999999999  0.89293  
8595.1  0.90538  
8599.5  0.91567  
8604.0  0.92327  
8608.5  0.92848  
8613.0  0.93289  
8617.5  0.9371  
8621.900000000001  0.94089  
8626.4  0.9423  
8630.9  0.94221  
8635.4  0.94245  
8639.8  0.94375  
8644.3  0.94389  
8648.8  0.94341  
8653.300000000001  0.94316  
8657.8  0.94288  
8662.2  0.94305  
8666.699999999999  0.94317  
8671.2  0.94274  
8675.7  0.94216  
8680.2  0.94224  
8684.6  0.94223  
8689.1  0.94226  
8693.6  0.94227  
8698.099999999999  0.94247  
8702.6  0.9427  
8707.1  0.9427  
8711.5  0.94286  
8716.0  0.94254  
8720.5  0.94152  
8725.0  0.94093  
8729.5  0.94111  
8734.0  0.9415  
8738.4  0.94164  
8742.9  0.94175  
8747.4  0.94209  
8751.900000000001  0.94181  
8756.4  0.94104  
8760.9  0.94108  
8765.4  0.94183  
8769.8  0.94256  
8774.3  0.94256  
8778.8  0.94193  
8783.300000000001  0.94234  
8787.8  0.94404  
8792.3  0.94364  
8796.8  0.94272  
8801.3  0.94326  
8805.7  0.94352  
8810.2  0.9424  
8814.7  0.94159  
8819.199999999999  0.94138  
8823.7  0.94223  
8828.2  0.943  
8832.7  0.94245  
8837.2  0.94115  
8841.699999999999  0.94053  
8846.1  0.94111  
8850.599999999999  0.94151  
8855.1  0.9415  
8859.6  0.94114  
8864.1  0.94151  
8868.6  0.94171  
8873.099999999999  0.94139  
8877.6  0.94154  
8882.1  0.94174  
8886.6  0.94154  
8891.1  0.94113  
8895.5  0.94113  
8900.0  0.94127  
8904.5  0.94111  
8909.0  0.94106  
8913.5  0.9413  
8918.0  0.94119  
8922.5  0.94129  
8927.0  0.94181  
8931.5  0.94157  
8936.0  0.94121  
8940.5  0.94156  
8945.0  0.94215  
8949.5  0.94181  
8954.0  0.94128  
8958.5  0.94138  
8963.0  0.94138  
8967.5  0.94053  
8972.0  0.9404  
8976.5  0.94044  
8981.0  0.94005  
8985.4  0.94039  
8989.9  0.94105  
8994.400000000001  0.94118  
8998.9  0.94141  
9003.4  0.94143  
9007.9  0.94156  
9012.4  0.94241  
9016.900000000001  0.94278  
9021.4  0.94348  
9025.9  0.94362  
9030.4  0.94296  
9034.9  0.94281  
9039.400000000001  0.94348  
9043.9  0.9438  
9048.4  0.94405  
9052.9  0.94353  
9057.4  0.94281  
9061.900000000001  0.94303  
9066.4  0.94393  
9070.9  0.94331  
9075.4  0.94299  
9079.9  0.94375  
9084.400000000001  0.94368  
9088.9  0.94353  
9093.4  0.94308  
9098.0  0.9417  
9102.5  0.9415  
9107.0  0.9421  
9111.5  0.94139  
9116.0  0.94093  
9120.5  0.94056  
9125.0  0.93942  
9129.5  0.93932  
9134.0  0.93963  
9138.5  0.93919  
9143.0  0.93899  
9147.5  0.93804  
9152.0  0.93607  
9156.5  0.93519  
9161.0  0.93494  
9165.5  0.93478  
9170.0  0.93329  
9174.5  0.93028  
9179.0  0.92761  
9183.5  0.92577  
9188.099999999999  0.92484  
9192.6  0.9223  
9197.1  0.91708  
9201.6  0.91225  
9206.1  0.90827  
9210.599999999999  0.90358  
9215.1  0.89843  
9219.6  0.89194  
9224.1  0.88527  
9228.6  0.87834  
9233.099999999999  0.87066  
9237.6  0.8608  
9242.2  0.84947  
9246.699999999999  0.83733  
9251.2  0.82452  
9255.7  0.8096  
9260.2  0.79279  
9264.7  0.7762  
9269.199999999999  0.75724  
9273.7  0.73554  
9278.2  0.71371  
9282.7  0.69007  
9287.3  0.66427  
9291.8  0.63752  
9296.3  0.60906  
9300.800000000001  0.57875  
9305.3  0.54802  
9309.8  0.51643  
9314.3  0.48354  
9318.8  0.45104  
9323.4  0.4189  
9327.9  0.38694  
9332.4  0.35564  
9336.900000000001  0.3251  
9341.4  0.2954  
9345.9  0.26712  
9350.4  0.24102  
9355.0  0.21738  
9359.5  0.19515  
9364.0  0.17433  
9368.5  0.15653  
9373.0  0.14046  
9377.5  0.12549  
9382.0  0.11269  
9386.6  0.10095  
9391.1  0.08967  
9395.599999999999  0.08013  
9400.1  0.07226  
9404.6  0.06498  
9409.1  0.05833  
9413.7  0.05251  
9418.2  0.04692  
9422.7  0.04215  
9427.2  0.03858  
9431.699999999999  0.03468  
9436.2  0.03063  
9440.800000000001  0.02639  
9445.3  0.02382  
9449.8  0.02296  
9454.3  0.02115  
9458.8  0.01783  
9463.4  0.01544  
9467.9  0.01447  
9472.4  0.01357  
9476.900000000001  0.01206  
9481.4  0.01043  
9485.9  0.00926  
9490.5  0.00835  
9495.0  0.00749  
9499.5  0.0068  
9504.0  0.00632  
9508.6  0.00486  
9513.099999999999  0.00334  
9517.6  0.00421  
9522.1  0.00525  
9526.6  0.00411  
9531.2  0.00331  
9535.7  0.00385  
9540.2  0.00417  
9544.7  0.00389  
9549.199999999999  0.00275  
9553.8  0.00251  
9558.300000000001  0.00237  
9562.8  0.0023  
9567.3  0.00205  
9571.900000000001  0.00135  
9576.4  0.00157  
9580.9  0.00201  
9585.4  0.00225  
9590.0  0.00203  
9594.5  0.00274  
9599.0  0.00238  

